@page size 600,600
@view 0.12,0.1,0.97,0.93
@subtitle "PHOENIX module phox, 01/25/18 at 12:59:45 -08:00"
@xaxes scale Normal
@yaxes scale Normal
@xaxis label "energy (meV)"
@yaxis label "partial phonon DOS (1/eV)"
@s0 errorbar size 0.0
@type xydy
  0.00000E+00  0.00000E+00  0.00000E+00
  2.49083E-01  1.13026E-02  7.79112E-03
  4.98167E-01  4.33630E-02  2.36975E-02
  7.47250E-01  9.61673E-02  3.79824E-02
  9.96333E-01  1.76966E-01  4.93632E-02
  1.24542E+00  2.91283E-01  6.03070E-02
  1.49450E+00  4.34128E-01  7.33775E-02
  1.74358E+00  5.96704E-01  8.60177E-02
  1.99267E+00  7.71836E-01  9.42815E-02
  2.24175E+00  9.59869E-01  1.00702E-01
  2.49083E+00  1.16922E+00  1.13700E-01
  2.73992E+00  1.39175E+00  1.30270E-01
  2.98900E+00  1.60998E+00  1.39642E-01
  3.23808E+00  1.85720E+00  1.51807E-01
  3.48717E+00  2.19035E+00  1.74640E-01
  3.73625E+00  2.57701E+00  1.95164E-01
  3.98533E+00  2.95596E+00  2.18944E-01
  4.23442E+00  3.33775E+00  2.51828E-01
  4.48350E+00  3.69714E+00  2.68153E-01
  4.73258E+00  4.03613E+00  2.92906E-01
  4.98167E+00  4.45277E+00  3.29475E-01
  5.23075E+00  4.91224E+00  3.58618E-01
  5.47983E+00  5.30748E+00  3.72792E-01
  5.72892E+00  5.75328E+00  4.15665E-01
  5.97800E+00  6.35754E+00  4.55894E-01
  6.22708E+00  6.90896E+00  4.66112E-01
  6.47617E+00  7.31461E+00  5.07946E-01
  6.72525E+00  7.78826E+00  5.55977E-01
  6.97433E+00  8.42206E+00  5.93133E-01
  7.22342E+00  9.17363E+00  6.55475E-01
  7.47250E+00  1.00420E+01  7.23373E-01
  7.72158E+00  1.09510E+01  7.66624E-01
  7.97067E+00  1.16902E+01  7.87261E-01
  8.21975E+00  1.22293E+01  8.30605E-01
  8.46883E+00  1.26860E+01  8.94013E-01
  8.71792E+00  1.29994E+01  9.37874E-01
  8.96700E+00  1.32969E+01  9.65607E-01
  9.21608E+00  1.41174E+01  1.03161E+00
  9.46517E+00  1.55922E+01  1.08901E+00
  9.71425E+00  1.69653E+01  1.15116E+00
  9.96333E+00  1.76341E+01  1.20169E+00
  1.02124E+01  1.81686E+01  1.24716E+00
  1.04615E+01  1.93972E+01  1.33215E+00
  1.07106E+01  2.08419E+01  1.41050E+00
  1.09597E+01  2.15214E+01  1.46823E+00
  1.12087E+01  2.20278E+01  1.46587E+00
  1.14578E+01  2.36968E+01  1.61753E+00
  1.17069E+01  2.57855E+01  1.74436E+00
  1.19560E+01  2.64704E+01  1.70152E+00
  1.22051E+01  2.66976E+01  1.74678E+00
  1.24542E+01  2.85707E+01  1.86900E+00
  1.27032E+01  3.14682E+01  2.03616E+00
  1.29523E+01  3.36776E+01  2.13440E+00
  1.32014E+01  3.49819E+01  2.18564E+00
  1.34505E+01  3.58947E+01  2.24263E+00
  1.36996E+01  3.61948E+01  2.23778E+00
  1.39487E+01  3.61584E+01  2.24484E+00
  1.41977E+01  3.71677E+01  2.39530E+00
  1.44468E+01  3.89355E+01  2.47371E+00
  1.46959E+01  4.05596E+01  2.56532E+00
  1.49450E+01  4.25665E+01  2.64022E+00
  1.51941E+01  4.55172E+01  2.77439E+00
  1.54432E+01  4.99855E+01  3.01061E+00
  1.56922E+01  5.59182E+01  3.25271E+00
  1.59413E+01  6.11854E+01  3.39265E+00
  1.61904E+01  6.31458E+01  3.35271E+00
  1.64395E+01  6.30922E+01  3.44997E+00
  1.66886E+01  6.50724E+01  3.59893E+00
  1.69377E+01  6.86278E+01  3.68943E+00
  1.71867E+01  7.02408E+01  3.75371E+00
  1.74358E+01  7.08570E+01  3.90607E+00
  1.76849E+01  7.45680E+01  4.10983E+00
  1.79340E+01  8.17334E+01  4.40126E+00
  1.81831E+01  8.79272E+01  4.50583E+00
  1.84322E+01  8.99415E+01  4.50669E+00
  1.86812E+01  9.00292E+01  4.62272E+00
  1.89303E+01  9.25505E+01  4.83809E+00
  1.91794E+01  9.79546E+01  4.99651E+00
  1.94285E+01  1.03372E+02  5.16878E+00
  1.96776E+01  1.08068E+02  5.30620E+00
  1.99267E+01  1.13840E+02  5.56866E+00
  2.01757E+01  1.19920E+02  5.69060E+00
  2.04248E+01  1.22738E+02  5.65894E+00
  2.06739E+01  1.22771E+02  5.61274E+00
  2.09230E+01  1.23981E+02  5.78175E+00
  2.11721E+01  1.26667E+02  6.03591E+00
  2.14212E+01  1.28708E+02  6.11721E+00
  2.16702E+01  1.30175E+02  6.07192E+00
  2.19193E+01  1.30776E+02  6.18855E+00
  2.21684E+01  1.29262E+02  6.17465E+00
  2.24175E+01  1.27396E+02  6.26005E+00
  2.26666E+01  1.27353E+02  6.41828E+00
  2.29157E+01  1.26613E+02  6.41206E+00
  2.31647E+01  1.23614E+02  6.39852E+00
  2.34138E+01  1.22841E+02  6.39012E+00
  2.36629E+01  1.27084E+02  6.64099E+00
  2.39120E+01  1.31449E+02  6.82058E+00
  2.41611E+01  1.30395E+02  6.61507E+00
  2.44102E+01  1.26974E+02  6.68407E+00
  2.46592E+01  1.27603E+02  6.95203E+00
  2.49083E+01  1.32554E+02  7.15508E+00
  2.51574E+01  1.38486E+02  7.39300E+00
  2.54065E+01  1.42478E+02  7.38326E+00
  2.56556E+01  1.43318E+02  7.38230E+00
  2.59047E+01  1.42948E+02  7.51279E+00
  2.61537E+01  1.43030E+02  7.69181E+00
  2.64028E+01  1.42706E+02  7.73175E+00
  2.66519E+01  1.41771E+02  7.81218E+00
  2.69010E+01  1.40704E+02  7.62091E+00
  2.71501E+01  1.39417E+02  7.58419E+00
  2.73992E+01  1.38541E+02  7.77334E+00
  2.76482E+01  1.39410E+02  7.99249E+00
  2.78973E+01  1.41537E+02  8.33647E+00
  2.81464E+01  1.41197E+02  8.14216E+00
  2.83955E+01  1.37378E+02  7.77721E+00
  2.86446E+01  1.32664E+02  7.91456E+00
  2.88937E+01  1.25954E+02  7.73181E+00
  2.91427E+01  1.17887E+02  7.43831E+00
  2.93918E+01  1.14646E+02  7.68305E+00
  2.96409E+01  1.16442E+02  7.97876E+00
  2.98900E+01  1.17635E+02  7.97581E+00
  3.01391E+01  1.16446E+02  7.69592E+00
  3.03882E+01  1.15210E+02  7.64750E+00
  3.06372E+01  1.14602E+02  7.71695E+00
  3.08863E+01  1.13335E+02  7.97419E+00
  3.11354E+01  1.13229E+02  8.12121E+00
  3.13845E+01  1.14956E+02  7.88536E+00
  3.16336E+01  1.16090E+02  8.10812E+00
  3.18827E+01  1.18243E+02  8.39031E+00
  3.21317E+01  1.23349E+02  8.67079E+00
  3.23808E+01  1.26690E+02  8.55294E+00
  3.26299E+01  1.25705E+02  8.47845E+00
  3.28790E+01  1.28648E+02  9.01077E+00
  3.31281E+01  1.41297E+02  9.54518E+00
  3.33772E+01  1.57570E+02  9.72499E+00
  3.36262E+01  1.69054E+02  1.03381E+01
  3.38753E+01  1.71940E+02  1.03748E+01
  3.41244E+01  1.69744E+02  1.02318E+01
  3.43735E+01  1.70436E+02  1.03909E+01
  3.46226E+01  1.77976E+02  1.04513E+01
  3.48717E+01  1.87822E+02  1.12141E+01
  3.51207E+01  1.91034E+02  1.09998E+01
  3.53698E+01  1.88299E+02  1.08000E+01
  3.56189E+01  1.84938E+02  1.08192E+01
  3.58680E+01  1.73838E+02  1.02151E+01
  3.61171E+01  1.50754E+02  9.65074E+00
  3.63662E+01  1.27866E+02  9.19778E+00
  3.66152E+01  1.14069E+02  8.63072E+00
  3.68643E+01  1.02332E+02  8.40983E+00
  3.71134E+01  8.47269E+01  7.71684E+00
  3.73625E+01  6.66093E+01  7.10821E+00
  3.76116E+01  5.52626E+01  6.76352E+00
  3.78607E+01  4.63932E+01  6.23005E+00
  3.81097E+01  3.46276E+01  5.82286E+00
  3.83588E+01  2.22888E+01  5.01080E+00
  3.86079E+01  1.28698E+01  4.37080E+00
  3.88570E+01  7.33879E+00  4.62108E+00
  3.91061E+01  5.26827E+00  4.26526E+00
  3.93552E+01  4.15812E+00  3.98920E+00
  3.96042E+01  2.16728E+00  4.12874E+00
  3.98533E+01  1.27315E+00  4.12220E+00
  4.01024E+01  2.82230E+00  4.51540E+00
  4.03515E+01  4.00653E+00  4.39343E+00
  4.06006E+01  3.17512E+00  4.48557E+00
  4.08497E+01  2.55586E+00  4.44380E+00
  4.10987E+01  3.58389E+00  4.48946E+00
  4.13478E+01  4.55793E+00  4.94462E+00
  4.15969E+01  3.66039E+00  4.52927E+00
  4.18460E+01  1.88702E+00  4.27540E+00
  4.20951E+01  8.52829E-01  4.32037E+00
  4.23442E+01  1.07878E+00  4.47983E+00
  4.25932E+01  2.43125E+00  4.86796E+00
  4.28423E+01  2.91429E+00  4.66778E+00
  4.30914E+01  2.25713E+00  4.50430E+00
  4.33405E+01  3.64840E+00  4.96863E+00
  4.35896E+01  6.09859E+00  5.22004E+00
  4.38387E+01  5.14070E+00  4.67938E+00
  4.40877E+01  3.13195E+00  4.52553E+00
  4.43368E+01  4.77628E+00  4.63159E+00
  4.45859E+01  6.09925E+00  5.01139E+00
  4.48350E+01  3.03364E+00  4.81597E+00
  4.50841E+01  5.88386E-01  4.47734E+00
  4.53332E+01  2.55201E+00  4.84562E+00
  4.55822E+01  3.80884E+00  5.22644E+00
  4.58313E+01  5.45029E-01  4.75138E+00
  4.60804E+01 -9.62076E-01  4.19106E+00
  4.63295E+01  2.78034E+00  5.09873E+00
  4.65786E+01  4.98230E+00  5.42866E+00
  4.68277E+01  3.34978E+00  5.17249E+00
  4.70767E+01  2.61705E+00  5.19712E+00
  4.73258E+01  3.25216E+00  5.17515E+00
  4.75749E+01  3.18297E+00  5.18094E+00
  4.78240E+01  2.36170E+00  5.10255E+00
  4.80731E+01  6.60330E-01  5.02287E+00
  4.83222E+01 -1.12135E+00  4.66229E+00
  4.85712E+01 -1.01562E+00  5.00175E+00
  4.88203E+01 -2.57330E-01  5.17255E+00
  4.90694E+01 -1.16061E+00  4.75505E+00
  4.93185E+01 -2.19165E+00  4.79815E+00
  4.95676E+01 -8.87720E-01  4.83875E+00
  4.98167E+01  1.94515E+00  5.56628E+00
  5.00657E+01  2.68623E+00  5.44821E+00
  5.03148E+01  9.98650E-02  4.68077E+00
  5.05639E+01 -2.21487E+00  4.74783E+00
  5.08130E+01 -1.22793E+00  5.08895E+00
  5.10621E+01  2.83670E+00  5.87296E+00
  5.13112E+01  6.39322E+00  6.26784E+00
  5.15602E+01  3.95239E+00  5.67318E+00
  5.18093E+01 -2.27749E+00  4.28684E+00
  5.20584E+01 -3.44954E+00  5.03891E+00
  5.23075E+01  9.30462E-01  6.18458E+00
  5.25566E+01  4.47983E+00  5.69329E+00
  5.28057E+01  5.07783E+00  5.95270E+00
  5.30547E+01  3.36863E+00  5.76933E+00
  5.33038E+01  4.81355E-01  4.30702E+00
  5.35529E+01 -2.57394E-01  5.03902E+00
  5.38020E+01  2.20585E+00  5.68955E+00
  5.40511E+01  3.83560E+00  5.53754E+00
  5.43002E+01  1.46619E+00  5.58567E+00
  5.45492E+01 -3.12336E+00  4.84914E+00
  5.47983E+01 -5.32787E+00  4.64029E+00
  5.50474E+01 -4.61436E+00  5.44985E+00
  5.52965E+01 -4.38950E+00  5.32856E+00
  5.55456E+01 -5.25576E+00  4.45260E+00
  5.57947E+01 -5.31815E+00  4.46707E+00
  5.60437E+01 -3.39662E+00  5.18438E+00
  5.62928E+01 -6.41049E-01  5.25909E+00
  5.65419E+01  9.57572E-01  5.52684E+00
  5.67910E+01  1.10808E+00  5.55675E+00
  5.70401E+01  4.47481E-01  4.35970E+00
  5.72892E+01 -1.99539E-01  4.35331E+00
  5.75382E+01 -2.36314E-01  5.46650E+00
  5.77873E+01  7.90881E-01  4.92710E+00
  5.80364E+01  4.14645E+00  5.12664E+00
  5.82855E+01  9.78490E+00  6.85750E+00
  5.85346E+01  1.29115E+01  6.42734E+00
  5.87837E+01  9.12896E+00  5.57256E+00
  5.90327E+01  5.61954E-01  4.89551E+00
  5.92818E+01 -5.17788E+00  3.83096E+00
  5.95309E+01 -4.52381E+00  5.11925E+00
  5.97800E+01 -3.32301E+00  4.76661E+00
  6.00291E+01 -4.02281E+00  4.40402E+00
  6.02782E+01 -2.68318E+00  5.03976E+00
  6.05272E+01 -8.66527E-01  5.05150E+00
  6.07763E+01 -1.60554E+00  4.90585E+00
  6.10254E+01 -2.17896E+00  4.72055E+00
  6.12745E+01 -1.55984E+00  4.81285E+00
  6.15236E+01 -3.02949E+00  4.17401E+00
  6.17727E+01 -5.55308E+00  3.38409E+00
  6.20217E+01 -3.36618E+00  4.46387E+00
  6.22708E+01  2.14094E+00  5.48546E+00
  6.25199E+01  2.33427E+00  5.17611E+00
  6.27690E+01 -3.04382E+00  4.36793E+00
  6.30181E+01 -5.94447E+00  3.98691E+00
  6.32672E+01 -5.58148E+00  3.96403E+00
  6.35162E+01 -7.29223E+00  3.64869E+00
  6.37653E+01 -1.03771E+01  2.87070E+00
  6.40144E+01 -9.55474E+00  3.07453E+00
  6.42635E+01 -5.27041E+00  4.04009E+00
  6.45126E+01 -2.29357E+00  4.85629E+00
  6.47617E+01 -4.07020E-01  4.51807E+00
  6.50107E+01  2.75241E+00  4.68157E+00
  6.52598E+01  4.66463E+00  5.01353E+00
  6.55089E+01  3.08497E+00  4.94144E+00
  6.57580E+01  1.40254E+00  4.58909E+00
  6.60071E+01  2.42786E+00  4.67400E+00
  6.62562E+01  3.03628E+00  4.87182E+00
  6.65052E+01  6.37958E-01  3.92365E+00
  6.67543E+01 -3.57700E-01  3.94313E+00
  6.70034E+01  3.91040E+00  4.39157E+00
  6.72525E+01  8.60408E+00  5.05049E+00
  6.75016E+01  8.67787E+00  5.15099E+00
  6.77507E+01  6.07222E+00  4.85390E+00
  6.79997E+01  3.79775E+00  5.26519E+00
  6.82488E+01  2.76484E+00  4.76555E+00
  6.84979E+01  2.76783E+00  4.02436E+00
  6.87470E+01  1.66019E+00  4.49749E+00
  6.89961E+01 -1.37455E+00  4.04256E+00
  6.92452E+01 -3.99807E+00  3.08816E+00
  6.94942E+01 -5.23999E+00  2.80094E+00
  6.97433E+01 -4.40056E+00  3.17731E+00
  6.99924E+01 -9.85708E-01  4.10689E+00
  7.02415E+01  2.48730E+00  5.43714E+00
  7.04906E+01  2.69449E+00  5.23773E+00
  7.07397E+01  1.15326E-01  4.17194E+00
  7.09887E+01 -2.03111E+00  3.77820E+00
  7.12378E+01 -2.98363E+00  3.16523E+00
  7.14869E+01 -2.97990E+00  3.56685E+00
  7.17360E+01 -2.98537E+00  3.87903E+00
  7.19851E+01 -3.28864E+00  4.55461E+00
  7.22342E+01 -1.13075E+00  4.48290E+00
  7.24832E+01  3.12897E+00  4.45877E+00
  7.27323E+01  4.76240E+00  5.63775E+00
  7.29814E+01  1.38266E+00  4.59945E+00
  7.32305E+01 -2.49577E+00  2.38297E+00
  7.34796E+01 -7.08057E-01  3.16894E+00
  7.37287E+01  4.08378E+00  4.09185E+00
  7.39777E+01  3.85338E+00  4.06256E+00
  7.42268E+01 -3.75850E-01  4.59067E+00
  7.44759E+01 -1.83716E+00  4.56485E+00
  7.47250E+01 -1.62918E+00  3.52518E+00
  7.49741E+01 -2.44369E+00  3.27901E+00
  7.52232E+01 -2.28953E+00  3.22368E+00
  7.54722E+01  7.47872E-01  3.47946E+00
  7.57213E+01  6.15590E+00  5.49281E+00
  7.59704E+01  9.51430E+00  5.41701E+00
  7.62195E+01  6.82505E+00  3.23147E+00
  7.64686E+01  6.74463E-01  1.63060E+00
  7.67177E+01 -2.85965E+00  3.46883E+00
  7.69667E+01 -1.61811E+00  4.72265E+00
  7.72158E+01 -3.21538E-01  4.39078E+00
  7.74649E+01 -2.79783E+00  3.20145E+00
  7.77140E+01 -5.02623E+00  3.30392E+00
  7.79631E+01 -5.05379E+00  3.43945E+00
  7.82122E+01 -5.18603E+00  3.30557E+00
  7.84612E+01 -3.84492E+00  4.39775E+00
  7.87103E+01  3.57559E-01  4.33756E+00
  7.89594E+01  4.88883E+00  5.11674E+00
  7.92085E+01  5.83373E+00  5.00446E+00
  7.94576E+01  2.42241E+00  3.48779E+00
  7.97067E+01 -2.13514E+00  3.48516E+00
  7.99557E+01 -4.91730E+00  3.38894E+00
  8.02048E+01 -3.61031E+00  2.99489E+00
  8.04539E+01 -4.94699E-01  3.88730E+00
  8.07030E+01  1.31473E-02  3.81680E+00
  8.09521E+01 -4.35449E-01  3.84221E+00
  8.12012E+01  1.19167E+00  4.29803E+00
  8.14502E+01  1.99226E+00  3.74738E+00
  8.16993E+01 -3.90203E-02  4.14708E+00
  8.19484E+01 -1.94000E+00  5.13909E+00
  8.21975E+01 -4.07587E+00  4.09326E+00
  8.24466E+01 -5.94220E+00  3.22207E+00
  8.26957E+01 -1.81680E+00  3.00098E+00
  8.29447E+01  8.44419E+00  3.89871E+00
  8.31938E+01  1.52030E+01  5.02050E+00
  8.34429E+01  1.05131E+01  4.87364E+00
  8.36920E+01  1.24208E-01  4.31521E+00
  8.39411E+01 -4.71700E+00  4.71603E+00
  8.41902E+01  2.08532E+00  4.83672E+00
  8.44392E+01  1.88090E+00  4.81448E+00
  8.46883E+01 -3.30233E-02  3.94994E+00
  8.49374E+01 -2.92227E+00  3.48681E+00
  8.51865E+01 -2.92078E+00  3.95319E+00
  8.54356E+01 -1.64730E+00  3.89601E+00
  8.56847E+01 -3.29716E+00  3.19090E+00
  8.59337E+01 -5.79887E+00  1.83069E+00
  8.61828E+01 -4.09135E+00  4.16508E+00
  8.64319E+01  8.19600E-01  5.20335E+00
  8.66810E+01  2.37407E+00  5.08237E+00
  8.69301E+01  2.70057E-01  4.00713E+00
  8.71792E+01  4.19947E-01  4.26422E+00
  8.74282E+01  2.47933E+00  5.19415E+00
  8.76773E+01  2.62559E+00  4.74284E+00
  8.79264E+01  2.08840E+00  4.81293E+00
  8.81755E+01  3.02738E+00  5.30438E+00
  8.84246E+01  4.24755E+00  5.41164E+00
  8.86737E+01  2.98882E+00  4.71604E+00
  8.89227E+01  2.77932E-02  4.51279E+00
  8.91718E+01 -1.59625E+00  4.08760E+00
  8.94209E+01 -2.57229E+00  2.92919E+00
  8.96700E+01 -3.71113E+00  4.23673E+00
  8.99191E+01 -3.08443E+00  4.07774E+00
  9.01682E+01 -1.09224E+00  4.29053E+00
  9.04172E+01 -3.51995E-01  4.68949E+00
  9.06663E+01 -2.51663E+00  2.82864E+00
  9.09154E+01 -6.46887E+00  1.76528E+00
  9.11645E+01 -8.66045E+00  2.35156E+00
  9.14136E+01 -8.37756E+00  2.71759E+00
  9.16627E+01 -7.14179E+00  2.76064E+00
  9.19117E+01 -3.84165E+00  4.74167E+00
  9.21608E+01  7.41589E-01  5.70995E+00
  9.24099E+01  2.74532E+00  5.15281E+00
  9.26590E+01  1.55794E+00  4.20441E+00
  9.29081E+01 -1.00973E-01  3.98635E+00
  9.31572E+01 -2.65067E-01  4.97542E+00
  9.34062E+01  2.82919E-01  4.57802E+00
  9.36553E+01 -1.08205E+00  4.13911E+00
  9.39044E+01 -4.68208E+00  3.05986E+00
  9.41535E+01 -7.62805E+00  1.83840E+00
  9.44026E+01 -7.03208E+00  2.86612E+00
  9.46517E+01 -2.73810E+00  4.41440E+00
  9.49007E+01  1.99135E+00  5.97864E+00
  9.51498E+01  3.46110E+00  5.54917E+00
  9.53989E+01  2.48515E+00  4.77981E+00
  9.56480E+01  3.03493E+00  5.76546E+00
  9.58971E+01  4.57529E+00  5.82863E+00
  9.61462E+01  3.14431E+00  4.87001E+00
  9.63952E+01 -1.63824E-01  4.39662E+00
  9.66443E+01 -2.44791E+00  3.76774E+00
  9.68934E+01 -3.06983E+00  4.64132E+00
  9.71425E+01 -1.80112E+00  5.27358E+00
  9.73916E+01  8.07350E-01  6.68255E+00
  9.76407E+01  2.50053E+00  6.85070E+00
  9.78897E+01 -1.24334E-01  7.15497E+00
  9.81388E+01 -4.83598E+00  5.46296E+00
  9.83879E+01 -1.16529E+00  6.48139E+00
  9.86370E+01  1.14009E+01  1.65511E+01
  9.88861E+01  1.64015E+01  1.64768E+01
  9.91352E+01  5.66252E+00  7.68445E+00
  9.93842E+01 -7.17299E+00  7.64708E-02
  9.96333E+01 -8.80755E+00  7.58778E-02
