@page size 600,600
@view 0.12,0.1,0.97,0.93
@subtitle "PHOENIX module phox, 01/25/18 at 12:59:45 -08:00"
@xaxes scale Normal
@yaxes scale Normal
@xaxis label "energy (meV)"
@yaxis label "two-phonon contribution (1/eV)"
@type xy
 -8.39411E+01 -2.53192E-05
 -8.36920E+01 -1.65638E-04
 -8.34429E+01  2.33269E-04
 -8.31938E+01  3.42056E-04
 -8.29447E+01 -1.36696E-05
 -8.26957E+01 -5.84547E-07
 -8.24466E+01  2.64514E-04
 -8.21975E+01  1.33248E-04
 -8.19484E+01 -3.81618E-05
 -8.16993E+01  1.27567E-04
 -8.14502E+01  1.78888E-04
 -8.12012E+01  4.40390E-05
 -8.09521E+01  7.20089E-05
 -8.07030E+01  1.67372E-04
 -8.04539E+01  1.66313E-04
 -8.02048E+01  1.58801E-04
 -7.99557E+01  1.45220E-04
 -7.97067E+01  9.63824E-05
 -7.94576E+01  1.30048E-04
 -7.92085E+01  2.22628E-04
 -7.89594E+01  1.84365E-04
 -7.87103E+01  8.24350E-05
 -7.84612E+01  8.53477E-05
 -7.82122E+01  1.49154E-04
 -7.79631E+01  2.15899E-04
 -7.77140E+01  2.38979E-04
 -7.74649E+01  1.29076E-04
 -7.72158E+01  2.51953E-05
 -7.69667E+01  8.00708E-05
 -7.67177E+01  9.40196E-05
 -7.64686E+01 -3.05587E-05
 -7.62195E+01  6.40380E-06
 -7.59704E+01  1.74494E-04
 -7.57213E+01  1.63056E-04
 -7.54722E+01  1.73277E-04
 -7.52232E+01  2.97932E-04
 -7.49741E+01  2.65608E-04
 -7.47250E+01  2.57112E-04
 -7.44759E+01  3.67888E-04
 -7.42268E+01  3.43404E-04
 -7.39777E+01  3.40969E-04
 -7.37287E+01  6.70725E-04
 -7.34796E+01  9.12222E-04
 -7.32305E+01  7.28354E-04
 -7.29814E+01  7.89199E-04
 -7.27323E+01  1.17905E-03
 -7.24832E+01  1.21071E-03
 -7.22342E+01  1.10120E-03
 -7.19851E+01  1.40051E-03
 -7.17360E+01  1.81539E-03
 -7.14869E+01  1.93726E-03
 -7.12378E+01  1.96776E-03
 -7.09887E+01  2.05749E-03
 -7.07397E+01  2.15557E-03
 -7.04906E+01  2.30976E-03
 -7.02415E+01  2.43943E-03
 -6.99924E+01  2.56060E-03
 -6.97433E+01  2.81165E-03
 -6.94942E+01  2.94887E-03
 -6.92452E+01  2.78714E-03
 -6.89961E+01  2.77581E-03
 -6.87470E+01  3.22268E-03
 -6.84979E+01  3.52248E-03
 -6.82488E+01  3.17670E-03
 -6.79997E+01  2.97260E-03
 -6.77507E+01  3.53256E-03
 -6.75016E+01  3.98261E-03
 -6.72525E+01  3.76624E-03
 -6.70034E+01  3.71382E-03
 -6.67543E+01  4.12681E-03
 -6.65052E+01  4.31164E-03
 -6.62562E+01  4.31416E-03
 -6.60071E+01  4.53454E-03
 -6.57580E+01  4.69401E-03
 -6.55089E+01  4.86681E-03
 -6.52598E+01  5.30979E-03
 -6.50107E+01  5.53103E-03
 -6.47617E+01  5.44753E-03
 -6.45126E+01  5.78367E-03
 -6.42635E+01  6.41237E-03
 -6.40144E+01  6.50917E-03
 -6.37653E+01  6.45471E-03
 -6.35162E+01  7.08423E-03
 -6.32672E+01  7.77446E-03
 -6.30181E+01  7.74348E-03
 -6.27690E+01  7.77238E-03
 -6.25199E+01  8.44949E-03
 -6.22708E+01  8.99619E-03
 -6.20217E+01  9.03633E-03
 -6.17727E+01  9.19764E-03
 -6.15236E+01  9.78518E-03
 -6.12745E+01  1.03656E-02
 -6.10254E+01  1.06276E-02
 -6.07763E+01  1.08124E-02
 -6.05272E+01  1.12710E-02
 -6.02782E+01  1.18448E-02
 -6.00291E+01  1.21747E-02
 -5.97800E+01  1.25165E-02
 -5.95309E+01  1.31416E-02
 -5.92818E+01  1.37271E-02
 -5.90327E+01  1.40799E-02
 -5.87837E+01  1.43846E-02
 -5.85346E+01  1.47716E-02
 -5.82855E+01  1.54434E-02
 -5.80364E+01  1.64166E-02
 -5.77873E+01  1.70723E-02
 -5.75382E+01  1.73426E-02
 -5.72892E+01  1.79178E-02
 -5.70401E+01  1.86689E-02
 -5.67910E+01  1.90145E-02
 -5.65419E+01  1.94615E-02
 -5.62928E+01  2.04450E-02
 -5.60437E+01  2.09851E-02
 -5.57947E+01  2.10474E-02
 -5.55456E+01  2.18802E-02
 -5.52965E+01  2.28617E-02
 -5.50474E+01  2.28427E-02
 -5.47983E+01  2.29643E-02
 -5.45492E+01  2.40593E-02
 -5.43002E+01  2.48239E-02
 -5.40511E+01  2.48557E-02
 -5.38020E+01  2.53385E-02
 -5.35529E+01  2.62065E-02
 -5.33038E+01  2.66637E-02
 -5.30547E+01  2.70997E-02
 -5.28057E+01  2.77244E-02
 -5.25566E+01  2.81007E-02
 -5.23075E+01  2.85644E-02
 -5.20584E+01  2.95031E-02
 -5.18093E+01  3.02059E-02
 -5.15602E+01  3.03301E-02
 -5.13112E+01  3.08571E-02
 -5.10621E+01  3.19221E-02
 -5.08130E+01  3.24462E-02
 -5.05639E+01  3.25899E-02
 -5.03148E+01  3.32408E-02
 -5.00657E+01  3.41317E-02
 -4.98167E+01  3.48272E-02
 -4.95676E+01  3.54786E-02
 -4.93185E+01  3.60754E-02
 -4.90694E+01  3.66200E-02
 -4.88203E+01  3.73785E-02
 -4.85712E+01  3.82858E-02
 -4.83222E+01  3.89106E-02
 -4.80731E+01  3.93684E-02
 -4.78240E+01  4.02819E-02
 -4.75749E+01  4.12164E-02
 -4.73258E+01  4.14597E-02
 -4.70767E+01  4.19321E-02
 -4.68277E+01  4.31038E-02
 -4.65786E+01  4.37559E-02
 -4.63295E+01  4.39881E-02
 -4.60804E+01  4.49778E-02
 -4.58313E+01  4.61522E-02
 -4.55822E+01  4.65641E-02
 -4.53332E+01  4.68114E-02
 -4.50841E+01  4.75633E-02
 -4.48350E+01  4.84168E-02
 -4.45859E+01  4.91082E-02
 -4.43368E+01  5.00412E-02
 -4.40877E+01  5.09133E-02
 -4.38387E+01  5.13219E-02
 -4.35896E+01  5.20310E-02
 -4.33405E+01  5.32379E-02
 -4.30914E+01  5.39874E-02
 -4.28423E+01  5.42204E-02
 -4.25932E+01  5.50582E-02
 -4.23442E+01  5.64694E-02
 -4.20951E+01  5.71815E-02
 -4.18460E+01  5.74747E-02
 -4.15969E+01  5.84274E-02
 -4.13478E+01  5.94913E-02
 -4.10987E+01  5.98772E-02
 -4.08497E+01  6.02378E-02
 -4.06006E+01  6.12236E-02
 -4.03515E+01  6.21003E-02
 -4.01024E+01  6.26075E-02
 -3.98533E+01  6.35488E-02
 -3.96042E+01  6.44056E-02
 -3.93552E+01  6.44812E-02
 -3.91061E+01  6.50498E-02
 -3.88570E+01  6.65140E-02
 -3.86079E+01  6.72030E-02
 -3.83588E+01  6.71900E-02
 -3.81097E+01  6.81148E-02
 -3.78607E+01  6.93764E-02
 -3.76116E+01  6.97315E-02
 -3.73625E+01  7.01085E-02
 -3.71134E+01  7.11989E-02
 -3.68643E+01  7.19469E-02
 -3.66152E+01  7.21761E-02
 -3.63662E+01  7.28956E-02
 -3.61171E+01  7.37387E-02
 -3.58680E+01  7.40717E-02
 -3.56189E+01  7.49591E-02
 -3.53698E+01  7.63163E-02
 -3.51207E+01  7.66437E-02
 -3.48717E+01  7.68219E-02
 -3.46226E+01  7.80794E-02
 -3.43735E+01  7.91399E-02
 -3.41244E+01  7.95149E-02
 -3.38753E+01  8.03747E-02
 -3.36262E+01  8.15904E-02
 -3.33772E+01  8.23513E-02
 -3.31281E+01  8.29811E-02
 -3.28790E+01  8.37784E-02
 -3.26299E+01  8.45117E-02
 -3.23808E+01  8.53911E-02
 -3.21317E+01  8.64899E-02
 -3.18827E+01  8.73135E-02
 -3.16336E+01  8.78596E-02
 -3.13845E+01  8.86872E-02
 -3.11354E+01  8.97243E-02
 -3.08863E+01  9.04524E-02
 -3.06372E+01  9.12045E-02
 -3.03882E+01  9.22692E-02
 -3.01391E+01  9.31181E-02
 -2.98900E+01  9.38454E-02
 -2.96409E+01  9.48360E-02
 -2.93918E+01  9.58233E-02
 -2.91427E+01  9.67170E-02
 -2.88937E+01  9.77511E-02
 -2.86446E+01  9.88603E-02
 -2.83955E+01  9.98764E-02
 -2.81464E+01  1.00912E-01
 -2.78973E+01  1.01991E-01
 -2.76482E+01  1.03075E-01
 -2.73992E+01  1.04181E-01
 -2.71501E+01  1.05068E-01
 -2.69010E+01  1.05758E-01
 -2.66519E+01  1.06868E-01
 -2.64028E+01  1.08586E-01
 -2.61537E+01  1.09917E-01
 -2.59047E+01  1.10559E-01
 -2.56556E+01  1.11654E-01
 -2.54065E+01  1.13193E-01
 -2.51574E+01  1.14304E-01
 -2.49083E+01  1.15190E-01
 -2.46592E+01  1.16276E-01
 -2.44102E+01  1.17682E-01
 -2.41611E+01  1.19402E-01
 -2.39120E+01  1.20759E-01
 -2.36629E+01  1.21467E-01
 -2.34138E+01  1.22623E-01
 -2.31647E+01  1.24408E-01
 -2.29157E+01  1.25490E-01
 -2.26666E+01  1.26241E-01
 -2.24175E+01  1.27836E-01
 -2.21684E+01  1.29518E-01
 -2.19193E+01  1.30685E-01
 -2.16702E+01  1.31682E-01
 -2.14212E+01  1.32513E-01
 -2.11721E+01  1.33699E-01
 -2.09230E+01  1.35803E-01
 -2.06739E+01  1.37651E-01
 -2.04248E+01  1.38251E-01
 -2.01757E+01  1.39564E-01
 -1.99267E+01  1.42605E-01
 -1.96776E+01  1.44409E-01
 -1.94285E+01  1.44307E-01
 -1.91794E+01  1.45866E-01
 -1.89303E+01  1.49134E-01
 -1.86812E+01  1.50634E-01
 -1.84322E+01  1.51110E-01
 -1.81831E+01  1.53343E-01
 -1.79340E+01  1.56110E-01
 -1.76849E+01  1.57745E-01
 -1.74358E+01  1.59166E-01
 -1.71867E+01  1.60812E-01
 -1.69377E+01  1.62653E-01
 -1.66886E+01  1.64898E-01
 -1.64395E+01  1.66703E-01
 -1.61904E+01  1.67962E-01
 -1.59413E+01  1.70184E-01
 -1.56922E+01  1.73101E-01
 -1.54432E+01  1.74519E-01
 -1.51941E+01  1.75229E-01
 -1.49450E+01  1.77579E-01
 -1.46959E+01  1.80230E-01
 -1.44468E+01  1.81616E-01
 -1.41977E+01  1.83349E-01
 -1.39487E+01  1.85830E-01
 -1.36996E+01  1.87152E-01
 -1.34505E+01  1.87986E-01
 -1.32014E+01  1.90420E-01
 -1.29523E+01  1.92906E-01
 -1.27032E+01  1.94126E-01
 -1.24542E+01  1.95792E-01
 -1.22051E+01  1.98043E-01
 -1.19560E+01  1.99881E-01
 -1.17069E+01  2.01615E-01
 -1.14578E+01  2.03352E-01
 -1.12087E+01  2.05015E-01
 -1.09597E+01  2.07240E-01
 -1.07106E+01  2.10009E-01
 -1.04615E+01  2.12073E-01
 -1.02124E+01  2.13412E-01
 -9.96333E+00  2.15571E-01
 -9.71425E+00  2.18404E-01
 -9.46517E+00  2.20361E-01
 -9.21608E+00  2.21758E-01
 -8.96700E+00  2.23975E-01
 -8.71792E+00  2.26601E-01
 -8.46883E+00  2.28804E-01
 -8.21975E+00  2.30799E-01
 -7.97067E+00  2.32614E-01
 -7.72158E+00  2.34644E-01
 -7.47250E+00  2.37138E-01
 -7.22342E+00  2.38771E-01
 -6.97433E+00  2.39642E-01
 -6.72525E+00  2.41981E-01
 -6.47617E+00  2.45136E-01
 -6.22708E+00  2.46617E-01
 -5.97800E+00  2.47742E-01
 -5.72892E+00  2.50821E-01
 -5.47983E+00  2.54093E-01
 -5.23075E+00  2.55342E-01
 -4.98167E+00  2.56242E-01
 -4.73258E+00  2.58918E-01
 -4.48350E+00  2.62070E-01
 -4.23442E+00  2.63652E-01
 -3.98533E+00  2.64976E-01
 -3.73625E+00  2.68225E-01
 -3.48717E+00  2.71500E-01
 -3.23808E+00  2.72572E-01
 -2.98900E+00  2.73816E-01
 -2.73992E+00  2.77242E-01
 -2.49083E+00  2.80606E-01
 -2.24175E+00  2.82165E-01
 -1.99267E+00  2.83915E-01
 -1.74358E+00  2.86939E-01
 -1.49450E+00  2.89080E-01
 -1.24542E+00  2.90374E-01
 -9.96333E-01  2.92727E-01
 -7.47250E-01  2.95060E-01
 -4.98167E-01  2.96440E-01
 -2.49083E-01  2.98225E-01
  0.00000E+00  2.99989E-01
  2.49083E-01  3.00635E-01
  4.98167E-01  3.01475E-01
  7.47250E-01  3.02990E-01
  9.96333E-01  3.03616E-01
  1.24542E+00  3.03703E-01
  1.49450E+00  3.04684E-01
  1.74358E+00  3.05386E-01
  1.99267E+00  3.05238E-01
  2.24175E+00  3.06138E-01
  2.49083E+00  3.07312E-01
  2.73992E+00  3.06863E-01
  2.98900E+00  3.06886E-01
  3.23808E+00  3.08577E-01
  3.48717E+00  3.09150E-01
  3.73625E+00  3.08431E-01
  3.98533E+00  3.09147E-01
  4.23442E+00  3.10473E-01
  4.48350E+00  3.10326E-01
  4.73258E+00  3.10346E-01
  4.98167E+00  3.11799E-01
  5.23075E+00  3.12436E-01
  5.47983E+00  3.11941E-01
  5.72892E+00  3.12786E-01
  5.97800E+00  3.14148E-01
  6.22708E+00  3.14026E-01
  6.47617E+00  3.13934E-01
  6.72525E+00  3.14809E-01
  6.97433E+00  3.15129E-01
  7.22342E+00  3.14910E-01
  7.47250E+00  3.15626E-01
  7.72158E+00  3.16648E-01
  7.97067E+00  3.16466E-01
  8.21975E+00  3.16026E-01
  8.46883E+00  3.16650E-01
  8.71792E+00  3.17100E-01
  8.96700E+00  3.16457E-01
  9.21608E+00  3.16531E-01
  9.46517E+00  3.17928E-01
  9.71425E+00  3.18472E-01
  9.96333E+00  3.17663E-01
  1.02124E+01  3.17243E-01
  1.04615E+01  3.17535E-01
  1.07106E+01  3.17502E-01
  1.09597E+01  3.17279E-01
  1.12087E+01  3.17487E-01
  1.14578E+01  3.17881E-01
  1.17069E+01  3.18501E-01
  1.19560E+01  3.19095E-01
  1.22051E+01  3.18661E-01
  1.24542E+01  3.17847E-01
  1.27032E+01  3.18328E-01
  1.29523E+01  3.19336E-01
  1.32014E+01  3.19123E-01
  1.34505E+01  3.18502E-01
  1.36996E+01  3.18994E-01
  1.39487E+01  3.19551E-01
  1.41977E+01  3.18962E-01
  1.44468E+01  3.18627E-01
  1.46959E+01  3.18819E-01
  1.49450E+01  3.17986E-01
  1.51941E+01  3.16903E-01
  1.54432E+01  3.16808E-01
  1.56922E+01  3.16768E-01
  1.59413E+01  3.16136E-01
  1.61904E+01  3.15361E-01
  1.64395E+01  3.14483E-01
  1.66886E+01  3.13788E-01
  1.69377E+01  3.13646E-01
  1.71867E+01  3.13192E-01
  1.74358E+01  3.12548E-01
  1.76849E+01  3.12410E-01
  1.79340E+01  3.11931E-01
  1.81831E+01  3.11226E-01
  1.84322E+01  3.11350E-01
  1.86812E+01  3.11365E-01
  1.89303E+01  3.09897E-01
  1.91794E+01  3.08696E-01
  1.94285E+01  3.09342E-01
  1.96776E+01  3.09317E-01
  1.99267E+01  3.07800E-01
  2.01757E+01  3.07599E-01
  2.04248E+01  3.08453E-01
  2.06739E+01  3.07828E-01
  2.09230E+01  3.06459E-01
  2.11721E+01  3.06436E-01
  2.14212E+01  3.07075E-01
  2.16702E+01  3.06515E-01
  2.19193E+01  3.05314E-01
  2.21684E+01  3.05218E-01
  2.24175E+01  3.05725E-01
  2.26666E+01  3.05457E-01
  2.29157E+01  3.04749E-01
  2.31647E+01  3.04719E-01
  2.34138E+01  3.05320E-01
  2.36629E+01  3.04933E-01
  2.39120E+01  3.03935E-01
  2.41611E+01  3.04684E-01
  2.44102E+01  3.05432E-01
  2.46592E+01  3.03754E-01
  2.49083E+01  3.02698E-01
  2.51574E+01  3.04076E-01
  2.54065E+01  3.04556E-01
  2.56556E+01  3.03207E-01
  2.59047E+01  3.02816E-01
  2.61537E+01  3.03548E-01
  2.64028E+01  3.03601E-01
  2.66519E+01  3.03426E-01
  2.69010E+01  3.03438E-01
  2.71501E+01  3.02904E-01
  2.73992E+01  3.02770E-01
  2.76482E+01  3.03659E-01
  2.78973E+01  3.03864E-01
  2.81464E+01  3.02889E-01
  2.83955E+01  3.02745E-01
  2.86446E+01  3.03870E-01
  2.88937E+01  3.04177E-01
  2.91427E+01  3.03296E-01
  2.93918E+01  3.03029E-01
  2.96409E+01  3.03818E-01
  2.98900E+01  3.04224E-01
  3.01391E+01  3.03453E-01
  3.03882E+01  3.02583E-01
  3.06372E+01  3.02756E-01
  3.08863E+01  3.03358E-01
  3.11354E+01  3.03234E-01
  3.13845E+01  3.02812E-01
  3.16336E+01  3.03016E-01
  3.18827E+01  3.03544E-01
  3.21317E+01  3.03317E-01
  3.23808E+01  3.02359E-01
  3.26299E+01  3.02634E-01
  3.28790E+01  3.03848E-01
  3.31281E+01  3.02992E-01
  3.33772E+01  3.01355E-01
  3.36262E+01  3.02428E-01
  3.38753E+01  3.04092E-01
  3.41244E+01  3.02726E-01
  3.43735E+01  3.00848E-01
  3.46226E+01  3.02054E-01
  3.48717E+01  3.03176E-01
  3.51207E+01  3.01478E-01
  3.53698E+01  3.00984E-01
  3.56189E+01  3.02907E-01
  3.58680E+01  3.03142E-01
  3.61171E+01  3.01943E-01
  3.63662E+01  3.02465E-01
  3.66152E+01  3.03236E-01
  3.68643E+01  3.02338E-01
  3.71134E+01  3.01992E-01
  3.73625E+01  3.02916E-01
  3.76116E+01  3.02820E-01
  3.78607E+01  3.02122E-01
  3.81097E+01  3.02321E-01
  3.83588E+01  3.02592E-01
  3.86079E+01  3.02406E-01
  3.88570E+01  3.01877E-01
  3.91061E+01  3.00680E-01
  3.93552E+01  2.99819E-01
  3.96042E+01  3.00656E-01
  3.98533E+01  3.01322E-01
  4.01024E+01  2.99455E-01
  4.03515E+01  2.97186E-01
  4.06006E+01  2.97300E-01
  4.08497E+01  2.97976E-01
  4.10987E+01  2.96891E-01
  4.13478E+01  2.95399E-01
  4.15969E+01  2.94826E-01
  4.18460E+01  2.94372E-01
  4.20951E+01  2.93425E-01
  4.23442E+01  2.92028E-01
  4.25932E+01  2.90519E-01
  4.28423E+01  2.89734E-01
  4.30914E+01  2.89651E-01
  4.33405E+01  2.88371E-01
  4.35896E+01  2.86150E-01
  4.38387E+01  2.85568E-01
  4.40877E+01  2.85317E-01
  4.43368E+01  2.83146E-01
  4.45859E+01  2.81061E-01
  4.48350E+01  2.80483E-01
  4.50841E+01  2.79399E-01
  4.53332E+01  2.77060E-01
  4.55822E+01  2.75725E-01
  4.58313E+01  2.75047E-01
  4.60804E+01  2.72570E-01
  4.63295E+01  2.70118E-01
  4.65786E+01  2.69650E-01
  4.68277E+01  2.68617E-01
  4.70767E+01  2.65480E-01
  4.73258E+01  2.62684E-01
  4.75749E+01  2.61457E-01
  4.78240E+01  2.59781E-01
  4.80731E+01  2.57552E-01
  4.83222E+01  2.55537E-01
  4.85712E+01  2.52712E-01
  4.88203E+01  2.50090E-01
  4.90694E+01  2.48416E-01
  4.93185E+01  2.46070E-01
  4.95676E+01  2.43300E-01
  4.98167E+01  2.41231E-01
  5.00657E+01  2.39307E-01
  5.03148E+01  2.36884E-01
  5.05639E+01  2.34661E-01
  5.08130E+01  2.33031E-01
  5.10621E+01  2.30756E-01
  5.13112E+01  2.28152E-01
  5.15602E+01  2.26940E-01
  5.18093E+01  2.25466E-01
  5.20584E+01  2.22146E-01
  5.23075E+01  2.19506E-01
  5.25566E+01  2.18119E-01
  5.28057E+01  2.15716E-01
  5.30547E+01  2.12880E-01
  5.33038E+01  2.10915E-01
  5.35529E+01  2.08659E-01
  5.38020E+01  2.05740E-01
  5.40511E+01  2.03407E-01
  5.43002E+01  2.00763E-01
  5.45492E+01  1.96728E-01
  5.47983E+01  1.93804E-01
  5.50474E+01  1.92304E-01
  5.52965E+01  1.88785E-01
  5.55456E+01  1.83694E-01
  5.57947E+01  1.80226E-01
  5.60437E+01  1.77884E-01
  5.62928E+01  1.74351E-01
  5.65419E+01  1.69767E-01
  5.67910E+01  1.65667E-01
  5.70401E+01  1.62104E-01
  5.72892E+01  1.58189E-01
  5.75382E+01  1.54155E-01
  5.77873E+01  1.50284E-01
  5.80364E+01  1.46128E-01
  5.82855E+01  1.42244E-01
  5.85346E+01  1.39143E-01
  5.87837E+01  1.35860E-01
  5.90327E+01  1.32121E-01
  5.92818E+01  1.28467E-01
  5.95309E+01  1.25164E-01
  5.97800E+01  1.22468E-01
  6.00291E+01  1.19540E-01
  6.02782E+01  1.15859E-01
  6.05272E+01  1.12989E-01
  6.07763E+01  1.10834E-01
  6.10254E+01  1.07651E-01
  6.12745E+01  1.04144E-01
  6.15236E+01  1.01385E-01
  6.17727E+01  9.88273E-02
  6.20217E+01  9.58661E-02
  6.22708E+01  9.24092E-02
  6.25199E+01  8.93629E-02
  6.27690E+01  8.68215E-02
  6.30181E+01  8.37152E-02
  6.32672E+01  8.05736E-02
  6.35162E+01  7.79296E-02
  6.37653E+01  7.50616E-02
  6.40144E+01  7.17948E-02
  6.42635E+01  6.85988E-02
  6.45126E+01  6.62440E-02
  6.47617E+01  6.42624E-02
  6.50107E+01  6.11870E-02
  6.52598E+01  5.80251E-02
  6.55089E+01  5.65971E-02
  6.57580E+01  5.54466E-02
  6.60071E+01  5.29367E-02
  6.62562E+01  5.06315E-02
  6.65052E+01  4.94449E-02
  6.67543E+01  4.80943E-02
  6.70034E+01  4.64772E-02
  6.72525E+01  4.54430E-02
  6.75016E+01  4.43172E-02
  6.77507E+01  4.24767E-02
  6.79997E+01  4.14002E-02
  6.82488E+01  4.13925E-02
  6.84979E+01  4.02038E-02
  6.87470E+01  3.80513E-02
  6.89961E+01  3.72566E-02
  6.92452E+01  3.68754E-02
  6.94942E+01  3.52154E-02
  6.97433E+01  3.33194E-02
  6.99924E+01  3.19439E-02
  7.02415E+01  3.06668E-02
  7.04906E+01  2.92366E-02
  7.07397E+01  2.72269E-02
  7.09887E+01  2.47993E-02
  7.12378E+01  2.30196E-02
  7.14869E+01  2.17051E-02
  7.17360E+01  1.94552E-02
  7.19851E+01  1.67154E-02
  7.22342E+01  1.51627E-02
  7.24832E+01  1.40049E-02
  7.27323E+01  1.18399E-02
  7.29814E+01  9.83388E-03
  7.32305E+01  8.90972E-03
  7.34796E+01  7.72192E-03
  7.37287E+01  5.79416E-03
  7.39777E+01  4.89261E-03
  7.42268E+01  4.99955E-03
  7.44759E+01  4.02899E-03
  7.47250E+01  2.68300E-03
  7.49741E+01  2.70003E-03
  7.52232E+01  2.82314E-03
  7.54722E+01  1.99647E-03
  7.57213E+01  1.49219E-03
  7.59704E+01  1.69158E-03
  7.62195E+01  1.53717E-03
  7.64686E+01  1.24797E-03
  7.67177E+01  1.58798E-03
  7.69667E+01  1.66393E-03
  7.72158E+01  9.06338E-04
  7.74649E+01  6.59441E-04
  7.77140E+01  1.26917E-03
  7.79631E+01  1.38774E-03
  7.82122E+01  1.04829E-03
  7.84612E+01  1.05666E-03
  7.87103E+01  9.55595E-04
  7.89594E+01  7.38898E-04
  7.92085E+01  9.67804E-04
  7.94576E+01  9.74552E-04
  7.97067E+01  3.40154E-04
  7.99557E+01  6.98533E-05
  8.02048E+01  5.58592E-04
  8.04539E+01  8.27803E-04
  8.07030E+01  4.60388E-04
  8.09521E+01  1.46472E-04
  8.12012E+01  1.21934E-04
  8.14502E+01  1.64591E-04
  8.16993E+01  2.20351E-04
  8.19484E+01 -4.63841E-05
  8.21975E+01 -2.51825E-04
  8.24466E+01  1.99105E-04
  8.26957E+01  1.97389E-04
  8.29447E+01 -6.07436E-04
  8.31938E+01 -6.61619E-04
  8.34429E+01  6.15857E-05
  8.36920E+01  1.57254E-04
  8.39411E+01 -3.85273E-04
  8.41902E+01 -5.85388E-04
  8.44392E+01 -2.10281E-04
  8.46883E+01 -4.61209E-05
  8.49374E+01 -3.87015E-04
  8.51865E+01 -3.67552E-04
  8.54356E+01 -1.18893E-04
  8.56847E+01 -3.70403E-04
  8.59337E+01 -4.90973E-04
  8.61828E+01 -3.68312E-05
  8.64319E+01  3.11270E-04
  8.66810E+01 -5.91248E-05
  8.69301E+01 -5.97892E-04
  8.71792E+01 -3.13821E-04
  8.74282E+01  4.20037E-05
  8.76773E+01 -4.17764E-04
  8.79264E+01 -6.57812E-04
  8.81755E+01 -3.06412E-04
  8.84246E+01 -1.95719E-04
  8.86737E+01 -4.14382E-04
  8.89227E+01 -5.62632E-04
  8.91718E+01 -5.17314E-04
  8.94209E+01 -5.77643E-04
  8.96700E+01 -8.37168E-04
  8.99191E+01 -9.06993E-04
  9.01682E+01 -7.41069E-04
  9.04172E+01 -6.39481E-04
  9.06663E+01 -5.49259E-04
  9.09154E+01 -5.03848E-04
  9.11645E+01 -7.80154E-04
  9.14136E+01 -9.38957E-04
  9.16627E+01 -6.57210E-04
  9.19117E+01 -4.77574E-04
  9.21608E+01 -4.64599E-04
  9.24099E+01 -4.35907E-04
  9.26590E+01 -5.02076E-04
  9.29081E+01 -5.11138E-04
  9.31572E+01 -3.92968E-04
  9.34062E+01 -3.41352E-04
  9.36553E+01 -4.40494E-04
  9.39044E+01 -4.68691E-04
  9.41535E+01 -2.79478E-04
  9.44026E+01 -2.48229E-04
  9.46517E+01 -5.38606E-04
  9.49007E+01 -6.48146E-04
  9.51498E+01 -4.90959E-04
  9.53989E+01 -5.67674E-04
  9.56480E+01 -7.08601E-04
  9.58971E+01 -5.77846E-04
  9.61462E+01 -5.87919E-04
  9.63952E+01 -7.66050E-04
  9.66443E+01 -7.64273E-04
  9.68934E+01 -7.76452E-04
  9.71425E+01 -8.13237E-04
  9.73916E+01 -7.02262E-04
  9.76407E+01 -7.40327E-04
  9.78897E+01 -8.72210E-04
  9.81388E+01 -7.12324E-04
  9.83879E+01 -6.54007E-04
  9.86370E+01 -9.21721E-04
  9.88861E+01 -8.07631E-04
  9.91352E+01 -4.38033E-04
  9.93842E+01 -6.57652E-04
  9.96333E+01 -9.55639E-04
