@page size 600,600
@view 0.12,0.1,0.97,0.93
@subtitle "PHOENIX module phox, 04/18/18 at 11:43:33 -07:00"
@xaxes scale Normal
@yaxes scale Normal
@xaxis label "energy (meV)"
@yaxis label "data without elastic peak"
@s0 errorbar size 0.0
@type xydy
 -6.00312E+01  7.57174E+00  4.06652E+00
 -5.97822E+01  1.73473E+01  4.28175E+00
 -5.95332E+01  6.64750E+00  3.19164E+00
 -5.92841E+01  5.53038E+00  3.32427E+00
 -5.90351E+01  8.27004E+00  3.83470E+00
 -5.87861E+01  9.55564E+00  4.03354E+00
 -5.85370E+01  7.76485E+00  3.66536E+00
 -5.82880E+01  1.12196E+01  3.76717E+00
 -5.80390E+01  6.76308E+00  3.98016E+00
 -5.77899E+01  1.22792E+01  4.08187E+00
 -5.75409E+01  1.21954E+01  4.44151E+00
 -5.72919E+01  1.52421E+01  4.08009E+00
 -5.70429E+01  1.29203E+01  4.25342E+00
 -5.67938E+01  1.01710E+01  3.89228E+00
 -5.65448E+01  1.22167E+01  4.07766E+00
 -5.62958E+01  1.70569E+01  4.88756E+00
 -5.60467E+01  1.35373E+01  3.54574E+00
 -5.57977E+01  4.91287E+00  3.54464E+00
 -5.55487E+01  6.54793E+00  3.09330E+00
 -5.52996E+01  5.91690E+00  3.80923E+00
 -5.50506E+01  1.00092E+01  4.29833E+00
 -5.48016E+01  1.52482E+01  4.25355E+00
 -5.45525E+01  9.63804E+00  3.47121E+00
 -5.43035E+01  5.55368E+00  3.45160E+00
 -5.40545E+01  6.94301E+00  3.52110E+00
 -5.38054E+01  8.88253E+00  4.00759E+00
 -5.35564E+01  8.95130E+00  3.40965E+00
 -5.33074E+01  5.33880E+00  2.74522E+00
 -5.30583E+01  1.04562E+00  2.96884E+00
 -5.28093E+01  4.70482E+00  3.47370E+00
 -5.25603E+01  2.46520E+00  2.42016E+00
 -5.23112E+01  5.68771E+00  4.13904E+00
 -5.20622E+01  9.62440E+00  3.29835E+00
 -5.18132E+01  5.03940E+00  3.58501E+00
 -5.15641E+01  8.91487E+00  4.03880E+00
 -5.13151E+01  8.38050E+00  3.43848E+00
 -5.10661E+01  5.81227E+00  3.46756E+00
 -5.08170E+01  1.17332E+01  4.57307E+00
 -5.05680E+01  1.23226E+01  3.08151E+00
 -5.03190E+01  1.69922E+00  3.28407E+00
 -5.00700E+01  7.16124E+00  3.59012E+00
 -4.98209E+01  7.95749E+00  3.92532E+00
 -4.95719E+01  8.49569E+00  3.90783E+00
 -4.93229E+01  1.20826E+01  3.88138E+00
 -4.90738E+01  1.32949E+01  4.67710E+00
 -4.88248E+01  1.14455E+01  3.97846E+00
 -4.85758E+01  1.38242E+01  4.11415E+00
 -4.83267E+01  1.21224E+01  4.54479E+00
 -4.80777E+01  1.18771E+01  3.83358E+00
 -4.78287E+01  1.37894E+01  4.09674E+00
 -4.75796E+01  7.43139E+00  3.64800E+00
 -4.73306E+01  8.69825E+00  4.31353E+00
 -4.70816E+01  1.19125E+01  4.08746E+00
 -4.68325E+01  1.04580E+01  4.31335E+00
 -4.65835E+01  1.49763E+01  4.74181E+00
 -4.63345E+01  2.10155E+01  4.51400E+00
 -4.60854E+01  1.28589E+01  4.20785E+00
 -4.58364E+01  1.01319E+01  4.02087E+00
 -4.55874E+01  1.90860E+01  5.66785E+00
 -4.53383E+01  2.45244E+01  5.34967E+00
 -4.50893E+01  2.40092E+01  4.64067E+00
 -4.48403E+01  1.75437E+01  4.60837E+00
 -4.45912E+01  1.51413E+01  4.48567E+00
 -4.43422E+01  1.77367E+01  5.26662E+00
 -4.40932E+01  2.09614E+01  4.46294E+00
 -4.38441E+01  1.99057E+01  4.99412E+00
 -4.35951E+01  1.39350E+01  4.20346E+00
 -4.33461E+01  1.57737E+01  4.88028E+00
 -4.30971E+01  2.34018E+01  5.67917E+00
 -4.28480E+01  2.95391E+01  5.67773E+00
 -4.25990E+01  2.88454E+01  5.54695E+00
 -4.23500E+01  1.90797E+01  4.89482E+00
 -4.21009E+01  2.22252E+01  5.28118E+00
 -4.18519E+01  2.49736E+01  5.59593E+00
 -4.16029E+01  2.84248E+01  5.37034E+00
 -4.13538E+01  1.89817E+01  4.57395E+00
 -4.11048E+01  1.80282E+01  5.57240E+00
 -4.08558E+01  3.00478E+01  5.54772E+00
 -4.06067E+01  2.26865E+01  5.33258E+00
 -4.03577E+01  2.79485E+01  5.92964E+00
 -4.01087E+01  2.91379E+01  5.33100E+00
 -3.98596E+01  2.81320E+01  5.78391E+00
 -3.96106E+01  2.69306E+01  5.61887E+00
 -3.93616E+01  2.80262E+01  5.47156E+00
 -3.91125E+01  2.33054E+01  5.63043E+00
 -3.88635E+01  2.43702E+01  4.82391E+00
 -3.86145E+01  2.30595E+01  5.16139E+00
 -3.83654E+01  2.62359E+01  6.07863E+00
 -3.81164E+01  3.12486E+01  5.58055E+00
 -3.78674E+01  2.90170E+01  5.90919E+00
 -3.76183E+01  2.58864E+01  5.51669E+00
 -3.73693E+01  3.31917E+01  6.21981E+00
 -3.71203E+01  4.14324E+01  7.54288E+00
 -3.68712E+01  4.47911E+01  5.93532E+00
 -3.66222E+01  3.82118E+01  7.18010E+00
 -3.63732E+01  4.39086E+01  6.80797E+00
 -3.61242E+01  4.14391E+01  6.72586E+00
 -3.58751E+01  4.34921E+01  6.44705E+00
 -3.56261E+01  4.26936E+01  6.87974E+00
 -3.53771E+01  4.58470E+01  7.23506E+00
 -3.51280E+01  3.98017E+01  6.47406E+00
 -3.48790E+01  4.42947E+01  7.29771E+00
 -3.46300E+01  5.21527E+01  7.46927E+00
 -3.43809E+01  5.50422E+01  7.58889E+00
 -3.41319E+01  6.43896E+01  8.47591E+00
 -3.38829E+01  6.95598E+01  8.06125E+00
 -3.36338E+01  5.86202E+01  7.89240E+00
 -3.33848E+01  6.48201E+01  8.28962E+00
 -3.31358E+01  7.72394E+01  9.06688E+00
 -3.28867E+01  7.11465E+01  8.37635E+00
 -3.26377E+01  7.21792E+01  9.06254E+00
 -3.23887E+01  7.98184E+01  9.19440E+00
 -3.21396E+01  7.99293E+01  8.69297E+00
 -3.18906E+01  7.26903E+01  8.23990E+00
 -3.16416E+01  7.15938E+01  8.58953E+00
 -3.13925E+01  6.86931E+01  8.78577E+00
 -3.11435E+01  8.18490E+01  9.08266E+00
 -3.08945E+01  8.25328E+01  8.95483E+00
 -3.06454E+01  6.87749E+01  8.21979E+00
 -3.03964E+01  5.90539E+01  7.44501E+00
 -3.01474E+01  5.22375E+01  7.33948E+00
 -2.98983E+01  4.98136E+01  7.67621E+00
 -2.96493E+01  5.75731E+01  7.61004E+00
 -2.94003E+01  6.46651E+01  8.24136E+00
 -2.91512E+01  5.43180E+01  7.70587E+00
 -2.89022E+01  5.77808E+01  7.48650E+00
 -2.86532E+01  5.31947E+01  7.63913E+00
 -2.84042E+01  4.80996E+01  7.44338E+00
 -2.81551E+01  4.74465E+01  6.75716E+00
 -2.79061E+01  4.09849E+01  7.29462E+00
 -2.76571E+01  6.21579E+01  7.65110E+00
 -2.74080E+01  4.51284E+01  6.64411E+00
 -2.71590E+01  4.42811E+01  6.96197E+00
 -2.69100E+01  4.41584E+01  7.37537E+00
 -2.66609E+01  4.52858E+01  6.58183E+00
 -2.64119E+01  3.69910E+01  6.46630E+00
 -2.61629E+01  3.95065E+01  6.61741E+00
 -2.59138E+01  4.19777E+01  7.44546E+00
 -2.56648E+01  5.54106E+01  8.09968E+00
 -2.54158E+01  5.65673E+01  6.91866E+00
 -2.51667E+01  4.26910E+01  6.41439E+00
 -2.49177E+01  3.13606E+01  5.75430E+00
 -2.46687E+01  3.48280E+01  6.48321E+00
 -2.44196E+01  3.40103E+01  6.18496E+00
 -2.41706E+01  3.07807E+01  5.74027E+00
 -2.39216E+01  2.64726E+01  5.79018E+00
 -2.36725E+01  2.95708E+01  5.84939E+00
 -2.34235E+01  3.53552E+01  6.69621E+00
 -2.31745E+01  3.51198E+01  5.92318E+00
 -2.29254E+01  2.88552E+01  6.19982E+00
 -2.26764E+01  3.53013E+01  6.26646E+00
 -2.24274E+01  3.93444E+01  6.86542E+00
 -2.21783E+01  4.08336E+01  6.14772E+00
 -2.19293E+01  2.72067E+01  5.76025E+00
 -2.16803E+01  3.55908E+01  6.84176E+00
 -2.14313E+01  4.07131E+01  6.13150E+00
 -2.11822E+01  2.86242E+01  5.75511E+00
 -2.09332E+01  3.37484E+01  6.56992E+00
 -2.06842E+01  4.39424E+01  7.26072E+00
 -2.04351E+01  4.47469E+01  6.51054E+00
 -2.01861E+01  3.29731E+01  5.99125E+00
 -1.99371E+01  3.08634E+01  5.76416E+00
 -1.96880E+01  3.63701E+01  6.73179E+00
 -1.94390E+01  3.59166E+01  6.24159E+00
 -1.91900E+01  3.59460E+01  6.56540E+00
 -1.89409E+01  3.53285E+01  6.19825E+00
 -1.86919E+01  3.38549E+01  6.47770E+00
 -1.84429E+01  3.61929E+01  6.11533E+00
 -1.81938E+01  3.04046E+01  6.07368E+00
 -1.79448E+01  3.13811E+01  5.84770E+00
 -1.76958E+01  2.89439E+01  6.45005E+00
 -1.74467E+01  3.53533E+01  5.77681E+00
 -1.71977E+01  3.27908E+01  6.54945E+00
 -1.69487E+01  3.32587E+01  5.50614E+00
 -1.66996E+01  3.05294E+01  6.65538E+00
 -1.64506E+01  3.60289E+01  6.22556E+00
 -1.62016E+01  3.36573E+01  6.23591E+00
 -1.59525E+01  3.28923E+01  6.17233E+00
 -1.57035E+01  3.27116E+01  6.03614E+00
 -1.54545E+01  3.08493E+01  6.28194E+00
 -1.52054E+01  3.37962E+01  5.99246E+00
 -1.49564E+01  2.86144E+01  5.69303E+00
 -1.47074E+01  2.89712E+01  6.11631E+00
 -1.44584E+01  3.17153E+01  5.71855E+00
 -1.42093E+01  2.88713E+01  5.85980E+00
 -1.39603E+01  2.82076E+01  5.82237E+00
 -1.37113E+01  2.85077E+01  6.32642E+00
 -1.34622E+01  3.58280E+01  6.02768E+00
 -1.32132E+01  3.19819E+01  6.22389E+00
 -1.29642E+01  2.97007E+01  6.23985E+00
 -1.27151E+01  3.46387E+01  6.20407E+00
 -1.24661E+01  3.72807E+01  6.49332E+00
 -1.22171E+01  3.69103E+01  6.22553E+00
 -1.19680E+01  3.79636E+01  6.75092E+00
 -1.17190E+01  3.20411E+01  6.15019E+00
 -1.14700E+01  2.89249E+01  5.64853E+00
 -1.12209E+01  2.67542E+01  5.24070E+00
 -1.09719E+01  2.31050E+01  5.75840E+00
 -1.07229E+01  3.08442E+01  6.27885E+00
 -1.04738E+01  3.09994E+01  5.65784E+00
 -1.02248E+01  2.51469E+01  6.00604E+00
 -9.97577E+00  4.15956E+01  7.15043E+00
 -9.72674E+00  4.62576E+01  6.94290E+00
 -9.47771E+00  3.47821E+01  6.89612E+00
 -9.22868E+00  5.22428E+01  7.71847E+00
 -8.97964E+00  4.59881E+01  6.39178E+00
 -8.73061E+00  3.46664E+01  6.62444E+00
 -8.48158E+00  3.69765E+01  6.29162E+00
 -8.23255E+00  4.02997E+01  6.93127E+00
 -7.98351E+00  3.56930E+01  6.17266E+00
 -7.73448E+00  3.28417E+01  6.65660E+00
 -7.48545E+00  4.10443E+01  6.69820E+00
 -7.23642E+00  3.17338E+01  6.43360E+00
 -6.98739E+00  3.46608E+01  6.53447E+00
 -6.73835E+00  4.28890E+01  7.25081E+00
 -6.48932E+00  4.59568E+01  7.43590E+00
 -6.24029E+00  3.94706E+01  6.09201E+00
 -5.99126E+00  3.61128E+01  7.36776E+00
 -5.74223E+00  3.56031E+01  6.62939E+00
 -5.49319E+00  3.54426E+01  6.65998E+00
 -5.24416E+00  4.52688E+01  7.39488E+00
 -4.99513E+00  4.21596E+01  6.79839E+00
 -4.74610E+00  2.76613E+01  6.50068E+00
 -4.49706E+00  3.11603E+01  7.29600E+00
 -4.24803E+00  4.54618E+01  7.49639E+00
 -3.99900E+00  4.24458E+01  7.19264E+00
 -3.74997E+00  4.09926E+01  7.45416E+00
 -3.50094E+00  3.07980E+01  6.99887E+00
 -3.25190E+00  2.32314E+01  7.75842E+00
 -3.00287E+00  4.06875E+01  8.59918E+00
 -2.75384E+00  4.37376E+01  9.60262E+00
 -2.50481E+00  4.62051E+01  1.01931E+01
 -2.25577E+00  4.74128E+01  1.16017E+01
 -2.00674E+00  4.77592E+01  1.28425E+01
 -1.75771E+00  4.82380E+01  1.67252E+01
 -1.50868E+00  4.81774E+01  2.28090E+01
 -1.25965E+00  4.62114E+01  3.39979E+01
 -1.01061E+00  4.39661E+01  4.93637E+01
 -7.61582E-01  4.29766E+01  6.85512E+01
 -5.12549E-01  4.24656E+01  8.60778E+01
 -2.63517E-01  4.27310E+01  9.57827E+01
 -1.44851E-02  4.37044E+01  9.68721E+01
  2.34547E-01  4.59325E+01  8.75726E+01
  4.83579E-01  4.69065E+01  7.09095E+01
  7.32611E-01  4.60198E+01  5.15370E+01
  9.81644E-01  4.55008E+01  3.59229E+01
  1.23068E+00  4.65574E+01  2.41914E+01
  1.47971E+00  4.91811E+01  1.87270E+01
  1.72874E+00  5.14513E+01  1.42202E+01
  1.97777E+00  5.21950E+01  1.24179E+01
  2.22680E+00  5.15272E+01  9.86513E+00
  2.47584E+00  5.04684E+01  8.73104E+00
  2.72487E+00  5.00334E+01  8.25299E+00
  2.97390E+00  5.05686E+01  8.36327E+00
  3.22293E+00  5.33214E+01  7.75794E+00
  3.47197E+00  4.59206E+01  7.50417E+00
  3.72100E+00  5.77417E+01  8.80842E+00
  3.97003E+00  6.25734E+01  8.15681E+00
  4.21906E+00  4.99847E+01  7.24868E+00
  4.46809E+00  3.86783E+01  6.87621E+00
  4.71713E+00  4.72382E+01  8.25603E+00
  4.96616E+00  5.34949E+01  6.89003E+00
  5.21519E+00  3.87192E+01  6.57992E+00
  5.46422E+00  3.91103E+01  7.13779E+00
  5.71325E+00  4.53499E+01  7.08908E+00
  5.96229E+00  3.79955E+01  6.99500E+00
  6.21132E+00  4.61677E+01  7.48356E+00
  6.46035E+00  5.38259E+01  7.41375E+00
  6.70938E+00  4.38544E+01  7.01378E+00
  6.95842E+00  4.30524E+01  7.03586E+00
  7.20745E+00  4.35128E+01  7.21382E+00
  7.45648E+00  4.47011E+01  6.73923E+00
  7.70551E+00  4.06216E+01  7.32316E+00
  7.95454E+00  4.70562E+01  7.20178E+00
  8.20358E+00  5.00166E+01  7.90678E+00
  8.45261E+00  4.49394E+01  6.64733E+00
  8.70164E+00  4.29944E+01  7.39440E+00
  8.95067E+00  4.81695E+01  7.60512E+00
  9.19971E+00  4.54835E+01  6.86798E+00
  9.44874E+00  4.73089E+01  7.89750E+00
  9.69777E+00  5.04984E+01  7.22821E+00
  9.94680E+00  5.15359E+01  7.28741E+00
  1.01958E+01  4.62422E+01  7.52042E+00
  1.04449E+01  5.19507E+01  7.94449E+00
  1.06939E+01  5.11855E+01  7.01970E+00
  1.09429E+01  4.53195E+01  7.76308E+00
  1.11920E+01  5.27215E+01  8.05221E+00
  1.14410E+01  5.23242E+01  7.16230E+00
  1.16900E+01  4.83494E+01  7.82737E+00
  1.19391E+01  5.49203E+01  8.11734E+00
  1.21881E+01  5.88940E+01  7.74768E+00
  1.24371E+01  5.34978E+01  7.80590E+00
  1.26862E+01  4.75813E+01  7.38765E+00
  1.29352E+01  4.68523E+01  7.65360E+00
  1.31842E+01  5.24143E+01  7.74194E+00
  1.34333E+01  6.03350E+01  8.40472E+00
  1.36823E+01  5.66790E+01  8.25404E+00
  1.39313E+01  6.40086E+01  8.25578E+00
  1.41803E+01  5.08429E+01  7.42380E+00
  1.44294E+01  5.40644E+01  8.02775E+00
  1.46784E+01  5.35013E+01  7.77110E+00
  1.49274E+01  6.17391E+01  8.47287E+00
  1.51765E+01  5.78843E+01  7.94302E+00
  1.54255E+01  5.26721E+01  8.04483E+00
  1.56745E+01  6.30694E+01  8.17836E+00
  1.59236E+01  5.28474E+01  7.60558E+00
  1.61726E+01  5.28961E+01  7.88994E+00
  1.64216E+01  5.41129E+01  7.74022E+00
  1.66707E+01  5.20272E+01  8.16257E+00
  1.69197E+01  6.68471E+01  8.65318E+00
  1.71687E+01  5.65387E+01  7.76223E+00
  1.74178E+01  6.15714E+01  8.84336E+00
  1.76668E+01  6.67738E+01  8.57081E+00
  1.79158E+01  6.29564E+01  8.23238E+00
  1.81649E+01  6.50675E+01  8.54972E+00
  1.84139E+01  6.54237E+01  8.74719E+00
  1.86629E+01  6.43444E+01  8.37533E+00
  1.89120E+01  6.37503E+01  8.80588E+00
  1.91610E+01  7.13533E+01  9.18325E+00
  1.94100E+01  7.97685E+01  9.33446E+00
  1.96591E+01  7.22632E+01  8.43018E+00
  1.99081E+01  6.40536E+01  9.36842E+00
  2.01571E+01  7.56308E+01  8.68757E+00
  2.04062E+01  7.23940E+01  9.70860E+00
  2.06552E+01  8.62224E+01  9.66726E+00
  2.09042E+01  7.79399E+01  8.63397E+00
  2.11532E+01  7.47742E+01  9.19192E+00
  2.14023E+01  7.01670E+01  9.68346E+00
  2.16513E+01  8.98869E+01  1.02443E+01
  2.19003E+01  8.41743E+01  9.15745E+00
  2.21494E+01  8.61485E+01  9.68351E+00
  2.23984E+01  8.12701E+01  9.66440E+00
  2.26474E+01  9.56296E+01  1.04572E+01
  2.28965E+01  8.20347E+01  9.45584E+00
  2.31455E+01  8.68883E+01  1.04309E+01
  2.33945E+01  9.90910E+01  1.00071E+01
  2.36436E+01  8.84089E+01  9.63623E+00
  2.38926E+01  8.12777E+01  9.65888E+00
  2.41416E+01  9.44742E+01  1.07709E+01
  2.43907E+01  1.01734E+02  1.06977E+01
  2.46397E+01  1.07803E+02  1.06475E+01
  2.48887E+01  9.51968E+01  1.00723E+01
  2.51378E+01  9.95276E+01  1.10262E+01
  2.53868E+01  1.07676E+02  1.09920E+01
  2.56358E+01  1.01683E+02  1.09977E+01
  2.58849E+01  1.38965E+02  1.28091E+01
  2.61339E+01  1.45429E+02  1.23316E+01
  2.63829E+01  1.31286E+02  1.20642E+01
  2.66320E+01  1.37310E+02  1.23798E+01
  2.68810E+01  1.48891E+02  1.24499E+01
  2.71300E+01  1.35896E+02  1.19748E+01
  2.73791E+01  1.29959E+02  1.23397E+01
  2.76281E+01  1.43416E+02  1.28825E+01
  2.78771E+01  1.57602E+02  1.28994E+01
  2.81262E+01  1.58803E+02  1.34316E+01
  2.83752E+01  1.61703E+02  1.34986E+01
  2.86242E+01  1.73193E+02  1.40963E+01
  2.88732E+01  1.77633E+02  1.36791E+01
  2.91223E+01  1.72999E+02  1.39447E+01
  2.93713E+01  2.01144E+02  1.52827E+01
  2.96203E+01  2.18419E+02  1.53321E+01
  2.98694E+01  2.12421E+02  1.53748E+01
  3.01184E+01  2.15915E+02  1.51552E+01
  3.03674E+01  2.09081E+02  1.51740E+01
  3.06165E+01  2.16093E+02  1.54571E+01
  3.08655E+01  2.28093E+02  1.57177E+01
  3.11145E+01  2.28145E+02  1.59086E+01
  3.13636E+01  2.44371E+02  1.65747E+01
  3.16126E+01  2.33459E+02  1.58501E+01
  3.18616E+01  2.34743E+02  1.54503E+01
  3.21107E+01  2.09003E+02  1.48579E+01
  3.23597E+01  1.98291E+02  1.46955E+01
  3.26087E+01  2.08939E+02  1.54423E+01
  3.28578E+01  2.11723E+02  1.51290E+01
  3.31068E+01  2.20694E+02  1.56706E+01
  3.33558E+01  2.19556E+02  1.51269E+01
  3.36049E+01  2.01110E+02  1.50324E+01
  3.38539E+01  2.25903E+02  1.58547E+01
  3.41029E+01  2.12347E+02  1.48256E+01
  3.43520E+01  1.79077E+02  1.37567E+01
  3.46010E+01  1.76158E+02  1.43136E+01
  3.48500E+01  1.73240E+02  1.35745E+01
  3.50991E+01  1.63560E+02  1.35931E+01
  3.53481E+01  1.79899E+02  1.39888E+01
  3.55971E+01  1.69181E+02  1.35233E+01
  3.58461E+01  1.52847E+02  1.26776E+01
  3.60952E+01  1.55250E+02  1.33090E+01
  3.63442E+01  1.54454E+02  1.30166E+01
  3.65932E+01  1.40308E+02  1.25549E+01
  3.68423E+01  1.41501E+02  1.23287E+01
  3.70913E+01  1.31540E+02  1.20296E+01
  3.73403E+01  1.19442E+02  1.12835E+01
  3.75894E+01  1.13784E+02  1.16563E+01
  3.78384E+01  1.37349E+02  1.27552E+01
  3.80874E+01  1.37467E+02  1.19942E+01
  3.83365E+01  1.12577E+02  1.13075E+01
  3.85855E+01  1.21485E+02  1.19725E+01
  3.88345E+01  1.26676E+02  1.16044E+01
  3.90836E+01  1.06031E+02  1.08560E+01
  3.93326E+01  1.16198E+02  1.14040E+01
  3.95816E+01  1.10073E+02  1.12085E+01
  3.98307E+01  1.06710E+02  1.07716E+01
  4.00797E+01  1.08037E+02  1.17004E+01
  4.03287E+01  1.17348E+02  1.13880E+01
  4.05778E+01  1.21245E+02  1.15411E+01
  4.08268E+01  9.45914E+01  1.03360E+01
  4.10758E+01  9.62962E+01  1.06619E+01
  4.13249E+01  1.22710E+02  1.24949E+01
  4.15739E+01  1.32882E+02  1.19469E+01
  4.18229E+01  1.15462E+02  1.13661E+01
  4.20720E+01  1.13951E+02  1.11990E+01
  4.23210E+01  1.06471E+02  1.13785E+01
  4.25700E+01  1.16436E+02  1.14081E+01
  4.28190E+01  1.08953E+02  1.10884E+01
  4.30681E+01  9.98309E+01  1.01794E+01
  4.33171E+01  8.87538E+01  1.01749E+01
  4.35661E+01  9.54182E+01  1.08889E+01
  4.38152E+01  1.10318E+02  1.15510E+01
  4.40642E+01  1.10437E+02  1.11883E+01
  4.43132E+01  1.14673E+02  1.16020E+01
  4.45623E+01  1.14944E+02  1.07106E+01
  4.48113E+01  9.70403E+01  1.04207E+01
  4.50603E+01  7.95304E+01  9.60540E+00
  4.53094E+01  8.29939E+01  1.04225E+01
  4.55584E+01  9.84701E+01  1.08835E+01
  4.58074E+01  1.09067E+02  1.09761E+01
  4.60565E+01  9.52377E+01  1.03692E+01
  4.63055E+01  8.91844E+01  9.92415E+00
  4.65545E+01  8.24591E+01  1.02112E+01
  4.68036E+01  8.99890E+01  1.01183E+01
  4.70526E+01  8.73496E+01  9.81389E+00
  4.73016E+01  8.72071E+01  1.06326E+01
  4.75507E+01  9.19548E+01  1.02355E+01
  4.77997E+01  8.91915E+01  1.04685E+01
  4.80487E+01  9.60655E+01  1.03317E+01
  4.82978E+01  9.07981E+01  1.04152E+01
  4.85468E+01  8.77959E+01  9.65399E+00
  4.87958E+01  7.11392E+01  8.93793E+00
  4.90449E+01  7.86899E+01  1.03200E+01
  4.92939E+01  8.28855E+01  9.28975E+00
  4.95429E+01  6.67927E+01  8.80967E+00
  4.97919E+01  6.22574E+01  8.82283E+00
  5.00410E+01  7.20023E+01  9.26316E+00
  5.02900E+01  6.14291E+01  8.21143E+00
  5.05390E+01  6.15934E+01  9.13509E+00
  5.07881E+01  6.67389E+01  8.81099E+00
  5.10371E+01  6.15660E+01  8.41851E+00
  5.12861E+01  6.24514E+01  8.88689E+00
  5.15352E+01  6.05398E+01  8.30316E+00
  5.17842E+01  6.07070E+01  8.70290E+00
  5.20332E+01  5.99611E+01  8.64522E+00
  5.22823E+01  5.75741E+01  8.67104E+00
  5.25313E+01  6.73229E+01  9.13425E+00
  5.27803E+01  7.08858E+01  9.04984E+00
  5.30294E+01  7.44176E+01  1.00406E+01
  5.32784E+01  8.53653E+01  9.73416E+00
  5.35274E+01  7.21066E+01  8.76843E+00
  5.37765E+01  6.23116E+01  9.08767E+00
  5.40255E+01  7.27649E+01  9.73098E+00
  5.42745E+01  8.05163E+01  9.87741E+00
  5.45236E+01  8.34008E+01  9.99201E+00
  5.47726E+01  9.50403E+01  1.10966E+01
  5.50216E+01  9.40905E+01  1.06178E+01
  5.52707E+01  1.02270E+02  1.12026E+01
  5.55197E+01  1.06210E+02  1.06963E+01
  5.57687E+01  9.23460E+01  1.06408E+01
  5.60178E+01  1.01043E+02  1.10597E+01
  5.62668E+01  1.03003E+02  1.10691E+01
  5.65158E+01  1.09588E+02  1.14123E+01
  5.67649E+01  1.04526E+02  1.05352E+01
  5.70139E+01  9.75579E+01  1.15706E+01
  5.72629E+01  1.12407E+02  1.12841E+01
  5.75119E+01  1.00966E+02  1.07501E+01
  5.77610E+01  9.83475E+01  1.07661E+01
  5.80100E+01  9.50495E+01  1.08868E+01
  5.82590E+01  9.87722E+01  1.03911E+01
  5.85081E+01  9.16961E+01  1.07146E+01
  5.87571E+01  8.95645E+01  9.77287E+00
  5.90061E+01  7.67460E+01  9.72317E+00
  5.92552E+01  7.83097E+01  9.78887E+00
  5.95042E+01  7.29744E+01  8.86121E+00
  5.97532E+01  5.94766E+01  8.14364E+00
  6.00023E+01  5.80892E+01  8.66125E+00
  6.02513E+01  5.19391E+01  7.94838E+00
  6.05003E+01  4.77914E+01  7.44116E+00
  6.07494E+01  3.98154E+01  6.98211E+00
  6.09984E+01  3.05901E+01  5.61553E+00
  6.12474E+01  2.45754E+01  6.37879E+00
  6.14965E+01  2.81556E+01  5.71451E+00
  6.17455E+01  2.55677E+01  5.96898E+00
  6.19945E+01  2.20857E+01  5.18820E+00
  6.22436E+01  1.34371E+01  3.83798E+00
  6.24926E+01  9.09275E+00  4.86929E+00
  6.27416E+01  1.46462E+01  4.40637E+00
  6.29907E+01  1.18270E+01  4.42200E+00
  6.32397E+01  1.13606E+01  4.15661E+00
  6.34887E+01  7.82328E+00  4.00234E+00
  6.37378E+01  1.03556E+01  4.43617E+00
  6.39868E+01  1.09377E+01  4.32927E+00
  6.42358E+01  7.79058E+00  3.31102E+00
  6.44848E+01  5.94957E+00  3.87922E+00
  6.47339E+01  6.84915E+00  3.74418E+00
  6.49829E+01  5.60854E+00  3.05710E+00
  6.52319E+01  3.75412E+00  3.62053E+00
  6.54810E+01  4.46545E+00  3.33450E+00
  6.57300E+01  4.88121E+00  3.72840E+00
  6.59790E+01  5.98424E+00  3.50867E+00
  6.62281E+01  6.01741E+00  3.79592E+00
  6.64771E+01  4.63006E+00  3.20840E+00
  6.67261E+01  5.71764E+00  3.31601E+00
  6.69752E+01  2.78673E+00  3.29363E+00
  6.72242E+01  4.68684E+00  3.20394E+00
  6.74732E+01  2.94892E+00  2.94517E+00
  6.77223E+01  9.96437E-01  2.85408E+00
  6.79713E+01  1.84762E+00  3.23151E+00
  6.82203E+01  2.34994E+00  2.97666E+00
  6.84694E+01  5.44855E+00  3.51216E+00
  6.87184E+01  1.24148E+00  2.55213E+00
  6.89674E+01  3.06913E+00  2.86505E+00
  6.92165E+01  2.01594E+00  3.37433E+00
  6.94655E+01  1.17014E+00  1.91169E+00
  6.97145E+01 -1.81278E+00  2.49995E+00
  6.99636E+01  1.41412E+00  3.10888E+00
  7.02126E+01  1.78428E+00  3.15818E+00
  7.04616E+01  3.56168E+00  3.20851E+00
  7.07107E+01  4.39313E+00  3.35385E+00
  7.09597E+01  2.75200E+00  3.26188E+00
  7.12087E+01  4.71766E+00  3.55530E+00
  7.14577E+01  5.90514E+00  3.51473E+00
  7.17068E+01  3.56935E+00  2.66808E+00
  7.19558E+01  1.13533E+00  2.88859E+00
  7.22048E+01  1.08392E+00  2.35911E+00
  7.24539E+01  6.07276E-01  3.57777E+00
  7.27029E+01  7.10199E+00  3.92923E+00
  7.29519E+01  4.42135E+00  2.61338E+00
  7.32010E+01  2.12470E+00  2.94567E+00
  7.34500E+01  9.15781E-01  3.31997E+00
  7.36990E+01  3.30320E+00  2.88085E+00
  7.39481E+01  2.62983E+00  3.03377E+00
  7.41971E+01  5.88642E-01  2.21121E+00
  7.44461E+01 -1.26894E+00  2.78090E+00
  7.46952E+01  2.37313E+00  2.87048E+00
  7.49442E+01 -1.51428E-01  2.81665E+00
  7.51932E+01  2.97366E+00  3.09211E+00
  7.54423E+01  2.06304E+00  2.32292E+00
  7.56913E+01 -1.05256E+00  2.59025E+00
  7.59403E+01 -1.41963E-01  2.41984E+00
  7.61894E+01  1.19695E+00  2.80100E+00
  7.64384E+01 -5.85257E-01  2.04795E+00
  7.66874E+01 -1.68585E+00  2.32459E+00
  7.69365E+01  5.00519E-01  2.82377E+00
  7.71855E+01  1.55045E-01  2.54979E+00
  7.74345E+01  1.90364E+00  3.30688E+00
  7.76836E+01  5.02118E+00  2.91771E+00
  7.79326E+01 -2.77412E+00  1.72513E+00
  7.81816E+01  1.79717E+00  2.98593E+00
  7.84306E+01  1.82845E-01  3.06725E+00
  7.86797E+01  2.32252E+00  2.90541E+00
  7.89287E+01  2.36221E+00  3.02473E+00
  7.91777E+01  2.26623E+00  2.74028E+00
  7.94268E+01  1.90320E+00  3.05274E+00
  7.96758E+01  4.48990E-01  2.85135E+00
  7.99248E+01  2.75840E+00  3.00818E+00
  8.01739E+01  2.46432E-01  2.67359E+00
  8.04229E+01  4.38694E-01  2.00789E+00
  8.06719E+01 -2.24756E+00  2.11495E+00
  8.09210E+01  4.73070E-01  3.10916E+00
  8.11700E+01  2.26399E+00  2.98973E+00
  8.14190E+01  7.89365E-01  2.53845E+00
  8.16681E+01  2.64796E-01  1.92570E+00
  8.19171E+01 -2.62883E+00  2.56756E+00
  8.21661E+01  1.51611E+00  2.72538E+00
  8.24152E+01  9.78392E-02  2.37818E+00
  8.26642E+01 -5.78071E-01  2.66929E+00
  8.29132E+01  4.20265E+00  3.19947E+00
  8.31623E+01  2.12095E+00  2.96022E+00
