@page size 600,600
@view 0.12,0.1,0.97,0.93
@subtitle "PHOENIX module phox, 04/18/18 at 11:43:33 -07:00"
@xaxes scale Normal
@yaxes scale Normal
@xaxis label "energy (meV)"
@yaxis label "two-phonon contribution (1/eV)"
@type xy
 -6.00168E+01  5.36419E-03
 -5.97677E+01  5.40435E-03
 -5.95187E+01  5.13753E-03
 -5.92697E+01  5.04236E-03
 -5.90206E+01  5.33641E-03
 -5.87716E+01  5.51726E-03
 -5.85226E+01  5.35177E-03
 -5.82735E+01  5.18179E-03
 -5.80245E+01  5.22765E-03
 -5.77755E+01  5.41843E-03
 -5.75264E+01  5.48275E-03
 -5.72774E+01  5.29504E-03
 -5.70284E+01  5.19214E-03
 -5.67793E+01  5.34226E-03
 -5.65303E+01  5.48205E-03
 -5.62813E+01  5.46201E-03
 -5.60322E+01  5.38396E-03
 -5.57832E+01  5.37344E-03
 -5.55342E+01  5.40834E-03
 -5.52851E+01  5.38100E-03
 -5.50361E+01  5.40804E-03
 -5.47871E+01  5.60646E-03
 -5.45380E+01  5.67621E-03
 -5.42890E+01  5.49453E-03
 -5.40400E+01  5.41130E-03
 -5.37909E+01  5.53264E-03
 -5.35419E+01  5.68411E-03
 -5.32929E+01  5.70624E-03
 -5.30439E+01  5.63460E-03
 -5.27948E+01  5.65953E-03
 -5.25458E+01  5.71646E-03
 -5.22968E+01  5.67344E-03
 -5.20477E+01  5.71181E-03
 -5.17987E+01  5.78763E-03
 -5.15497E+01  5.76619E-03
 -5.13006E+01  5.81607E-03
 -5.10516E+01  5.84837E-03
 -5.08026E+01  5.74962E-03
 -5.05535E+01  5.79972E-03
 -5.03045E+01  6.00506E-03
 -5.00555E+01  5.95338E-03
 -4.98064E+01  5.73951E-03
 -4.95574E+01  5.88278E-03
 -4.93084E+01  6.19457E-03
 -4.90593E+01  6.12523E-03
 -4.88103E+01  5.84314E-03
 -4.85613E+01  5.83719E-03
 -4.83122E+01  6.18488E-03
 -4.80632E+01  6.40172E-03
 -4.78142E+01  6.14818E-03
 -4.75651E+01  5.90910E-03
 -4.73161E+01  6.16747E-03
 -4.70671E+01  6.48042E-03
 -4.68180E+01  6.32857E-03
 -4.65690E+01  6.13220E-03
 -4.63200E+01  6.34272E-03
 -4.60710E+01  6.60440E-03
 -4.58219E+01  6.53105E-03
 -4.55729E+01  6.33422E-03
 -4.53239E+01  6.41149E-03
 -4.50748E+01  6.69365E-03
 -4.48258E+01  6.71169E-03
 -4.45768E+01  6.50610E-03
 -4.43277E+01  6.64185E-03
 -4.40787E+01  6.93013E-03
 -4.38297E+01  6.78526E-03
 -4.35806E+01  6.62782E-03
 -4.33316E+01  6.92649E-03
 -4.30826E+01  7.07908E-03
 -4.28335E+01  6.88810E-03
 -4.25845E+01  6.99902E-03
 -4.23355E+01  7.25212E-03
 -4.20864E+01  7.19376E-03
 -4.18374E+01  7.05961E-03
 -4.15884E+01  7.20524E-03
 -4.13393E+01  7.48660E-03
 -4.10903E+01  7.48004E-03
 -4.08413E+01  7.31782E-03
 -4.05922E+01  7.40833E-03
 -4.03432E+01  7.61254E-03
 -4.00942E+01  7.66690E-03
 -3.98451E+01  7.58029E-03
 -3.95961E+01  7.57287E-03
 -3.93471E+01  7.75546E-03
 -3.90981E+01  7.92488E-03
 -3.88490E+01  7.93320E-03
 -3.86000E+01  7.86549E-03
 -3.83510E+01  7.90931E-03
 -3.81019E+01  8.13548E-03
 -3.78529E+01  8.26608E-03
 -3.76039E+01  8.09264E-03
 -3.73548E+01  8.10341E-03
 -3.71058E+01  8.39448E-03
 -3.68568E+01  8.40687E-03
 -3.66077E+01  8.28131E-03
 -3.63587E+01  8.46170E-03
 -3.61097E+01  8.66834E-03
 -3.58606E+01  8.58919E-03
 -3.56116E+01  8.58139E-03
 -3.53626E+01  8.80450E-03
 -3.51135E+01  9.03251E-03
 -3.48645E+01  9.02240E-03
 -3.46155E+01  8.85285E-03
 -3.43664E+01  9.05113E-03
 -3.41174E+01  9.39457E-03
 -3.38684E+01  9.30185E-03
 -3.36193E+01  9.15899E-03
 -3.33703E+01  9.44723E-03
 -3.31213E+01  9.76497E-03
 -3.28722E+01  9.73763E-03
 -3.26232E+01  9.64400E-03
 -3.23742E+01  9.72114E-03
 -3.21252E+01  9.83685E-03
 -3.18761E+01  1.00928E-02
 -3.16271E+01  1.03713E-02
 -3.13781E+01  1.02782E-02
 -3.11290E+01  1.01158E-02
 -3.08800E+01  1.03514E-02
 -3.06310E+01  1.07680E-02
 -3.03819E+01  1.08931E-02
 -3.01329E+01  1.08030E-02
 -2.98839E+01  1.08360E-02
 -2.96348E+01  1.10669E-02
 -2.93858E+01  1.13460E-02
 -2.91368E+01  1.13911E-02
 -2.88877E+01  1.12968E-02
 -2.86387E+01  1.14751E-02
 -2.83897E+01  1.18316E-02
 -2.81406E+01  1.19620E-02
 -2.78916E+01  1.19067E-02
 -2.76426E+01  1.19419E-02
 -2.73935E+01  1.20832E-02
 -2.71445E+01  1.23751E-02
 -2.68955E+01  1.26106E-02
 -2.66464E+01  1.23931E-02
 -2.63974E+01  1.22415E-02
 -2.61484E+01  1.26995E-02
 -2.58993E+01  1.31511E-02
 -2.56503E+01  1.30699E-02
 -2.54013E+01  1.27437E-02
 -2.51522E+01  1.28451E-02
 -2.49032E+01  1.34231E-02
 -2.46542E+01  1.36399E-02
 -2.44052E+01  1.33942E-02
 -2.41561E+01  1.32998E-02
 -2.39071E+01  1.35052E-02
 -2.36581E+01  1.37645E-02
 -2.34090E+01  1.38735E-02
 -2.31600E+01  1.39681E-02
 -2.29110E+01  1.40610E-02
 -2.26619E+01  1.39913E-02
 -2.24129E+01  1.41018E-02
 -2.21639E+01  1.44568E-02
 -2.19148E+01  1.45606E-02
 -2.16658E+01  1.44926E-02
 -2.14168E+01  1.45297E-02
 -2.11677E+01  1.46334E-02
 -2.09187E+01  1.48617E-02
 -2.06697E+01  1.52059E-02
 -2.04206E+01  1.52443E-02
 -2.01716E+01  1.49353E-02
 -1.99226E+01  1.49845E-02
 -1.96735E+01  1.56791E-02
 -1.94245E+01  1.61026E-02
 -1.91755E+01  1.56790E-02
 -1.89264E+01  1.54712E-02
 -1.86774E+01  1.62819E-02
 -1.84284E+01  1.67863E-02
 -1.81793E+01  1.63295E-02
 -1.79303E+01  1.63077E-02
 -1.76813E+01  1.68615E-02
 -1.74323E+01  1.69975E-02
 -1.71832E+01  1.70618E-02
 -1.69342E+01  1.75000E-02
 -1.66852E+01  1.76042E-02
 -1.64361E+01  1.73800E-02
 -1.61871E+01  1.76659E-02
 -1.59381E+01  1.83048E-02
 -1.56890E+01  1.84925E-02
 -1.54400E+01  1.84583E-02
 -1.51910E+01  1.86376E-02
 -1.49419E+01  1.88893E-02
 -1.46929E+01  1.91885E-02
 -1.44439E+01  1.94191E-02
 -1.41948E+01  1.94821E-02
 -1.39458E+01  1.96406E-02
 -1.36968E+01  2.00706E-02
 -1.34477E+01  2.04535E-02
 -1.31987E+01  2.04677E-02
 -1.29497E+01  2.04576E-02
 -1.27006E+01  2.07573E-02
 -1.24516E+01  2.11804E-02
 -1.22026E+01  2.14222E-02
 -1.19535E+01  2.15417E-02
 -1.17045E+01  2.18121E-02
 -1.14555E+01  2.21933E-02
 -1.12064E+01  2.23974E-02
 -1.09574E+01  2.23699E-02
 -1.07084E+01  2.26388E-02
 -1.04594E+01  2.32802E-02
 -1.02103E+01  2.34674E-02
 -9.96129E+00  2.33283E-02
 -9.71225E+00  2.36216E-02
 -9.46322E+00  2.40399E-02
 -9.21419E+00  2.42347E-02
 -8.96516E+00  2.45113E-02
 -8.71613E+00  2.48371E-02
 -8.46709E+00  2.49800E-02
 -8.21806E+00  2.52357E-02
 -7.96903E+00  2.56440E-02
 -7.72000E+00  2.58333E-02
 -7.47097E+00  2.60803E-02
 -7.22193E+00  2.65634E-02
 -6.97290E+00  2.68282E-02
 -6.72387E+00  2.68854E-02
 -6.47484E+00  2.73627E-02
 -6.22580E+00  2.82003E-02
 -5.97677E+00  2.82955E-02
 -5.72774E+00  2.79252E-02
 -5.47871E+00  2.83644E-02
 -5.22968E+00  2.93023E-02
 -4.98064E+00  2.97262E-02
 -4.73161E+00  2.98176E-02
 -4.48258E+00  2.99592E-02
 -4.23355E+00  3.02522E-02
 -3.98451E+00  3.08572E-02
 -3.73548E+00  3.13970E-02
 -3.48645E+00  3.15162E-02
 -3.23742E+00  3.16188E-02
 -2.98839E+00  3.20816E-02
 -2.73935E+00  3.28850E-02
 -2.49032E+00  3.32844E-02
 -2.24129E+00  3.30594E-02
 -1.99226E+00  3.30604E-02
 -1.74323E+00  3.35444E-02
 -1.49419E+00  3.41510E-02
 -1.24516E+00  3.46168E-02
 -9.96129E-01  3.45613E-02
 -7.47097E-01  3.43118E-02
 -4.98064E-01  3.46931E-02
 -2.49032E-01  3.52102E-02
  0.00000E+00  3.51359E-02
  2.49032E-01  3.50175E-02
  4.98064E-01  3.51943E-02
  7.47097E-01  3.55329E-02
  9.96129E-01  3.56382E-02
  1.24516E+00  3.52920E-02
  1.49419E+00  3.51396E-02
  1.74323E+00  3.54857E-02
  1.99226E+00  3.57176E-02
  2.24129E+00  3.53851E-02
  2.49032E+00  3.51349E-02
  2.73935E+00  3.53614E-02
  2.98839E+00  3.53795E-02
  3.23742E+00  3.50619E-02
  3.48645E+00  3.48526E-02
  3.73548E+00  3.48248E-02
  3.98451E+00  3.49942E-02
  4.23355E+00  3.51937E-02
  4.48258E+00  3.50278E-02
  4.73161E+00  3.44658E-02
  4.98064E+00  3.43538E-02
  5.22968E+00  3.47918E-02
  5.47871E+00  3.46849E-02
  5.72774E+00  3.41757E-02
  5.97677E+00  3.44467E-02
  6.22580E+00  3.48311E-02
  6.47484E+00  3.42109E-02
  6.72387E+00  3.35877E-02
  6.97290E+00  3.40788E-02
  7.22193E+00  3.47241E-02
  7.47097E+00  3.43644E-02
  7.72000E+00  3.37568E-02
  7.96903E+00  3.39698E-02
  8.21806E+00  3.45078E-02
  8.46709E+00  3.44379E-02
  8.71613E+00  3.39041E-02
  8.96516E+00  3.38660E-02
  9.21419E+00  3.43270E-02
  9.46322E+00  3.43829E-02
  9.71225E+00  3.40098E-02
  9.96129E+00  3.39957E-02
  1.02103E+01  3.43414E-02
  1.04594E+01  3.44200E-02
  1.07084E+01  3.42222E-02
  1.09574E+01  3.41193E-02
  1.12064E+01  3.43513E-02
  1.14555E+01  3.44867E-02
  1.17045E+01  3.41353E-02
  1.19535E+01  3.38949E-02
  1.22026E+01  3.42583E-02
  1.24516E+01  3.46000E-02
  1.27006E+01  3.43288E-02
  1.29497E+01  3.40560E-02
  1.31987E+01  3.42824E-02
  1.34477E+01  3.45450E-02
  1.36968E+01  3.43217E-02
  1.39458E+01  3.40817E-02
  1.41948E+01  3.41902E-02
  1.44439E+01  3.40909E-02
  1.46929E+01  3.40083E-02
  1.49419E+01  3.44492E-02
  1.51910E+01  3.44782E-02
  1.54400E+01  3.37924E-02
  1.56890E+01  3.37130E-02
  1.59381E+01  3.42477E-02
  1.61871E+01  3.42627E-02
  1.64361E+01  3.38772E-02
  1.66852E+01  3.39463E-02
  1.69342E+01  3.43122E-02
  1.71832E+01  3.40932E-02
  1.74323E+01  3.36431E-02
  1.76813E+01  3.38510E-02
  1.79303E+01  3.41639E-02
  1.81793E+01  3.39343E-02
  1.84284E+01  3.37078E-02
  1.86774E+01  3.39532E-02
  1.89264E+01  3.42531E-02
  1.91755E+01  3.42106E-02
  1.94245E+01  3.39746E-02
  1.96735E+01  3.39659E-02
  1.99226E+01  3.42661E-02
  2.01716E+01  3.44258E-02
  2.04206E+01  3.43783E-02
  2.06697E+01  3.44302E-02
  2.09187E+01  3.47098E-02
  2.11677E+01  3.48095E-02
  2.14168E+01  3.46075E-02
  2.16658E+01  3.47531E-02
  2.19148E+01  3.52453E-02
  2.21639E+01  3.54930E-02
  2.24129E+01  3.52217E-02
  2.26619E+01  3.48305E-02
  2.29110E+01  3.51465E-02
  2.31600E+01  3.57280E-02
  2.34090E+01  3.56311E-02
  2.36581E+01  3.53588E-02
  2.39071E+01  3.56077E-02
  2.41561E+01  3.59842E-02
  2.44052E+01  3.59139E-02
  2.46542E+01  3.56108E-02
  2.49032E+01  3.55507E-02
  2.51522E+01  3.57800E-02
  2.54013E+01  3.59338E-02
  2.56503E+01  3.57588E-02
  2.58993E+01  3.55834E-02
  2.61484E+01  3.56579E-02
  2.63974E+01  3.56992E-02
  2.66464E+01  3.55385E-02
  2.68955E+01  3.53082E-02
  2.71445E+01  3.52751E-02
  2.73935E+01  3.55568E-02
  2.76426E+01  3.57024E-02
  2.78916E+01  3.51778E-02
  2.81406E+01  3.45233E-02
  2.83897E+01  3.48548E-02
  2.86387E+01  3.55295E-02
  2.88877E+01  3.50851E-02
  2.91368E+01  3.43940E-02
  2.93858E+01  3.45807E-02
  2.96348E+01  3.50487E-02
  2.98839E+01  3.49483E-02
  3.01329E+01  3.43210E-02
  3.03819E+01  3.41300E-02
  3.06310E+01  3.45786E-02
  3.08800E+01  3.46058E-02
  3.11290E+01  3.41180E-02
  3.13781E+01  3.42019E-02
  3.16271E+01  3.46280E-02
  3.18761E+01  3.43980E-02
  3.21252E+01  3.39619E-02
  3.23742E+01  3.42071E-02
  3.26232E+01  3.46976E-02
  3.28722E+01  3.44923E-02
  3.31213E+01  3.38558E-02
  3.33703E+01  3.38967E-02
  3.36193E+01  3.44655E-02
  3.38684E+01  3.44967E-02
  3.41174E+01  3.41275E-02
  3.43664E+01  3.39390E-02
  3.46155E+01  3.42093E-02
  3.48645E+01  3.44593E-02
  3.51135E+01  3.42712E-02
  3.53626E+01  3.41367E-02
  3.56116E+01  3.40738E-02
  3.58606E+01  3.41221E-02
  3.61097E+01  3.43757E-02
  3.63587E+01  3.44137E-02
  3.66077E+01  3.42234E-02
  3.68568E+01  3.40970E-02
  3.71058E+01  3.40916E-02
  3.73548E+01  3.42586E-02
  3.76039E+01  3.44278E-02
  3.78529E+01  3.44622E-02
  3.81019E+01  3.44058E-02
  3.83510E+01  3.42829E-02
  3.86000E+01  3.42518E-02
  3.88490E+01  3.44190E-02
  3.90981E+01  3.45600E-02
  3.93471E+01  3.44956E-02
  3.95961E+01  3.44918E-02
  3.98451E+01  3.46685E-02
  4.00942E+01  3.46460E-02
  4.03432E+01  3.46718E-02
  4.05922E+01  3.49761E-02
  4.08413E+01  3.49024E-02
  4.10903E+01  3.44654E-02
  4.13393E+01  3.45597E-02
  4.15884E+01  3.53222E-02
  4.18374E+01  3.56148E-02
  4.20864E+01  3.50582E-02
  4.23355E+01  3.48257E-02
  4.25845E+01  3.52890E-02
  4.28335E+01  3.55934E-02
  4.30826E+01  3.56709E-02
  4.33316E+01  3.57269E-02
  4.35806E+01  3.56265E-02
  4.38297E+01  3.57266E-02
  4.40787E+01  3.62803E-02
  4.43277E+01  3.63824E-02
  4.45768E+01  3.58461E-02
  4.48258E+01  3.59282E-02
  4.50748E+01  3.67832E-02
  4.53239E+01  3.71677E-02
  4.55729E+01  3.67880E-02
  4.58219E+01  3.65633E-02
  4.60710E+01  3.69415E-02
  4.63200E+01  3.74958E-02
  4.65690E+01  3.77234E-02
  4.68180E+01  3.74793E-02
  4.70671E+01  3.73621E-02
  4.73161E+01  3.78145E-02
  4.75651E+01  3.82558E-02
  4.78142E+01  3.82793E-02
  4.80632E+01  3.82566E-02
  4.83122E+01  3.85964E-02
  4.85613E+01  3.88435E-02
  4.88103E+01  3.88190E-02
  4.90593E+01  3.92112E-02
  4.93084E+01  3.96201E-02
  4.95574E+01  3.93989E-02
  4.98064E+01  3.94486E-02
  5.00555E+01  4.00437E-02
  5.03045E+01  4.03405E-02
  5.05535E+01  4.03187E-02
  5.08026E+01  4.06440E-02
  5.10516E+01  4.10828E-02
  5.13006E+01  4.10915E-02
  5.15497E+01  4.10758E-02
  5.17987E+01  4.15212E-02
  5.20477E+01  4.20347E-02
  5.22968E+01  4.21993E-02
  5.25458E+01  4.23693E-02
  5.27948E+01  4.26773E-02
  5.30439E+01  4.28586E-02
  5.32929E+01  4.30757E-02
  5.35419E+01  4.35406E-02
  5.37909E+01  4.39332E-02
  5.40400E+01  4.39761E-02
  5.42890E+01  4.42683E-02
  5.45380E+01  4.49375E-02
  5.47871E+01  4.50691E-02
  5.50361E+01  4.50851E-02
  5.52851E+01  4.58003E-02
  5.55342E+01  4.63193E-02
  5.57832E+01  4.62973E-02
  5.60322E+01  4.67792E-02
  5.62813E+01  4.76892E-02
  5.65303E+01  4.78057E-02
  5.67793E+01  4.75612E-02
  5.70284E+01  4.81624E-02
  5.72774E+01  4.90809E-02
  5.75264E+01  4.94230E-02
  5.77755E+01  4.95348E-02
  5.80245E+01  4.99354E-02
  5.82735E+01  5.04342E-02
  5.85226E+01  5.07488E-02
  5.87716E+01  5.10297E-02
  5.90206E+01  5.13643E-02
  5.92697E+01  5.18122E-02
  5.95187E+01  5.24575E-02
  5.97677E+01  5.29572E-02
  6.00168E+01  5.30877E-02
  6.02658E+01  5.32496E-02
  6.05148E+01  5.34403E-02
  6.07639E+01  5.37403E-02
  6.10129E+01  5.45034E-02
  6.12619E+01  5.48533E-02
  6.15109E+01  5.45400E-02
  6.17600E+01  5.46832E-02
  6.20090E+01  5.52699E-02
  6.22580E+01  5.54888E-02
  6.25071E+01  5.53627E-02
  6.27561E+01  5.55884E-02
  6.30051E+01  5.58251E-02
  6.32542E+01  5.55552E-02
  6.35032E+01  5.57129E-02
  6.37522E+01  5.61788E-02
  6.40013E+01  5.58172E-02
  6.42503E+01  5.52614E-02
  6.44993E+01  5.55900E-02
  6.47484E+01  5.60872E-02
  6.49974E+01  5.58383E-02
  6.52464E+01  5.54236E-02
  6.54955E+01  5.53253E-02
  6.57445E+01  5.49318E-02
  6.59935E+01  5.47322E-02
  6.62426E+01  5.51039E-02
  6.64916E+01  5.49320E-02
  6.67406E+01  5.42033E-02
  6.69897E+01  5.39868E-02
  6.72387E+01  5.42502E-02
  6.74877E+01  5.41164E-02
  6.77368E+01  5.35348E-02
  6.79858E+01  5.31736E-02
  6.82348E+01  5.31647E-02
  6.84838E+01  5.30588E-02
  6.87329E+01  5.26987E-02
  6.89819E+01  5.23958E-02
  6.92309E+01  5.21228E-02
  6.94800E+01  5.18287E-02
  6.97290E+01  5.17655E-02
  6.99780E+01  5.16879E-02
  7.02271E+01  5.13440E-02
  7.04761E+01  5.10307E-02
  7.07251E+01  5.09095E-02
  7.09742E+01  5.07202E-02
  7.12232E+01  5.04035E-02
  7.14722E+01  5.02090E-02
  7.17213E+01  4.99932E-02
  7.19703E+01  4.99008E-02
  7.22193E+01  4.99523E-02
  7.24684E+01  4.96629E-02
  7.27174E+01  4.90658E-02
  7.29664E+01  4.89236E-02
  7.32155E+01  4.91466E-02
  7.34645E+01  4.89458E-02
  7.37135E+01  4.83861E-02
  7.39626E+01  4.82783E-02
  7.42116E+01  4.85702E-02
  7.44606E+01  4.82795E-02
  7.47097E+01  4.75768E-02
  7.49587E+01  4.73040E-02
  7.52077E+01  4.74156E-02
  7.54567E+01  4.75956E-02
  7.57058E+01  4.74741E-02
  7.59548E+01  4.68215E-02
  7.62038E+01  4.62349E-02
  7.64529E+01  4.62555E-02
  7.67019E+01  4.62705E-02
  7.69509E+01  4.58107E-02
  7.72000E+01  4.55657E-02
  7.74490E+01  4.57279E-02
  7.76980E+01  4.54458E-02
  7.79471E+01  4.48534E-02
  7.81961E+01  4.46880E-02
  7.84451E+01  4.45964E-02
  7.86942E+01  4.41705E-02
  7.89432E+01  4.38087E-02
  7.91922E+01  4.35683E-02
  7.94413E+01  4.34434E-02
  7.96903E+01  4.35338E-02
  7.99393E+01  4.31138E-02
  8.01884E+01  4.22940E-02
  8.04374E+01  4.20028E-02
  8.06864E+01  4.21828E-02
  8.09355E+01  4.21998E-02
  8.11845E+01  4.17536E-02
  8.14335E+01  4.12214E-02
  8.16826E+01  4.10308E-02
  8.19316E+01  4.11176E-02
  8.21806E+01  4.10935E-02
  8.24296E+01  4.05864E-02
  8.26787E+01  4.02309E-02
  8.29277E+01  4.04689E-02
  8.31767E+01  4.03932E-02
