@page size 600,600
@view 0.12,0.1,0.97,0.93
@subtitle "PHOENIX module phox, 05/15/18 at 21:54:39 -07:00"
@xaxes scale Normal
@yaxes scale Normal
@xaxis label "energy (meV)"
@yaxis label "fitted resolution function"
@type xy
 -7.17891E+01  0.00000E+00
 -7.15425E+01  0.00000E+00
 -7.12958E+01  0.00000E+00
 -7.10491E+01  0.00000E+00
 -7.08024E+01  0.00000E+00
 -7.05557E+01  0.00000E+00
 -7.03090E+01  0.00000E+00
 -7.00623E+01  0.00000E+00
 -6.98156E+01  0.00000E+00
 -6.95689E+01  0.00000E+00
 -6.93222E+01  0.00000E+00
 -6.90755E+01  0.00000E+00
 -6.88289E+01  0.00000E+00
 -6.85822E+01  0.00000E+00
 -6.83355E+01  0.00000E+00
 -6.80888E+01  0.00000E+00
 -6.78421E+01  0.00000E+00
 -6.75954E+01  0.00000E+00
 -6.73487E+01  0.00000E+00
 -6.71020E+01  0.00000E+00
 -6.68553E+01  0.00000E+00
 -6.66086E+01  0.00000E+00
 -6.63619E+01  0.00000E+00
 -6.61153E+01  0.00000E+00
 -6.58686E+01  0.00000E+00
 -6.56219E+01  0.00000E+00
 -6.53752E+01  0.00000E+00
 -6.51285E+01  0.00000E+00
 -6.48818E+01  0.00000E+00
 -6.46351E+01  0.00000E+00
 -6.43884E+01  0.00000E+00
 -6.41417E+01  0.00000E+00
 -6.38950E+01  0.00000E+00
 -6.36483E+01  0.00000E+00
 -6.34016E+01  0.00000E+00
 -6.31550E+01  0.00000E+00
 -6.29083E+01  0.00000E+00
 -6.26616E+01  0.00000E+00
 -6.24149E+01  0.00000E+00
 -6.21682E+01  0.00000E+00
 -6.19215E+01  0.00000E+00
 -6.16748E+01  0.00000E+00
 -6.14281E+01  0.00000E+00
 -6.11814E+01  0.00000E+00
 -6.09347E+01  0.00000E+00
 -6.06880E+01  0.00000E+00
 -6.04414E+01  0.00000E+00
 -6.01947E+01  0.00000E+00
 -5.99480E+01  0.00000E+00
 -5.97013E+01  0.00000E+00
 -5.94546E+01  0.00000E+00
 -5.92079E+01  0.00000E+00
 -5.89612E+01  0.00000E+00
 -5.87145E+01  0.00000E+00
 -5.84678E+01  0.00000E+00
 -5.82211E+01  0.00000E+00
 -5.79744E+01  0.00000E+00
 -5.77278E+01  0.00000E+00
 -5.74811E+01  0.00000E+00
 -5.72344E+01  0.00000E+00
 -5.69877E+01  0.00000E+00
 -5.67410E+01  0.00000E+00
 -5.64943E+01  0.00000E+00
 -5.62476E+01  0.00000E+00
 -5.60009E+01  0.00000E+00
 -5.57542E+01  0.00000E+00
 -5.55075E+01  0.00000E+00
 -5.52608E+01  0.00000E+00
 -5.50141E+01  0.00000E+00
 -5.47675E+01  0.00000E+00
 -5.45208E+01  0.00000E+00
 -5.42741E+01  0.00000E+00
 -5.40274E+01  0.00000E+00
 -5.37807E+01  0.00000E+00
 -5.35340E+01  0.00000E+00
 -5.32873E+01  0.00000E+00
 -5.30406E+01  0.00000E+00
 -5.27939E+01  0.00000E+00
 -5.25472E+01  0.00000E+00
 -5.23005E+01  0.00000E+00
 -5.20539E+01  0.00000E+00
 -5.18072E+01  0.00000E+00
 -5.15605E+01  0.00000E+00
 -5.13138E+01  0.00000E+00
 -5.10671E+01  0.00000E+00
 -5.08204E+01  0.00000E+00
 -5.05737E+01  0.00000E+00
 -5.03270E+01  0.00000E+00
 -5.00803E+01  0.00000E+00
 -4.98336E+01  0.00000E+00
 -4.95869E+01  0.00000E+00
 -4.93402E+01  0.00000E+00
 -4.90936E+01  0.00000E+00
 -4.88469E+01  0.00000E+00
 -4.86002E+01  0.00000E+00
 -4.83535E+01  0.00000E+00
 -4.81068E+01  0.00000E+00
 -4.78601E+01  0.00000E+00
 -4.76134E+01  0.00000E+00
 -4.73667E+01  0.00000E+00
 -4.71200E+01  0.00000E+00
 -4.68733E+01  0.00000E+00
 -4.66266E+01  0.00000E+00
 -4.63800E+01  0.00000E+00
 -4.61333E+01  0.00000E+00
 -4.58866E+01  0.00000E+00
 -4.56399E+01  0.00000E+00
 -4.53932E+01  0.00000E+00
 -4.51465E+01  0.00000E+00
 -4.48998E+01  0.00000E+00
 -4.46531E+01  0.00000E+00
 -4.44064E+01  0.00000E+00
 -4.41597E+01  0.00000E+00
 -4.39130E+01  0.00000E+00
 -4.36664E+01  0.00000E+00
 -4.34197E+01  0.00000E+00
 -4.31730E+01  0.00000E+00
 -4.29263E+01  0.00000E+00
 -4.26796E+01  0.00000E+00
 -4.24329E+01  0.00000E+00
 -4.21862E+01  0.00000E+00
 -4.19395E+01  0.00000E+00
 -4.16928E+01  0.00000E+00
 -4.14461E+01  0.00000E+00
 -4.11994E+01  0.00000E+00
 -4.09527E+01  0.00000E+00
 -4.07061E+01  0.00000E+00
 -4.04594E+01  0.00000E+00
 -4.02127E+01  0.00000E+00
 -3.99660E+01  0.00000E+00
 -3.97193E+01  0.00000E+00
 -3.94726E+01  0.00000E+00
 -3.92259E+01  0.00000E+00
 -3.89792E+01  0.00000E+00
 -3.87325E+01  0.00000E+00
 -3.84858E+01  0.00000E+00
 -3.82391E+01  0.00000E+00
 -3.79925E+01  0.00000E+00
 -3.77458E+01  0.00000E+00
 -3.74991E+01  0.00000E+00
 -3.72524E+01  0.00000E+00
 -3.70057E+01  0.00000E+00
 -3.67590E+01  0.00000E+00
 -3.65123E+01  0.00000E+00
 -3.62656E+01  0.00000E+00
 -3.60189E+01  0.00000E+00
 -3.57722E+01  0.00000E+00
 -3.55255E+01  0.00000E+00
 -3.52789E+01  0.00000E+00
 -3.50322E+01  0.00000E+00
 -3.47855E+01  0.00000E+00
 -3.45388E+01  0.00000E+00
 -3.42921E+01  0.00000E+00
 -3.40454E+01  0.00000E+00
 -3.37987E+01  0.00000E+00
 -3.35520E+01  0.00000E+00
 -3.33053E+01  0.00000E+00
 -3.30586E+01  0.00000E+00
 -3.28119E+01  0.00000E+00
 -3.25652E+01  0.00000E+00
 -3.23186E+01  0.00000E+00
 -3.20719E+01  0.00000E+00
 -3.18252E+01  0.00000E+00
 -3.15785E+01  0.00000E+00
 -3.13318E+01  0.00000E+00
 -3.10851E+01  0.00000E+00
 -3.08384E+01  0.00000E+00
 -3.05917E+01  0.00000E+00
 -3.03450E+01  0.00000E+00
 -3.00983E+01  0.00000E+00
 -2.98516E+01  0.00000E+00
 -2.96050E+01  0.00000E+00
 -2.93583E+01  0.00000E+00
 -2.91116E+01  0.00000E+00
 -2.88649E+01  0.00000E+00
 -2.86182E+01  0.00000E+00
 -2.83715E+01  0.00000E+00
 -2.81248E+01  0.00000E+00
 -2.78781E+01  0.00000E+00
 -2.76314E+01  0.00000E+00
 -2.73847E+01  0.00000E+00
 -2.71380E+01  0.00000E+00
 -2.68914E+01  0.00000E+00
 -2.66447E+01  0.00000E+00
 -2.63980E+01  0.00000E+00
 -2.61513E+01  0.00000E+00
 -2.59046E+01  0.00000E+00
 -2.56579E+01  0.00000E+00
 -2.54112E+01  0.00000E+00
 -2.51645E+01  0.00000E+00
 -2.49178E+01  0.00000E+00
 -2.46711E+01  0.00000E+00
 -2.44244E+01  0.00000E+00
 -2.41777E+01  0.00000E+00
 -2.39311E+01  0.00000E+00
 -2.36844E+01  0.00000E+00
 -2.34377E+01  0.00000E+00
 -2.31910E+01  0.00000E+00
 -2.29443E+01  0.00000E+00
 -2.26976E+01  0.00000E+00
 -2.24509E+01  0.00000E+00
 -2.22042E+01  0.00000E+00
 -2.19575E+01  0.00000E+00
 -2.17108E+01  0.00000E+00
 -2.14641E+01  0.00000E+00
 -2.12175E+01  0.00000E+00
 -2.09708E+01  0.00000E+00
 -2.07241E+01  0.00000E+00
 -2.04774E+01  0.00000E+00
 -2.02307E+01  0.00000E+00
 -1.99840E+01  0.00000E+00
 -1.97373E+01  0.00000E+00
 -1.94906E+01  0.00000E+00
 -1.92439E+01  0.00000E+00
 -1.89972E+01  0.00000E+00
 -1.87505E+01  0.00000E+00
 -1.85039E+01  0.00000E+00
 -1.82572E+01  0.00000E+00
 -1.80105E+01  0.00000E+00
 -1.77638E+01  0.00000E+00
 -1.75171E+01  0.00000E+00
 -1.72704E+01  0.00000E+00
 -1.70237E+01  0.00000E+00
 -1.67770E+01  0.00000E+00
 -1.65303E+01  0.00000E+00
 -1.62836E+01  0.00000E+00
 -1.60369E+01  0.00000E+00
 -1.57902E+01  0.00000E+00
 -1.55436E+01  0.00000E+00
 -1.52969E+01  0.00000E+00
 -1.50502E+01  0.00000E+00
 -1.48035E+01  0.00000E+00
 -1.45568E+01  0.00000E+00
 -1.43101E+01  0.00000E+00
 -1.40634E+01  0.00000E+00
 -1.38167E+01  0.00000E+00
 -1.35700E+01  0.00000E+00
 -1.33233E+01  0.00000E+00
 -1.30766E+01  0.00000E+00
 -1.28300E+01  0.00000E+00
 -1.25833E+01  0.00000E+00
 -1.23366E+01  0.00000E+00
 -1.20899E+01  0.00000E+00
 -1.18432E+01  0.00000E+00
 -1.15965E+01  0.00000E+00
 -1.13498E+01  0.00000E+00
 -1.11031E+01  0.00000E+00
 -1.08564E+01  0.00000E+00
 -1.06097E+01  0.00000E+00
 -1.03630E+01  0.00000E+00
 -1.01164E+01  0.00000E+00
 -9.86966E+00  0.00000E+00
 -9.62297E+00  0.00000E+00
 -9.37628E+00  0.00000E+00
 -9.12959E+00  0.00000E+00
 -8.88290E+00  0.00000E+00
 -8.63620E+00  0.00000E+00
 -8.38951E+00  0.00000E+00
 -8.14282E+00  0.00000E+00
 -7.89613E+00  0.00000E+00
 -7.64944E+00  0.00000E+00
 -7.40275E+00  0.00000E+00
 -7.15606E+00  0.00000E+00
 -6.90937E+00  0.00000E+00
 -6.66267E+00  0.00000E+00
 -6.41598E+00  0.00000E+00
 -6.16929E+00  0.00000E+00
 -5.92260E+00  0.00000E+00
 -5.67591E+00  0.00000E+00
 -5.42922E+00  0.00000E+00
 -5.18253E+00  0.00000E+00
 -4.93584E+00  0.00000E+00
 -4.68915E+00  0.00000E+00
 -4.44245E+00  2.11884E+00
 -4.19576E+00  2.79914E+00
 -3.94907E+00  2.44931E+00
 -3.70238E+00  2.66983E+00
 -3.45569E+00  3.76995E+00
 -3.20900E+00  1.61429E+00
 -2.96231E+00  3.18894E+00
 -2.71562E+00  6.71434E+00
 -2.46892E+00  1.19384E+01
 -2.22223E+00  1.58012E+01
 -1.97554E+00  2.77978E+01
 -1.72885E+00  4.86512E+01
 -1.48216E+00  9.40021E+01
 -1.23547E+00  1.90072E+02
 -9.88778E-01  4.75941E+02
 -7.42086E-01  1.22876E+03
 -4.95395E-01  2.61430E+03
 -2.48704E-01  3.99801E+03
 -2.01281E-03  4.71527E+03
  2.44678E-01  4.25638E+03
  4.91370E-01  2.91310E+03
  7.38061E-01  1.50171E+03
  9.84752E-01  6.80345E+02
  1.23144E+00  3.48543E+02
  1.47813E+00  2.13606E+02
  1.72483E+00  1.37636E+02
  1.97152E+00  8.72012E+01
  2.21821E+00  5.80637E+01
  2.46490E+00  3.90866E+01
  2.71159E+00  2.03424E+01
  2.95828E+00  1.61108E+01
  3.20497E+00  1.43470E+01
  3.45166E+00  9.61839E+00
  3.69835E+00  9.74964E+00
  3.94505E+00  7.00227E+00
  4.19174E+00  3.33389E+00
  4.43843E+00  2.80275E+00
  4.68512E+00  3.93228E+00
  4.93181E+00  4.21854E+00
  5.17850E+00  2.43792E+00
  5.42519E+00  2.40459E+00
  5.67188E+00  2.43114E+00
  5.91858E+00  3.10263E+00
  6.16527E+00  2.55635E+00
  6.41196E+00  1.92452E+00
  6.65865E+00  0.00000E+00
  6.90534E+00  0.00000E+00
  7.15203E+00  0.00000E+00
  7.39872E+00  0.00000E+00
  7.64541E+00  0.00000E+00
  7.89211E+00  0.00000E+00
  8.13880E+00  0.00000E+00
  8.38549E+00  0.00000E+00
  8.63218E+00  0.00000E+00
  8.87887E+00  0.00000E+00
  9.12556E+00  0.00000E+00
  9.37225E+00  0.00000E+00
  9.61894E+00  0.00000E+00
  9.86563E+00  0.00000E+00
  1.01123E+01  0.00000E+00
  1.03590E+01  0.00000E+00
  1.06057E+01  0.00000E+00
  1.08524E+01  0.00000E+00
  1.10991E+01  0.00000E+00
  1.13458E+01  0.00000E+00
  1.15925E+01  0.00000E+00
  1.18392E+01  0.00000E+00
  1.20859E+01  0.00000E+00
  1.23325E+01  0.00000E+00
  1.25792E+01  0.00000E+00
  1.28259E+01  0.00000E+00
  1.30726E+01  0.00000E+00
  1.33193E+01  0.00000E+00
  1.35660E+01  0.00000E+00
  1.38127E+01  0.00000E+00
  1.40594E+01  0.00000E+00
  1.43061E+01  0.00000E+00
  1.45528E+01  0.00000E+00
  1.47995E+01  0.00000E+00
  1.50461E+01  0.00000E+00
  1.52928E+01  0.00000E+00
  1.55395E+01  0.00000E+00
  1.57862E+01  0.00000E+00
  1.60329E+01  0.00000E+00
  1.62796E+01  0.00000E+00
  1.65263E+01  0.00000E+00
  1.67730E+01  0.00000E+00
  1.70197E+01  0.00000E+00
  1.72664E+01  0.00000E+00
  1.75131E+01  0.00000E+00
  1.77598E+01  0.00000E+00
  1.80064E+01  0.00000E+00
  1.82531E+01  0.00000E+00
  1.84998E+01  0.00000E+00
  1.87465E+01  0.00000E+00
  1.89932E+01  0.00000E+00
  1.92399E+01  0.00000E+00
  1.94866E+01  0.00000E+00
  1.97333E+01  0.00000E+00
  1.99800E+01  0.00000E+00
  2.02267E+01  0.00000E+00
  2.04734E+01  0.00000E+00
  2.07200E+01  0.00000E+00
  2.09667E+01  0.00000E+00
  2.12134E+01  0.00000E+00
  2.14601E+01  0.00000E+00
  2.17068E+01  0.00000E+00
  2.19535E+01  0.00000E+00
  2.22002E+01  0.00000E+00
  2.24469E+01  0.00000E+00
  2.26936E+01  0.00000E+00
  2.29403E+01  0.00000E+00
  2.31870E+01  0.00000E+00
  2.34336E+01  0.00000E+00
  2.36803E+01  0.00000E+00
  2.39270E+01  0.00000E+00
  2.41737E+01  0.00000E+00
  2.44204E+01  0.00000E+00
  2.46671E+01  0.00000E+00
  2.49138E+01  0.00000E+00
  2.51605E+01  0.00000E+00
  2.54072E+01  0.00000E+00
  2.56539E+01  0.00000E+00
  2.59006E+01  0.00000E+00
  2.61473E+01  0.00000E+00
  2.63939E+01  0.00000E+00
  2.66406E+01  0.00000E+00
  2.68873E+01  0.00000E+00
  2.71340E+01  0.00000E+00
  2.73807E+01  0.00000E+00
  2.76274E+01  0.00000E+00
  2.78741E+01  0.00000E+00
  2.81208E+01  0.00000E+00
  2.83675E+01  0.00000E+00
  2.86142E+01  0.00000E+00
  2.88609E+01  0.00000E+00
  2.91075E+01  0.00000E+00
  2.93542E+01  0.00000E+00
  2.96009E+01  0.00000E+00
  2.98476E+01  0.00000E+00
  3.00943E+01  0.00000E+00
  3.03410E+01  0.00000E+00
  3.05877E+01  0.00000E+00
  3.08344E+01  0.00000E+00
  3.10811E+01  0.00000E+00
  3.13278E+01  0.00000E+00
  3.15745E+01  0.00000E+00
  3.18212E+01  0.00000E+00
  3.20678E+01  0.00000E+00
  3.23145E+01  0.00000E+00
  3.25612E+01  0.00000E+00
  3.28079E+01  0.00000E+00
  3.30546E+01  0.00000E+00
  3.33013E+01  0.00000E+00
  3.35480E+01  0.00000E+00
  3.37947E+01  0.00000E+00
  3.40414E+01  0.00000E+00
  3.42881E+01  0.00000E+00
  3.45348E+01  0.00000E+00
  3.47814E+01  0.00000E+00
  3.50281E+01  0.00000E+00
  3.52748E+01  0.00000E+00
  3.55215E+01  0.00000E+00
  3.57682E+01  0.00000E+00
  3.60149E+01  0.00000E+00
  3.62616E+01  0.00000E+00
  3.65083E+01  0.00000E+00
  3.67550E+01  0.00000E+00
  3.70017E+01  0.00000E+00
  3.72484E+01  0.00000E+00
  3.74950E+01  0.00000E+00
  3.77417E+01  0.00000E+00
  3.79884E+01  0.00000E+00
  3.82351E+01  0.00000E+00
  3.84818E+01  0.00000E+00
  3.87285E+01  0.00000E+00
  3.89752E+01  0.00000E+00
  3.92219E+01  0.00000E+00
  3.94686E+01  0.00000E+00
  3.97153E+01  0.00000E+00
  3.99620E+01  0.00000E+00
  4.02087E+01  0.00000E+00
  4.04553E+01  0.00000E+00
  4.07020E+01  0.00000E+00
  4.09487E+01  0.00000E+00
  4.11954E+01  0.00000E+00
  4.14421E+01  0.00000E+00
  4.16888E+01  0.00000E+00
  4.19355E+01  0.00000E+00
  4.21822E+01  0.00000E+00
  4.24289E+01  0.00000E+00
  4.26756E+01  0.00000E+00
  4.29223E+01  0.00000E+00
  4.31689E+01  0.00000E+00
  4.34156E+01  0.00000E+00
  4.36623E+01  0.00000E+00
  4.39090E+01  0.00000E+00
  4.41557E+01  0.00000E+00
  4.44024E+01  0.00000E+00
  4.46491E+01  0.00000E+00
  4.48958E+01  0.00000E+00
  4.51425E+01  0.00000E+00
  4.53892E+01  0.00000E+00
  4.56359E+01  0.00000E+00
  4.58825E+01  0.00000E+00
  4.61292E+01  0.00000E+00
  4.63759E+01  0.00000E+00
  4.66226E+01  0.00000E+00
  4.68693E+01  0.00000E+00
  4.71160E+01  0.00000E+00
  4.73627E+01  0.00000E+00
  4.76094E+01  0.00000E+00
  4.78561E+01  0.00000E+00
  4.81028E+01  0.00000E+00
  4.83495E+01  0.00000E+00
  4.85962E+01  0.00000E+00
  4.88428E+01  0.00000E+00
  4.90895E+01  0.00000E+00
  4.93362E+01  0.00000E+00
  4.95829E+01  0.00000E+00
  4.98296E+01  0.00000E+00
  5.00763E+01  0.00000E+00
  5.03230E+01  0.00000E+00
  5.05697E+01  0.00000E+00
  5.08164E+01  0.00000E+00
  5.10631E+01  0.00000E+00
  5.13098E+01  0.00000E+00
  5.15564E+01  0.00000E+00
  5.18031E+01  0.00000E+00
  5.20498E+01  0.00000E+00
  5.22965E+01  0.00000E+00
  5.25432E+01  0.00000E+00
  5.27899E+01  0.00000E+00
  5.30366E+01  0.00000E+00
  5.32833E+01  0.00000E+00
  5.35300E+01  0.00000E+00
  5.37767E+01  0.00000E+00
  5.40234E+01  0.00000E+00
  5.42700E+01  0.00000E+00
  5.45167E+01  0.00000E+00
  5.47634E+01  0.00000E+00
  5.50101E+01  0.00000E+00
  5.52568E+01  0.00000E+00
  5.55035E+01  0.00000E+00
  5.57502E+01  0.00000E+00
  5.59969E+01  0.00000E+00
  5.62436E+01  0.00000E+00
  5.64903E+01  0.00000E+00
  5.67370E+01  0.00000E+00
  5.69837E+01  0.00000E+00
  5.72303E+01  0.00000E+00
  5.74770E+01  0.00000E+00
  5.77237E+01  0.00000E+00
  5.79704E+01  0.00000E+00
  5.82171E+01  0.00000E+00
  5.84638E+01  0.00000E+00
  5.87105E+01  0.00000E+00
  5.89572E+01  0.00000E+00
  5.92039E+01  0.00000E+00
  5.94506E+01  0.00000E+00
  5.96973E+01  0.00000E+00
  5.99439E+01  0.00000E+00
  6.01906E+01  0.00000E+00
  6.04373E+01  0.00000E+00
  6.06840E+01  0.00000E+00
  6.09307E+01  0.00000E+00
  6.11774E+01  0.00000E+00
  6.14241E+01  0.00000E+00
  6.16708E+01  0.00000E+00
  6.19175E+01  0.00000E+00
  6.21642E+01  0.00000E+00
  6.24109E+01  0.00000E+00
  6.26575E+01  0.00000E+00
  6.29042E+01  0.00000E+00
  6.31509E+01  0.00000E+00
  6.33976E+01  0.00000E+00
  6.36443E+01  0.00000E+00
  6.38910E+01  0.00000E+00
  6.41377E+01  0.00000E+00
  6.43844E+01  0.00000E+00
  6.46311E+01  0.00000E+00
  6.48778E+01  0.00000E+00
  6.51245E+01  0.00000E+00
  6.53712E+01  0.00000E+00
  6.56178E+01  0.00000E+00
  6.58645E+01  0.00000E+00
  6.61112E+01  0.00000E+00
  6.63579E+01  0.00000E+00
  6.66046E+01  0.00000E+00
  6.68513E+01  0.00000E+00
  6.70980E+01  0.00000E+00
  6.73447E+01  0.00000E+00
  6.75914E+01  0.00000E+00
  6.78381E+01  0.00000E+00
  6.80848E+01  0.00000E+00
  6.83314E+01  0.00000E+00
  6.85781E+01  0.00000E+00
  6.88248E+01  0.00000E+00
  6.90715E+01  0.00000E+00
  6.93182E+01  0.00000E+00
  6.95649E+01  0.00000E+00
  6.98116E+01  0.00000E+00
  7.00583E+01  0.00000E+00
  7.03050E+01  0.00000E+00
  7.05517E+01  0.00000E+00
  7.07984E+01  0.00000E+00
  7.10450E+01  0.00000E+00
  7.12917E+01  0.00000E+00
  7.15384E+01  0.00000E+00
  7.17851E+01  0.00000E+00
  7.20318E+01  0.00000E+00
  7.22785E+01  0.00000E+00
  7.25252E+01  0.00000E+00
  7.27719E+01  0.00000E+00
  7.30186E+01  0.00000E+00
  7.32653E+01  0.00000E+00
  7.35120E+01  0.00000E+00
  7.37587E+01  0.00000E+00
  7.40053E+01  0.00000E+00
  7.42520E+01  0.00000E+00
  7.44987E+01  0.00000E+00
  7.47454E+01  0.00000E+00
  7.49921E+01  0.00000E+00
  7.52388E+01  0.00000E+00
  7.54855E+01  0.00000E+00
  7.57322E+01  0.00000E+00
  7.59789E+01  0.00000E+00
  7.62256E+01  0.00000E+00
  7.64723E+01  0.00000E+00
  7.67189E+01  0.00000E+00
  7.69656E+01  0.00000E+00
  7.72123E+01  0.00000E+00
  7.74590E+01  0.00000E+00
  7.77057E+01  0.00000E+00
  7.79524E+01  0.00000E+00
  7.81991E+01  0.00000E+00
  7.84458E+01  0.00000E+00
  7.86925E+01  0.00000E+00
  7.89392E+01  0.00000E+00
  7.91859E+01  0.00000E+00
  7.94325E+01  0.00000E+00
  7.96792E+01  0.00000E+00
  7.99259E+01  0.00000E+00
  8.01726E+01  0.00000E+00
  8.04193E+01  0.00000E+00
  8.06660E+01  0.00000E+00
  8.09127E+01  0.00000E+00
  8.11594E+01  0.00000E+00
  8.14061E+01  0.00000E+00
  8.16528E+01  0.00000E+00
  8.18995E+01  0.00000E+00
  8.21462E+01  0.00000E+00
  8.23928E+01  0.00000E+00
  8.26395E+01  0.00000E+00
  8.28862E+01  0.00000E+00
  8.31329E+01  0.00000E+00
  8.33796E+01  0.00000E+00
  8.36263E+01  0.00000E+00
  8.38730E+01  0.00000E+00
  8.41197E+01  0.00000E+00
  8.43664E+01  0.00000E+00
  8.46131E+01  0.00000E+00
  8.48598E+01  0.00000E+00
  8.51064E+01  0.00000E+00
  8.53531E+01  0.00000E+00
  8.55998E+01  0.00000E+00
  8.58465E+01  0.00000E+00
  8.60932E+01  0.00000E+00
  8.63399E+01  0.00000E+00
  8.65866E+01  0.00000E+00
  8.68333E+01  0.00000E+00
  8.70800E+01  0.00000E+00
  8.73267E+01  0.00000E+00
  8.75734E+01  0.00000E+00
  8.78200E+01  0.00000E+00
  8.80667E+01  0.00000E+00
  8.83134E+01  0.00000E+00
  8.85601E+01  0.00000E+00
  8.88068E+01  0.00000E+00
  8.90535E+01  0.00000E+00
  8.93002E+01  0.00000E+00
  8.95469E+01  0.00000E+00
  8.97936E+01  0.00000E+00
  9.00403E+01  0.00000E+00
  9.02870E+01  0.00000E+00
  9.05337E+01  0.00000E+00
  9.07803E+01  0.00000E+00
  9.10270E+01  0.00000E+00
  9.12737E+01  0.00000E+00
  9.15204E+01  0.00000E+00
  9.17671E+01  0.00000E+00
  9.20138E+01  0.00000E+00
  9.22605E+01  0.00000E+00
  9.25072E+01  0.00000E+00
  9.27539E+01  0.00000E+00
  9.30006E+01  0.00000E+00
  9.32473E+01  0.00000E+00
  9.34939E+01  0.00000E+00
  9.37406E+01  0.00000E+00
  9.39873E+01  0.00000E+00
  9.42340E+01  0.00000E+00
  9.44807E+01  0.00000E+00
  9.47274E+01  0.00000E+00
  9.49741E+01  0.00000E+00
  9.52208E+01  0.00000E+00
  9.54675E+01  0.00000E+00
  9.57142E+01  0.00000E+00
  9.59609E+01  0.00000E+00
  9.62075E+01  0.00000E+00
  9.64542E+01  0.00000E+00
  9.67009E+01  0.00000E+00
  9.69476E+01  0.00000E+00
  9.71943E+01  0.00000E+00
  9.74410E+01  0.00000E+00
  9.76877E+01  0.00000E+00
  9.79344E+01  0.00000E+00
  9.81811E+01  0.00000E+00
  9.84278E+01  0.00000E+00
  9.86745E+01  0.00000E+00
  9.89212E+01  0.00000E+00
