@page size 600,600
@view 0.12,0.1,0.97,0.93
@subtitle "PHOENIX module phox, 01/25/18 at 15:00:38 -08:00"
@xaxes scale Normal
@yaxes scale Normal
@xaxis label "energy (meV)"
@yaxis label "partial phonon DOS (1/eV)"
@s0 errorbar size 0.0
@type xydy
  0.00000E+00  0.00000E+00  0.00000E+00
  2.49542E-01  5.07016E-03  4.32181E-03
  4.99083E-01  1.88957E-02  1.18392E-02
  7.48625E-01  4.09425E-02  1.84142E-02
  9.98167E-01  7.53939E-02  2.35560E-02
  1.24771E+00  1.28202E-01  2.85400E-02
  1.49725E+00  1.98684E-01  3.23993E-02
  1.74679E+00  2.78207E-01  3.70147E-02
  1.99633E+00  3.60045E-01  4.05244E-02
  2.24587E+00  4.41925E-01  4.82599E-02
  2.49542E+00  5.28937E-01  5.70513E-02
  2.74496E+00  6.28878E-01  5.96157E-02
  2.99450E+00  7.51556E-01  7.67317E-02
  3.24404E+00  9.00411E-01  8.84903E-02
  3.49358E+00  1.05211E+00  9.66063E-02
  3.74312E+00  1.18389E+00  1.12349E-01
  3.99267E+00  1.29470E+00  1.35817E-01
  4.24221E+00  1.41286E+00  1.37383E-01
  4.49175E+00  1.53877E+00  1.48827E-01
  4.74129E+00  1.73448E+00  1.67487E-01
  4.99083E+00  1.98971E+00  1.88715E-01
  5.24037E+00  2.28040E+00  2.14948E-01
  5.48992E+00  2.46614E+00  2.29599E-01
  5.73946E+00  2.66226E+00  2.38132E-01
  5.98900E+00  3.02681E+00  2.74571E-01
  6.23854E+00  3.42599E+00  3.09061E-01
  6.48808E+00  3.80708E+00  3.50730E-01
  6.73762E+00  4.18353E+00  3.47351E-01
  6.98717E+00  4.67639E+00  3.94805E-01
  7.23671E+00  5.13151E+00  4.13583E-01
  7.48625E+00  5.22554E+00  4.03201E-01
  7.73579E+00  5.31772E+00  4.47078E-01
  7.98533E+00  5.64404E+00  4.60895E-01
  8.23487E+00  5.90011E+00  4.96115E-01
  8.48442E+00  6.20789E+00  5.64669E-01
  8.73396E+00  6.57164E+00  5.62493E-01
  8.98350E+00  6.92565E+00  5.92508E-01
  9.23304E+00  7.27138E+00  6.10028E-01
  9.48258E+00  7.82608E+00  6.40017E-01
  9.73212E+00  8.58066E+00  7.76884E-01
  9.98167E+00  9.22975E+00  7.72628E-01
  1.02312E+01  9.89788E+00  8.02520E-01
  1.04807E+01  1.05404E+01  8.30579E-01
  1.07303E+01  1.08193E+01  8.64498E-01
  1.09798E+01  1.10742E+01  9.00311E-01
  1.12294E+01  1.18336E+01  1.00859E+00
  1.14789E+01  1.24602E+01  1.00089E+00
  1.17285E+01  1.28764E+01  1.11849E+00
  1.19780E+01  1.38002E+01  1.08001E+00
  1.22275E+01  1.49406E+01  1.15496E+00
  1.24771E+01  1.60041E+01  1.24676E+00
  1.27266E+01  1.68323E+01  1.26796E+00
  1.29762E+01  1.75933E+01  1.31763E+00
  1.32257E+01  1.78650E+01  1.38110E+00
  1.34752E+01  1.77180E+01  1.37685E+00
  1.37248E+01  1.82390E+01  1.39774E+00
  1.39743E+01  1.92348E+01  1.45433E+00
  1.42239E+01  2.03651E+01  1.50806E+00
  1.44734E+01  2.19195E+01  1.59652E+00
  1.47230E+01  2.32476E+01  1.75506E+00
  1.49725E+01  2.28881E+01  1.66059E+00
  1.52220E+01  2.25688E+01  1.71688E+00
  1.54716E+01  2.39963E+01  1.76953E+00
  1.57211E+01  2.58851E+01  1.99478E+00
  1.59707E+01  2.68823E+01  1.83606E+00
  1.62202E+01  2.83959E+01  2.04846E+00
  1.64697E+01  3.06713E+01  2.19185E+00
  1.67193E+01  3.22152E+01  2.16524E+00
  1.69688E+01  3.33256E+01  2.19749E+00
  1.72184E+01  3.40126E+01  2.37318E+00
  1.74679E+01  3.49601E+01  2.35840E+00
  1.77175E+01  3.69867E+01  2.39318E+00
  1.79670E+01  3.93996E+01  2.36473E+00
  1.82165E+01  4.12843E+01  2.76094E+00
  1.84661E+01  4.29883E+01  2.79466E+00
  1.87156E+01  4.62251E+01  2.92988E+00
  1.89652E+01  5.01213E+01  3.10278E+00
  1.92147E+01  5.34065E+01  3.27055E+00
  1.94642E+01  5.39845E+01  3.12200E+00
  1.97138E+01  5.46101E+01  3.39209E+00
  1.99633E+01  5.83898E+01  3.45691E+00
  2.02129E+01  6.17150E+01  3.59533E+00
  2.04624E+01  6.34239E+01  3.56004E+00
  2.07120E+01  6.58010E+01  3.85045E+00
  2.09615E+01  6.92647E+01  3.90270E+00
  2.12110E+01  7.21469E+01  4.04480E+00
  2.14606E+01  7.50912E+01  4.11570E+00
  2.17101E+01  7.92780E+01  4.26508E+00
  2.19597E+01  8.34616E+01  4.37092E+00
  2.22092E+01  8.72862E+01  4.48712E+00
  2.24587E+01  9.19212E+01  4.85769E+00
  2.27083E+01  9.70880E+01  4.85744E+00
  2.29578E+01  1.00800E+02  5.11111E+00
  2.32074E+01  1.06079E+02  5.33646E+00
  2.34569E+01  1.13007E+02  5.42557E+00
  2.37065E+01  1.16088E+02  5.37105E+00
  2.39560E+01  1.16585E+02  5.38901E+00
  2.42055E+01  1.19462E+02  5.91623E+00
  2.44551E+01  1.20577E+02  5.83508E+00
  2.47046E+01  1.18185E+02  5.52955E+00
  2.49542E+01  1.17141E+02  5.70912E+00
  2.52037E+01  1.21322E+02  5.79649E+00
  2.54532E+01  1.24874E+02  6.23639E+00
  2.57028E+01  1.22724E+02  6.01304E+00
  2.59523E+01  1.21189E+02  6.01643E+00
  2.62019E+01  1.22701E+02  6.10535E+00
  2.64514E+01  1.21866E+02  6.21039E+00
  2.67010E+01  1.19962E+02  6.21344E+00
  2.69505E+01  1.15648E+02  5.87009E+00
  2.72000E+01  1.13135E+02  6.13838E+00
  2.74496E+01  1.14392E+02  6.25219E+00
  2.76991E+01  1.12113E+02  6.11224E+00
  2.79487E+01  1.06663E+02  5.65049E+00
  2.81982E+01  1.04788E+02  6.22918E+00
  2.84477E+01  1.05821E+02  5.91676E+00
  2.86973E+01  1.05690E+02  6.00234E+00
  2.89468E+01  1.04716E+02  6.21267E+00
  2.91964E+01  1.02934E+02  6.21036E+00
  2.94459E+01  1.01686E+02  5.93346E+00
  2.96955E+01  1.02443E+02  6.44379E+00
  2.99450E+01  1.01628E+02  6.26735E+00
  3.01945E+01  9.81544E+01  6.05883E+00
  3.04441E+01  1.00160E+02  6.56853E+00
  3.06936E+01  1.04613E+02  6.52185E+00
  3.09432E+01  1.04017E+02  6.23567E+00
  3.11927E+01  1.01937E+02  6.48420E+00
  3.14422E+01  1.01142E+02  6.32764E+00
  3.16918E+01  1.01425E+02  6.62907E+00
  3.19413E+01  1.01641E+02  6.94650E+00
  3.21909E+01  9.75596E+01  5.90002E+00
  3.24404E+01  9.76578E+01  6.79573E+00
  3.26900E+01  1.01708E+02  6.77425E+00
  3.29395E+01  1.01274E+02  6.75983E+00
  3.31890E+01  9.89639E+01  6.58899E+00
  3.34386E+01  9.81852E+01  6.58750E+00
  3.36881E+01  9.89763E+01  6.83819E+00
  3.39377E+01  1.02855E+02  7.27105E+00
  3.41872E+01  1.02532E+02  6.77570E+00
  3.44367E+01  9.52687E+01  6.55240E+00
  3.46863E+01  9.05081E+01  6.60201E+00
  3.49358E+01  9.14472E+01  6.67488E+00
  3.51854E+01  9.27892E+01  6.82399E+00
  3.54349E+01  9.16261E+01  7.02207E+00
  3.56845E+01  8.65273E+01  6.41849E+00
  3.59340E+01  8.43172E+01  6.59768E+00
  3.61835E+01  9.02816E+01  6.87542E+00
  3.64331E+01  9.21409E+01  6.86288E+00
  3.66826E+01  8.90201E+01  7.28536E+00
  3.69322E+01  8.69467E+01  6.57707E+00
  3.71817E+01  8.97767E+01  6.85436E+00
  3.74312E+01  9.49007E+01  7.64706E+00
  3.76808E+01  9.45884E+01  7.20836E+00
  3.79303E+01  9.33247E+01  7.19447E+00
  3.81799E+01  9.05797E+01  7.12088E+00
  3.84294E+01  8.90641E+01  7.34614E+00
  3.86790E+01  8.80692E+01  7.08075E+00
  3.89285E+01  8.67566E+01  6.87998E+00
  3.91780E+01  8.69933E+01  7.39847E+00
  3.94276E+01  8.74041E+01  7.29732E+00
  3.96771E+01  9.07027E+01  7.23687E+00
  3.99267E+01  9.81949E+01  7.88365E+00
  4.01762E+01  1.00644E+02  7.84373E+00
  4.04257E+01  9.85900E+01  7.90732E+00
  4.06753E+01  9.78879E+01  7.81569E+00
  4.09248E+01  1.02161E+02  8.15738E+00
  4.11744E+01  1.06777E+02  8.60093E+00
  4.14239E+01  1.05678E+02  7.70077E+00
  4.16735E+01  1.06655E+02  8.53022E+00
  4.19230E+01  1.12851E+02  8.62420E+00
  4.21725E+01  1.19042E+02  9.00736E+00
  4.24221E+01  1.18230E+02  8.13504E+00
  4.26716E+01  1.13977E+02  9.02909E+00
  4.29212E+01  1.08287E+02  8.53423E+00
  4.31707E+01  1.01984E+02  8.32127E+00
  4.34202E+01  9.96018E+01  8.53025E+00
  4.36698E+01  9.89517E+01  7.84892E+00
  4.39193E+01  9.21145E+01  7.70128E+00
  4.41689E+01  8.02106E+01  7.51196E+00
  4.44184E+01  6.88777E+01  6.95642E+00
  4.46680E+01  5.86551E+01  6.66590E+00
  4.49175E+01  5.37672E+01  6.49469E+00
  4.51670E+01  5.13160E+01  6.39042E+00
  4.54166E+01  4.88026E+01  6.21979E+00
  4.56661E+01  4.42216E+01  6.27448E+00
  4.59157E+01  3.66116E+01  5.02760E+00
  4.61652E+01  2.95692E+01  5.24888E+00
  4.64147E+01  2.70459E+01  5.52053E+00
  4.66643E+01  2.57763E+01  4.95206E+00
  4.69138E+01  2.63330E+01  5.20187E+00
  4.71634E+01  2.56054E+01  5.37211E+00
  4.74129E+01  2.32660E+01  4.87904E+00
  4.76625E+01  2.35070E+01  5.51651E+00
  4.79120E+01  2.31099E+01  4.94623E+00
  4.81615E+01  2.30799E+01  5.23896E+00
  4.84111E+01  2.54540E+01  5.61142E+00
  4.86606E+01  2.29611E+01  5.03476E+00
  4.89102E+01  1.88970E+01  3.79179E+00
  4.91597E+01  2.12060E+01  6.01338E+00
  4.94092E+01  2.47116E+01  5.95699E+00
  4.96588E+01  2.36735E+01  4.42988E+00
  4.99083E+01  2.29327E+01  5.88190E+00
  5.01579E+01  2.28913E+01  5.63684E+00
  5.04074E+01  1.72740E+01  4.15295E+00
  5.06570E+01  1.47139E+01  5.30302E+00
  5.09065E+01  1.52651E+01  5.08100E+00
  5.11560E+01  1.25461E+01  4.02466E+00
  5.14056E+01  1.09524E+01  4.29651E+00
  5.16551E+01  1.13684E+01  4.76854E+00
  5.19047E+01  1.25970E+01  4.77624E+00
  5.21542E+01  1.25786E+01  4.22046E+00
  5.24037E+01  1.07341E+01  4.66406E+00
  5.26533E+01  1.02278E+01  3.83397E+00
  5.29028E+01  1.27354E+01  5.10044E+00
  5.31524E+01  1.54497E+01  5.12473E+00
  5.34019E+01  1.52843E+01  5.00257E+00
  5.36515E+01  1.20248E+01  4.58999E+00
  5.39010E+01  8.07727E+00  3.72762E+00
  5.41505E+01  4.49973E+00  4.19452E+00
  5.44001E+01  2.93046E+00  4.46867E+00
  5.46496E+01  4.03417E+00  3.53779E+00
  5.48992E+01  6.04781E+00  4.30032E+00
  5.51487E+01  7.54312E+00  4.23160E+00
  5.53982E+01  6.10506E+00  4.50793E+00
  5.56478E+01  2.42629E+00  3.28414E+00
  5.58973E+01  6.96694E-01  2.84207E+00
  5.61469E+01  4.05094E+00  4.80990E+00
  5.63964E+01  5.80500E+00  4.22229E+00
  5.66460E+01  5.23831E+00  4.43796E+00
  5.68955E+01  7.57335E+00  5.02482E+00
  5.71450E+01  7.85496E+00  4.29693E+00
  5.73946E+01  4.94082E+00  4.68700E+00
  5.76441E+01  3.80202E+00  3.97370E+00
  5.78937E+01  2.30917E+00  3.83781E+00
  5.81432E+01  4.57774E-01  3.42700E+00
  5.83927E+01  2.49345E-01  4.52600E+00
  5.86423E+01  7.12208E-01  3.45911E+00
  5.88918E+01  7.40377E-01  4.13315E+00
  5.91414E+01  2.10672E+00  4.52637E+00
  5.93909E+01  4.18139E+00  4.63236E+00
  5.96405E+01  2.35669E+00  4.25858E+00
  5.98900E+01 -6.39588E-01  3.74165E+00
  6.01395E+01 -5.93638E-02  3.89810E+00
  6.03891E+01  1.01791E+00  3.86658E+00
  6.06386E+01  3.71646E-01  4.25188E+00
  6.08882E+01 -1.29143E-01  3.19855E+00
  6.11377E+01  1.73590E+00  4.64178E+00
  6.13872E+01  1.86435E+00  3.93932E+00
  6.16368E+01  2.39515E-01  4.48070E+00
  6.18863E+01 -1.20836E+00  3.82150E+00
  6.21359E+01 -1.08270E+00  3.80749E+00
  6.23854E+01  1.08615E-01  3.90527E+00
  6.26350E+01  2.72730E+00  4.63605E+00
  6.28845E+01  3.61704E+00  4.27036E+00
  6.31340E+01 -1.40409E-01  2.71081E+00
  6.33836E+01 -5.15851E+00  2.43503E+00
  6.36331E+01 -6.92218E+00  3.27220E+00
  6.38827E+01 -4.31246E+00  3.89746E+00
  6.41322E+01 -7.14055E-01  3.84818E+00
  6.43817E+01  3.25758E-01  3.52400E+00
  6.46313E+01 -7.71610E-01  4.33238E+00
  6.48808E+01  5.12943E-01  4.35042E+00
  6.51304E+01  2.19868E+00  4.17524E+00
  6.53799E+01  3.86244E+00  4.73521E+00
  6.56295E+01  4.91991E+00  4.62783E+00
  6.58790E+01  4.92250E+00  4.18401E+00
  6.61285E+01  3.14237E+00  3.96368E+00
  6.63781E+01  1.43480E+00  3.92517E+00
  6.66276E+01  3.02983E+00  5.30917E+00
  6.68772E+01  2.88884E+00  3.94578E+00
  6.71267E+01  8.31320E-01  4.44540E+00
  6.73762E+01 -2.16570E+00  3.48841E+00
  6.76258E+01 -3.76123E+00  3.54893E+00
  6.78753E+01 -7.64033E-02  4.39159E+00
  6.81249E+01  3.95051E+00  5.09213E+00
  6.83744E+01  5.03833E+00  4.64655E+00
  6.86240E+01  5.42948E+00  5.18753E+00
  6.88735E+01  6.03037E+00  4.05712E+00
  6.91230E+01  4.78569E+00  4.49022E+00
  6.93726E+01  2.04582E+00  4.43070E+00
  6.96221E+01 -6.36312E-01  3.34440E+00
  6.98717E+01  1.47428E+00  3.96089E+00
  7.01212E+01  3.91381E+00  4.84864E+00
  7.03707E+01  7.79803E-01  2.45671E+00
  7.06203E+01 -2.27803E+00  2.74078E+00
  7.08698E+01 -5.75761E-02  3.16766E+00
  7.11194E+01  3.99246E+00  4.61638E+00
  7.13689E+01  3.65390E+00  3.97738E+00
  7.16185E+01  1.27134E+00  3.68311E+00
  7.18680E+01 -2.62035E-01  3.26291E+00
  7.21175E+01 -7.93561E-01  3.97393E+00
  7.23671E+01 -1.84818E-01  4.72261E+00
  7.26166E+01 -1.41759E+00  3.20945E+00
  7.28662E+01 -2.34932E+00  3.44906E+00
  7.31157E+01 -2.06337E+00  3.77347E+00
  7.33652E+01 -2.09566E+00  3.57359E+00
  7.36148E+01 -1.38676E+00  4.04735E+00
  7.38643E+01  1.11377E+00  4.63764E+00
  7.41139E+01  2.26332E+00  3.70037E+00
  7.43634E+01  2.14599E+00  4.70314E+00
  7.46130E+01  2.67585E+00  4.39472E+00
  7.48625E+01  1.23955E+00  3.62654E+00
  7.51120E+01 -1.14254E-01  3.31580E+00
  7.53616E+01  8.83605E-02  4.15723E+00
  7.56111E+01  7.62082E-01  3.40678E+00
  7.58607E+01  5.54216E-01  3.02668E+00
  7.61102E+01 -6.14570E-01  2.72274E+00
  7.63597E+01  8.77724E-02  3.79450E+00
  7.66093E+01  3.31535E+00  4.53573E+00
  7.68588E+01  6.22424E+00  4.29661E+00
  7.71084E+01  6.64065E+00  4.88862E+00
  7.73579E+01  2.94948E+00  4.06193E+00
  7.76075E+01 -1.34559E+00  2.74277E+00
  7.78570E+01 -3.82969E+00  3.45572E+00
  7.81065E+01 -5.01242E+00  2.67913E+00
  7.83561E+01 -3.77033E+00  2.79266E+00
  7.86056E+01 -1.68215E+00  3.11499E+00
  7.88552E+01 -2.39897E+00  3.52769E+00
  7.91047E+01 -1.57556E+00  4.20871E+00
  7.93542E+01  1.19147E+00  4.75876E+00
  7.96038E+01 -1.06974E+00  2.82680E+00
  7.98533E+01 -2.96087E+00  3.17954E+00
  8.01029E+01 -1.00605E+00  4.19120E+00
  8.03524E+01 -7.97645E-01  4.03526E+00
  8.06020E+01 -1.50330E+00  3.69454E+00
  8.08515E+01  1.76201E+00  4.48523E+00
  8.11010E+01  3.18990E-01  2.96922E+00
  8.13506E+01  6.69313E-01  3.71175E+00
  8.16001E+01  3.74084E+00  4.34898E+00
  8.18497E+01  6.64137E+00  5.14870E+00
  8.20992E+01  6.12715E+00  3.46464E+00
  8.23487E+01  4.71355E+00  5.11156E+00
  8.25983E+01  2.68054E+00  2.92574E+00
  8.28478E+01  2.06661E-01  3.28842E+00
  8.30974E+01 -2.90223E-01  3.36143E+00
  8.33469E+01 -6.67394E-01  3.33326E+00
  8.35965E+01 -5.30649E-02  3.79829E+00
  8.38460E+01  4.16511E+00  4.75769E+00
  8.40955E+01  6.25788E+00  4.83502E+00
  8.43451E+01  3.81575E+00  2.53396E+00
  8.45946E+01  1.04912E+00  4.39659E+00
  8.48442E+01 -2.00530E+00  7.68433E-01
  8.50937E+01 -3.01211E+00  3.38394E+00
  8.53432E+01 -1.58213E+00  3.14058E+00
  8.55928E+01 -5.75674E-01  3.09861E+00
  8.58423E+01 -5.55837E-02  4.14254E+00
  8.60919E+01 -4.56292E-01  3.08574E+00
  8.63414E+01 -1.09329E+00  3.12408E+00
  8.65910E+01 -5.97516E-01  3.07857E+00
  8.68405E+01 -4.17586E-01  3.44517E+00
  8.70900E+01 -7.63147E-01  2.73062E+00
  8.73396E+01 -2.96689E-01  3.93918E+00
  8.75891E+01  2.36700E+00  3.66479E+00
  8.78387E+01  4.31223E+00  4.69630E+00
  8.80882E+01  2.26849E+00  3.13644E+00
  8.83377E+01 -9.21126E-01  2.51807E+00
  8.85873E+01 -1.77899E+00  3.10577E+00
  8.88368E+01 -2.15826E+00  3.14591E+00
  8.90864E+01 -2.98499E-01  3.11232E+00
  8.93359E+01  2.02203E+00  4.43105E+00
  8.95855E+01  1.25392E+00  3.19772E+00
  8.98350E+01 -9.54834E-01  1.89889E+00
  9.00845E+01 -1.41854E+00  3.82706E+00
  9.03341E+01 -6.01936E-01  3.55692E+00
  9.05836E+01 -2.48096E-01  1.89091E+00
  9.08332E+01  1.46394E+00  4.48506E+00
  9.10827E+01  3.29191E+00  3.77310E+00
  9.13322E+01  3.66412E+00  4.98200E+00
  9.15818E+01  3.39024E+00  3.78498E+00
  9.18313E+01  1.20418E+00  3.18184E+00
  9.20809E+01 -1.00290E+00  2.33365E+00
  9.23304E+01  4.15163E-01  4.60872E+00
  9.25800E+01  2.00586E+00  3.34935E+00
  9.28295E+01  1.60135E+00  3.77822E+00
  9.30790E+01 -1.82425E-01  3.19290E+00
  9.33286E+01 -3.38982E+00  4.17433E-01
  9.35781E+01 -5.62809E+00  1.90985E+00
  9.38277E+01 -5.06050E+00  6.98467E-01
  9.40772E+01 -3.24117E+00  3.70783E+00
  9.43267E+01 -2.49189E+00  2.76476E+00
  9.45763E+01 -1.22322E+00  3.34188E+00
  9.48258E+01 -5.17842E-01  3.38340E+00
  9.50754E+01 -1.69506E+00  2.03968E+00
  9.53249E+01 -1.92941E+00  2.69824E+00
  9.55745E+01 -2.12838E+00  3.90884E+00
  9.58240E+01 -2.10312E+00  2.18408E+00
  9.60735E+01 -2.37351E+00  2.72187E+00
  9.63231E+01 -2.61885E+00  2.05623E+00
  9.65726E+01 -1.17680E+00  3.95717E+00
  9.68222E+01  1.65417E+00  4.26062E+00
  9.70717E+01  1.01394E+00  3.07813E+00
  9.73212E+01 -1.04529E+00  3.47147E+00
  9.75708E+01 -7.75335E-01  3.29985E+00
  9.78203E+01 -2.70446E+00  1.11114E+00
  9.80699E+01 -4.66468E+00  2.01649E+00
  9.83194E+01 -5.25518E+00  2.00611E+00
  9.85690E+01 -5.77958E+00  4.88502E-01
  9.88185E+01 -4.20349E+00  2.86486E+00
  9.90680E+01 -1.26832E+00  3.63398E+00
  9.93176E+01  2.90856E-01  4.03102E+00
  9.95671E+01  2.26346E+00  2.98266E+00
  9.98167E+01  1.29739E+01  8.31707E+00
  1.00066E+02  2.13094E+01  8.24557E-01
  1.00316E+02  8.29624E+00  5.16698E-02
