@page size 600,600
@view 0.12,0.1,0.97,0.93
@subtitle "PHOENIX module psth, 01/29/18 at 13:13:03 -08:00"
@xaxes scale Normal
@yaxes scale Normal
@xaxis label "temperature (K)"
@yaxis label "vibrational entropy (k_B/atom)"
@s0 errorbar size 0.0
@type xydy
  2.00000E+02  1.63192E+00  1.00314E-02
  2.09045E+02  1.73168E+00  1.06823E-02
  2.18090E+02  1.82938E+00  1.13258E-02
  2.27136E+02  1.92501E+00  1.19611E-02
  2.36181E+02  2.01857E+00  1.25879E-02
  2.45226E+02  2.11005E+00  1.32059E-02
  2.54271E+02  2.19950E+00  1.38148E-02
  2.63317E+02  2.28694E+00  1.44144E-02
  2.72362E+02  2.37243E+00  1.50048E-02
  2.81407E+02  2.45601E+00  1.55860E-02
  2.90452E+02  2.53773E+00  1.61578E-02
  2.99497E+02  2.61764E+00  1.67205E-02
  3.08543E+02  2.69581E+00  1.72741E-02
  3.17588E+02  2.77228E+00  1.78187E-02
  3.26633E+02  2.84712E+00  1.83544E-02
  3.35678E+02  2.92037E+00  1.88815E-02
  3.44724E+02  2.99208E+00  1.94000E-02
  3.53769E+02  3.06231E+00  1.99102E-02
  3.62814E+02  3.13111E+00  2.04121E-02
  3.71859E+02  3.19853E+00  2.09060E-02
  3.80905E+02  3.26461E+00  2.13921E-02
  3.89950E+02  3.32939E+00  2.18704E-02
  3.98995E+02  3.39293E+00  2.23413E-02
  4.08040E+02  3.45526E+00  2.28048E-02
  4.17085E+02  3.51642E+00  2.32612E-02
  4.26131E+02  3.57645E+00  2.37105E-02
  4.35176E+02  3.63539E+00  2.41531E-02
  4.44221E+02  3.69328E+00  2.45889E-02
  4.53266E+02  3.75014E+00  2.50183E-02
  4.62312E+02  3.80601E+00  2.54413E-02
  4.71357E+02  3.86092E+00  2.58582E-02
  4.80402E+02  3.91491E+00  2.62689E-02
  4.89447E+02  3.96799E+00  2.66738E-02
  4.98492E+02  4.02020E+00  2.70730E-02
  5.07538E+02  4.07156E+00  2.74665E-02
  5.16583E+02  4.12211E+00  2.78546E-02
  5.25628E+02  4.17185E+00  2.82373E-02
  5.34673E+02  4.22082E+00  2.86148E-02
  5.43719E+02  4.26904E+00  2.89871E-02
  5.52764E+02  4.31654E+00  2.93546E-02
  5.61809E+02  4.36332E+00  2.97171E-02
  5.70854E+02  4.40941E+00  3.00749E-02
  5.79899E+02  4.45484E+00  3.04281E-02
  5.88945E+02  4.49961E+00  3.07767E-02
  5.97990E+02  4.54375E+00  3.11209E-02
  6.07035E+02  4.58727E+00  3.14608E-02
  6.16080E+02  4.63019E+00  3.17965E-02
  6.25126E+02  4.67252E+00  3.21281E-02
  6.34171E+02  4.71429E+00  3.24556E-02
  6.43216E+02  4.75550E+00  3.27791E-02
  6.52261E+02  4.79617E+00  3.30988E-02
  6.61307E+02  4.83631E+00  3.34147E-02
  6.70352E+02  4.87594E+00  3.37269E-02
  6.79397E+02  4.91506E+00  3.40355E-02
  6.88442E+02  4.95369E+00  3.43406E-02
  6.97487E+02  4.99185E+00  3.46422E-02
  7.06533E+02  5.02954E+00  3.49404E-02
  7.15578E+02  5.06678E+00  3.52353E-02
  7.24623E+02  5.10357E+00  3.55269E-02
  7.33668E+02  5.13992E+00  3.58154E-02
  7.42714E+02  5.17585E+00  3.61007E-02
  7.51759E+02  5.21136E+00  3.63830E-02
  7.60804E+02  5.24647E+00  3.66623E-02
  7.69849E+02  5.28118E+00  3.69386E-02
  7.78894E+02  5.31550E+00  3.72120E-02
  7.87940E+02  5.34944E+00  3.74827E-02
  7.96985E+02  5.38301E+00  3.77506E-02
  8.06030E+02  5.41622E+00  3.80157E-02
  8.15075E+02  5.44907E+00  3.82782E-02
  8.24121E+02  5.48157E+00  3.85381E-02
  8.33166E+02  5.51373E+00  3.87954E-02
  8.42211E+02  5.54555E+00  3.90502E-02
  8.51256E+02  5.57705E+00  3.93026E-02
  8.60302E+02  5.60822E+00  3.95525E-02
  8.69347E+02  5.63908E+00  3.98000E-02
  8.78392E+02  5.66963E+00  4.00452E-02
  8.87437E+02  5.69988E+00  4.02881E-02
  8.96482E+02  5.72983E+00  4.05288E-02
  9.05528E+02  5.75948E+00  4.07672E-02
  9.14573E+02  5.78886E+00  4.10035E-02
  9.23618E+02  5.81795E+00  4.12376E-02
  9.32663E+02  5.84676E+00  4.14696E-02
  9.41709E+02  5.87531E+00  4.16996E-02
  9.50754E+02  5.90359E+00  4.19276E-02
  9.59799E+02  5.93161E+00  4.21535E-02
  9.68844E+02  5.95938E+00  4.23775E-02
  9.77889E+02  5.98689E+00  4.25996E-02
  9.86935E+02  6.01416E+00  4.28197E-02
  9.95980E+02  6.04118E+00  4.30380E-02
  1.00503E+03  6.06797E+00  4.32545E-02
  1.01407E+03  6.09452E+00  4.34691E-02
  1.02312E+03  6.12084E+00  4.36820E-02
  1.03216E+03  6.14694E+00  4.38932E-02
  1.04121E+03  6.17281E+00  4.41026E-02
  1.05025E+03  6.19847E+00  4.43103E-02
  1.05930E+03  6.22391E+00  4.45164E-02
  1.06834E+03  6.24914E+00  4.47208E-02
  1.07739E+03  6.27416E+00  4.49236E-02
  1.08643E+03  6.29897E+00  4.51248E-02
  1.09548E+03  6.32359E+00  4.53244E-02
  1.10452E+03  6.34800E+00  4.55225E-02
  1.11357E+03  6.37222E+00  4.57191E-02
  1.12261E+03  6.39625E+00  4.59142E-02
  1.13166E+03  6.42009E+00  4.61078E-02
  1.14070E+03  6.44375E+00  4.63000E-02
  1.14975E+03  6.46722E+00  4.64907E-02
  1.15879E+03  6.49051E+00  4.66800E-02
  1.16784E+03  6.51362E+00  4.68679E-02
  1.17688E+03  6.53656E+00  4.70545E-02
  1.18593E+03  6.55932E+00  4.72397E-02
  1.19497E+03  6.58192E+00  4.74236E-02
  1.20402E+03  6.60434E+00  4.76061E-02
  1.21307E+03  6.62660E+00  4.77874E-02
  1.22211E+03  6.64870E+00  4.79674E-02
  1.23116E+03  6.67064E+00  4.81461E-02
  1.24020E+03  6.69243E+00  4.83235E-02
  1.24925E+03  6.71405E+00  4.84998E-02
  1.25829E+03  6.73552E+00  4.86748E-02
  1.26734E+03  6.75684E+00  4.88487E-02
  1.27638E+03  6.77802E+00  4.90213E-02
  1.28543E+03  6.79904E+00  4.91929E-02
  1.29447E+03  6.81992E+00  4.93632E-02
  1.30352E+03  6.84066E+00  4.95324E-02
  1.31256E+03  6.86125E+00  4.97005E-02
  1.32161E+03  6.88171E+00  4.98675E-02
  1.33065E+03  6.90202E+00  5.00335E-02
  1.33970E+03  6.92220E+00  5.01983E-02
  1.34874E+03  6.94225E+00  5.03621E-02
  1.35779E+03  6.96217E+00  5.05248E-02
  1.36683E+03  6.98195E+00  5.06865E-02
  1.37588E+03  7.00161E+00  5.08472E-02
  1.38492E+03  7.02114E+00  5.10069E-02
  1.39397E+03  7.04054E+00  5.11655E-02
  1.40302E+03  7.05982E+00  5.13232E-02
  1.41206E+03  7.07898E+00  5.14799E-02
  1.42111E+03  7.09802E+00  5.16357E-02
  1.43015E+03  7.11694E+00  5.17905E-02
  1.43920E+03  7.13574E+00  5.19443E-02
  1.44824E+03  7.15442E+00  5.20973E-02
  1.45729E+03  7.17299E+00  5.22493E-02
  1.46633E+03  7.19144E+00  5.24004E-02
  1.47538E+03  7.20979E+00  5.25506E-02
  1.48442E+03  7.22802E+00  5.27000E-02
  1.49347E+03  7.24614E+00  5.28484E-02
  1.50251E+03  7.26416E+00  5.29960E-02
  1.51156E+03  7.28206E+00  5.31428E-02
  1.52060E+03  7.29987E+00  5.32887E-02
  1.52965E+03  7.31756E+00  5.34337E-02
  1.53869E+03  7.33516E+00  5.35780E-02
  1.54774E+03  7.35265E+00  5.37214E-02
  1.55678E+03  7.37004E+00  5.38640E-02
  1.56583E+03  7.38733E+00  5.40058E-02
  1.57487E+03  7.40452E+00  5.41468E-02
  1.58392E+03  7.42162E+00  5.42871E-02
  1.59296E+03  7.43862E+00  5.44266E-02
  1.60201E+03  7.45552E+00  5.45653E-02
  1.61106E+03  7.47233E+00  5.47032E-02
  1.62010E+03  7.48905E+00  5.48404E-02
  1.62915E+03  7.50567E+00  5.49769E-02
  1.63819E+03  7.52220E+00  5.51126E-02
  1.64724E+03  7.53865E+00  5.52476E-02
  1.65628E+03  7.55500E+00  5.53819E-02
  1.66533E+03  7.57127E+00  5.55155E-02
  1.67437E+03  7.58744E+00  5.56484E-02
  1.68342E+03  7.60353E+00  5.57806E-02
  1.69246E+03  7.61954E+00  5.59121E-02
  1.70151E+03  7.63546E+00  5.60429E-02
  1.71055E+03  7.65130E+00  5.61730E-02
  1.71960E+03  7.66705E+00  5.63025E-02
  1.72864E+03  7.68273E+00  5.64313E-02
  1.73769E+03  7.69832E+00  5.65595E-02
  1.74673E+03  7.71383E+00  5.66870E-02
  1.75578E+03  7.72926E+00  5.68139E-02
  1.76482E+03  7.74462E+00  5.69402E-02
  1.77387E+03  7.75989E+00  5.70658E-02
  1.78291E+03  7.77509E+00  5.71908E-02
  1.79196E+03  7.79021E+00  5.73152E-02
  1.80101E+03  7.80526E+00  5.74389E-02
  1.81005E+03  7.82023E+00  5.75621E-02
  1.81910E+03  7.83513E+00  5.76847E-02
  1.82814E+03  7.84995E+00  5.78067E-02
  1.83719E+03  7.86470E+00  5.79281E-02
  1.84623E+03  7.87938E+00  5.80489E-02
  1.85528E+03  7.89399E+00  5.81691E-02
  1.86432E+03  7.90853E+00  5.82888E-02
  1.87337E+03  7.92300E+00  5.84079E-02
  1.88241E+03  7.93740E+00  5.85264E-02
  1.89146E+03  7.95173E+00  5.86444E-02
  1.90050E+03  7.96599E+00  5.87619E-02
  1.90955E+03  7.98019E+00  5.88787E-02
  1.91859E+03  7.99432E+00  5.89951E-02
  1.92764E+03  8.00838E+00  5.91109E-02
  1.93668E+03  8.02238E+00  5.92262E-02
  1.94573E+03  8.03631E+00  5.93410E-02
  1.95477E+03  8.05018E+00  5.94552E-02
  1.96382E+03  8.06398E+00  5.95690E-02
  1.97286E+03  8.07772E+00  5.96822E-02
  1.98191E+03  8.09140E+00  5.97949E-02
  1.99095E+03  8.10502E+00  5.99071E-02
  2.00000E+03  8.11858E+00  6.00189E-02
