@page size 600,600
@view 0.12,0.1,0.97,0.93
@subtitle "PHOENIX module phox, 01/25/18 at 14:54:15 -08:00"
@xaxes scale Normal
@yaxes scale Normal
@xaxis label "energy (meV)"
@yaxis label "partial phonon DOS (1/eV)"
@s0 errorbar size 0.0
@type xydy
  0.00000E+00  0.00000E+00  0.00000E+00
  2.49180E-01  9.93346E-03  9.27130E-03
  4.98361E-01  3.75934E-02  2.80417E-02
  7.47541E-01  8.28204E-02  4.50903E-02
  9.96722E-01  1.52237E-01  5.70683E-02
  1.24590E+00  2.53499E-01  6.98100E-02
  1.49508E+00  3.87877E-01  8.52280E-02
  1.74426E+00  5.44498E-01  9.84437E-02
  1.99344E+00  7.08670E-01  1.16578E-01
  2.24262E+00  8.77312E-01  1.19582E-01
  2.49180E+00  1.05418E+00  1.34850E-01
  2.74098E+00  1.23932E+00  1.45504E-01
  2.99017E+00  1.43569E+00  1.55057E-01
  3.23935E+00  1.65429E+00  1.75820E-01
  3.48853E+00  1.90417E+00  1.93925E-01
  3.73771E+00  2.20751E+00  2.18749E-01
  3.98689E+00  2.55437E+00  2.29404E-01
  4.23607E+00  2.87579E+00  2.68444E-01
  4.48525E+00  3.18865E+00  2.85139E-01
  4.73443E+00  3.58872E+00  3.18228E-01
  4.98361E+00  3.98221E+00  3.49896E-01
  5.23279E+00  4.27284E+00  3.86629E-01
  5.48197E+00  4.62742E+00  3.95160E-01
  5.73115E+00  5.09947E+00  4.33238E-01
  5.98033E+00  5.51737E+00  4.89811E-01
  6.22951E+00  5.88916E+00  5.24517E-01
  6.47869E+00  6.47758E+00  5.44122E-01
  6.72787E+00  7.24790E+00  6.49322E-01
  6.97705E+00  7.80450E+00  6.43046E-01
  7.22623E+00  8.10927E+00  7.18608E-01
  7.47541E+00  8.51957E+00  6.92044E-01
  7.72459E+00  9.18037E+00  8.14012E-01
  7.97377E+00  1.00585E+01  8.36743E-01
  8.22295E+00  1.08653E+01  9.59060E-01
  8.47213E+00  1.14793E+01  9.19346E-01
  8.72132E+00  1.21930E+01  1.03894E+00
  8.97050E+00  1.30876E+01  9.69919E-01
  9.21968E+00  1.40487E+01  1.14865E+00
  9.46886E+00  1.48845E+01  1.26913E+00
  9.71804E+00  1.54550E+01  1.24145E+00
  9.96722E+00  1.58714E+01  1.26020E+00
  1.02164E+01  1.60598E+01  1.29019E+00
  1.04656E+01  1.63040E+01  1.47410E+00
  1.07148E+01  1.70755E+01  1.38887E+00
  1.09639E+01  1.87039E+01  1.62004E+00
  1.12131E+01  2.05291E+01  1.62550E+00
  1.14623E+01  2.19538E+01  1.71756E+00
  1.17115E+01  2.34923E+01  1.79035E+00
  1.19607E+01  2.47413E+01  1.92013E+00
  1.22098E+01  2.52368E+01  1.95267E+00
  1.24590E+01  2.67783E+01  2.06255E+00
  1.27082E+01  2.97008E+01  2.09493E+00
  1.29574E+01  3.17297E+01  2.41047E+00
  1.32066E+01  3.23515E+01  2.28295E+00
  1.34557E+01  3.33309E+01  2.40133E+00
  1.37049E+01  3.55204E+01  2.55418E+00
  1.39541E+01  3.80806E+01  2.54725E+00
  1.42033E+01  4.01721E+01  2.78180E+00
  1.44525E+01  4.10955E+01  2.97745E+00
  1.47016E+01  4.04858E+01  2.91922E+00
  1.49508E+01  4.11534E+01  2.88355E+00
  1.52000E+01  4.53418E+01  3.18883E+00
  1.54492E+01  4.95425E+01  3.50907E+00
  1.56984E+01  5.07705E+01  3.19650E+00
  1.59475E+01  5.20135E+01  3.55307E+00
  1.61967E+01  5.48869E+01  3.69352E+00
  1.64459E+01  5.64632E+01  3.74750E+00
  1.66951E+01  5.80411E+01  3.83255E+00
  1.69443E+01  6.28522E+01  3.89253E+00
  1.71934E+01  6.85041E+01  4.36061E+00
  1.74426E+01  7.13064E+01  4.34786E+00
  1.76918E+01  7.28538E+01  4.47986E+00
  1.79410E+01  7.76400E+01  4.86783E+00
  1.81902E+01  8.29056E+01  5.04183E+00
  1.84394E+01  8.38014E+01  5.00964E+00
  1.86885E+01  8.23828E+01  4.90303E+00
  1.89377E+01  8.20767E+01  5.01574E+00
  1.91869E+01  8.37083E+01  5.30505E+00
  1.94361E+01  8.75656E+01  5.14589E+00
  1.96853E+01  9.47781E+01  5.55666E+00
  1.99344E+01  1.03901E+02  6.10058E+00
  2.01836E+01  1.09562E+02  6.00121E+00
  2.04328E+01  1.11004E+02  6.30602E+00
  2.06820E+01  1.14019E+02  6.46180E+00
  2.09312E+01  1.19520E+02  6.40412E+00
  2.11803E+01  1.24910E+02  6.78604E+00
  2.14295E+01  1.30763E+02  7.04777E+00
  2.16787E+01  1.34548E+02  7.23131E+00
  2.19279E+01  1.32909E+02  7.34247E+00
  2.21771E+01  1.29962E+02  7.05439E+00
  2.24262E+01  1.29652E+02  7.35125E+00
  2.26754E+01  1.29448E+02  7.35194E+00
  2.29246E+01  1.27226E+02  7.36618E+00
  2.31738E+01  1.24957E+02  7.42645E+00
  2.34230E+01  1.22604E+02  6.90999E+00
  2.36721E+01  1.21813E+02  7.27483E+00
  2.39213E+01  1.23912E+02  7.71971E+00
  2.41705E+01  1.25162E+02  7.56363E+00
  2.44197E+01  1.23666E+02  7.50789E+00
  2.46689E+01  1.22068E+02  7.64357E+00
  2.49180E+01  1.22120E+02  7.73722E+00
  2.51672E+01  1.25842E+02  7.91859E+00
  2.54164E+01  1.32893E+02  8.36716E+00
  2.56656E+01  1.37489E+02  8.57342E+00
  2.59148E+01  1.37098E+02  7.98997E+00
  2.61639E+01  1.34811E+02  8.53704E+00
  2.64131E+01  1.32857E+02  8.29011E+00
  2.66623E+01  1.33196E+02  8.20618E+00
  2.69115E+01  1.34850E+02  9.01006E+00
  2.71607E+01  1.34580E+02  8.52817E+00
  2.74098E+01  1.33954E+02  8.34421E+00
  2.76590E+01  1.33898E+02  9.12659E+00
  2.79082E+01  1.30823E+02  8.49044E+00
  2.81574E+01  1.28317E+02  8.19401E+00
  2.84066E+01  1.32383E+02  9.47053E+00
  2.86557E+01  1.38493E+02  8.93385E+00
  2.89049E+01  1.40538E+02  9.11515E+00
  2.91541E+01  1.39054E+02  9.37912E+00
  2.94033E+01  1.32775E+02  8.86583E+00
  2.96525E+01  1.22919E+02  8.75056E+00
  2.99017E+01  1.15640E+02  8.60761E+00
  3.01508E+01  1.13619E+02  8.84449E+00
  3.04000E+01  1.15134E+02  8.97564E+00
  3.06492E+01  1.17434E+02  8.85781E+00
  3.08984E+01  1.16691E+02  9.34420E+00
  3.11476E+01  1.09977E+02  8.23120E+00
  3.13967E+01  1.04115E+02  8.79370E+00
  3.16459E+01  1.08160E+02  9.15670E+00
  3.18951E+01  1.13952E+02  9.00163E+00
  3.21443E+01  1.12384E+02  9.28940E+00
  3.23935E+01  1.07332E+02  9.09154E+00
  3.26426E+01  1.03984E+02  8.79356E+00
  3.28918E+01  1.03173E+02  8.87660E+00
  3.31410E+01  1.05249E+02  9.26278E+00
  3.33902E+01  1.08012E+02  1.00425E+01
  3.36394E+01  1.09535E+02  9.59890E+00
  3.38885E+01  1.17174E+02  9.86377E+00
  3.41377E+01  1.32337E+02  1.05277E+01
  3.43869E+01  1.46128E+02  1.07263E+01
  3.46361E+01  1.55530E+02  1.11865E+01
  3.48853E+01  1.64761E+02  1.19212E+01
  3.51344E+01  1.75994E+02  1.25094E+01
  3.53836E+01  1.84183E+02  1.23612E+01
  3.56328E+01  1.87131E+02  1.31164E+01
  3.58820E+01  1.88428E+02  1.24276E+01
  3.61312E+01  1.87162E+02  1.25926E+01
  3.63803E+01  1.81676E+02  1.25023E+01
  3.66295E+01  1.70169E+02  1.16543E+01
  3.68787E+01  1.51075E+02  1.17876E+01
  3.71279E+01  1.32155E+02  1.01019E+01
  3.73771E+01  1.20710E+02  1.03842E+01
  3.76262E+01  1.11786E+02  1.02805E+01
  3.78754E+01  9.64008E+01  8.65163E+00
  3.81246E+01  7.84282E+01  8.39935E+00
  3.83738E+01  6.25945E+01  8.01295E+00
  3.86230E+01  4.46548E+01  6.85261E+00
  3.88721E+01  2.83796E+01  5.67682E+00
  3.91213E+01  2.22521E+01  6.44023E+00
  3.93705E+01  2.17252E+01  5.95826E+00
  3.96197E+01  1.91849E+01  6.27346E+00
  3.98689E+01  1.54328E+01  5.20492E+00
  4.01180E+01  1.22933E+01  5.27377E+00
  4.03672E+01  8.93055E+00  4.93473E+00
  4.06164E+01  7.95075E+00  5.05797E+00
  4.08656E+01  9.17891E+00  5.11238E+00
  4.11148E+01  9.10556E+00  5.20158E+00
  4.13640E+01  6.75186E+00  5.34398E+00
  4.16131E+01  4.95940E+00  5.18922E+00
  4.18623E+01  5.89390E+00  6.04645E+00
  4.21115E+01  7.41654E+00  4.90591E+00
  4.23607E+01  5.91702E+00  5.69492E+00
  4.26099E+01  9.41023E-01  3.81565E+00
  4.28590E+01 -1.49481E+00  4.87612E+00
  4.31082E+01  2.85423E+00  5.28108E+00
  4.33574E+01  5.64459E+00  5.41014E+00
  4.36066E+01 -5.82005E-01  3.65496E+00
  4.38558E+01 -4.91787E+00  4.21995E+00
  4.41049E+01 -5.40130E-01  6.30092E+00
  4.43541E+01  3.56209E+00  5.32469E+00
  4.46033E+01  3.65132E+00  3.74376E+00
  4.48525E+01  4.23076E+00  6.28339E+00
  4.51017E+01  3.35547E+00  5.35433E+00
  4.53508E+01 -1.45019E+00  4.41879E+00
  4.56000E+01 -5.33097E+00  4.81150E+00
  4.58492E+01 -3.32124E+00  5.18278E+00
  4.60984E+01  2.56647E-01  5.15727E+00
  4.63476E+01  1.32236E+00  6.04316E+00
  4.65967E+01  1.40334E+00  5.74986E+00
  4.68459E+01  1.55488E-01  4.43322E+00
  4.70951E+01 -2.98387E+00  4.89664E+00
  4.73443E+01 -2.97143E+00  5.51306E+00
  4.75935E+01 -4.30409E-01  4.39887E+00
  4.78426E+01 -2.97165E-01  6.15090E+00
  4.80918E+01 -1.71163E+00  4.19216E+00
  4.83410E+01 -9.31566E-01  4.59577E+00
  4.85902E+01  1.79164E+00  5.67309E+00
  4.88394E+01  1.68497E+00  4.82720E+00
  4.90885E+01 -1.38243E-01  5.26853E+00
  4.93377E+01  1.50633E+00  6.03415E+00
  4.95869E+01  6.53304E+00  6.41502E+00
  4.98361E+01  1.13221E+01  6.56529E+00
  5.00853E+01  9.52463E+00  5.50021E+00
  5.03344E+01  1.83472E+00  5.27992E+00
  5.05836E+01 -2.57947E+00  4.24804E+00
  5.08328E+01  2.05487E-01  6.47128E+00
  5.10820E+01  6.13946E+00  6.21501E+00
  5.13312E+01  8.38415E+00  6.37707E+00
  5.15804E+01  7.49564E+00  6.34402E+00
  5.18295E+01  8.11439E+00  7.05611E+00
  5.20787E+01  8.67432E+00  6.34108E+00
  5.23279E+01  6.81371E+00  5.13537E+00
  5.25771E+01  3.62879E+00  6.83738E+00
  5.28263E+01  1.37591E+00  5.20482E+00
  5.30754E+01  3.71778E+00  6.12973E+00
  5.33246E+01  6.69464E+00  7.41473E+00
  5.35738E+01  4.75733E+00  5.84156E+00
  5.38230E+01  3.24614E+00  6.45470E+00
  5.40722E+01  4.12179E+00  6.06807E+00
  5.43213E+01  3.51740E+00  6.35141E+00
  5.45705E+01  2.11040E+00  6.24481E+00
  5.48197E+01  4.95645E-01  5.89401E+00
  5.50689E+01 -3.43548E+00  4.72819E+00
  5.53181E+01 -6.20184E+00  4.72380E+00
  5.55672E+01 -4.27641E+00  4.49024E+00
  5.58164E+01 -1.33232E-01  6.11059E+00
  5.60656E+01  1.79565E+00  4.86807E+00
  5.63148E+01  1.77547E+00  5.87924E+00
  5.65640E+01  1.44047E+00  5.50714E+00
  5.68131E+01  5.79018E-01  6.55922E+00
  5.70623E+01 -2.72793E+00  4.04083E+00
  5.73115E+01 -6.01278E+00  5.07250E+00
  5.75607E+01 -4.46857E+00  4.40034E+00
  5.78099E+01 -1.20121E+00  5.42032E+00
  5.80590E+01 -3.58766E-01  5.53173E+00
  5.83082E+01 -5.98735E-02  6.07179E+00
  5.85574E+01  2.43732E-01  5.63617E+00
  5.88066E+01  1.70194E-01  5.34202E+00
  5.90558E+01  1.16154E+00  6.38601E+00
  5.93049E+01  4.83521E+00  6.22168E+00
  5.95541E+01  8.14800E+00  7.61177E+00
  5.98033E+01  5.27195E+00  7.34160E+00
  6.00525E+01 -1.21189E+00  4.03731E+00
  6.03017E+01 -2.09286E+00  5.23230E+00
  6.05508E+01  1.69534E+00  5.48851E+00
  6.08000E+01  2.38391E+00  4.10699E+00
  6.10492E+01  3.98536E-01  5.18296E+00
  6.12984E+01  2.07831E+00  6.19927E+00
  6.15476E+01  8.10424E+00  6.42795E+00
  6.17967E+01  1.09508E+01  6.32305E+00
  6.20459E+01  6.98454E+00  6.69976E+00
  6.22951E+01 -1.12575E+00  4.14920E+00
  6.25443E+01 -6.46776E+00  4.20981E+00
  6.27935E+01 -7.13544E+00  2.49667E+00
  6.30427E+01 -4.88584E+00  5.07215E+00
  6.32918E+01 -1.01523E+00  5.60786E+00
  6.35410E+01  2.97266E+00  5.75454E+00
  6.37902E+01  4.49506E+00  5.75456E+00
  6.40394E+01  2.92398E+00  5.37877E+00
  6.42886E+01  1.75049E-01  5.14161E+00
  6.45377E+01 -2.70001E+00  4.09344E+00
  6.47869E+01 -4.68469E+00  4.80683E+00
  6.50361E+01 -6.07118E+00  3.24722E+00
  6.52853E+01 -6.32891E+00  2.33095E+00
  6.55345E+01 -6.24069E-01  4.97192E+00
  6.57836E+01  6.75849E+00  7.69418E+00
  6.60328E+01  6.03119E+00  4.87792E+00
  6.62820E+01  8.67814E-01  3.09894E+00
  6.65312E+01 -8.67505E-01  4.16307E+00
  6.67804E+01  9.52406E-01  5.12737E+00
  6.70295E+01  1.41161E+00  5.02609E+00
  6.72787E+01  2.99565E-01  4.80186E+00
  6.75279E+01  1.59086E+00  6.53530E+00
  6.77771E+01  1.45134E+00  4.66058E+00
  6.80263E+01  1.20995E-01  3.83766E+00
  6.82754E+01  2.16433E+00  6.15540E+00
  6.85246E+01  3.03228E+00  4.65988E+00
  6.87738E+01 -2.30311E-01  4.74445E+00
  6.90230E+01 -6.02968E-01  5.80148E+00
  6.92722E+01  4.75696E+00  5.45464E+00
  6.95213E+01  7.73617E+00  4.93548E+00
  6.97705E+01  5.21526E+00  5.26015E+00
  7.00197E+01  2.63454E+00  6.06473E+00
  7.02689E+01  1.50134E+00  5.26487E+00
  7.05181E+01 -4.28929E-02  3.69490E+00
  7.07672E+01 -2.57817E+00  4.57863E+00
  7.10164E+01 -6.26807E+00  4.17782E+00
  7.12656E+01 -8.01068E+00  3.89942E+00
  7.15148E+01 -3.79337E-01  4.75604E+00
  7.17640E+01  7.59381E+00  6.15638E+00
  7.20131E+01  4.86649E+00  4.46586E+00
  7.22623E+01  1.09139E+00  5.42660E+00
  7.25115E+01  1.06259E+00  4.36932E+00
  7.27607E+01 -3.19451E-01  5.01148E+00
  7.30099E+01 -2.05270E+00  3.92991E+00
  7.32590E+01 -3.84581E+00  4.46301E+00
  7.35082E+01 -4.80743E+00  4.68808E+00
  7.37574E+01 -1.65559E+00  5.38055E+00
  7.40066E+01  2.20153E+00  6.30128E+00
  7.42558E+01  1.43468E+00  4.62651E+00
  7.45050E+01 -1.69578E-01  3.65496E+00
  7.47541E+01 -7.41190E-01  3.77060E+00
  7.50033E+01 -3.46658E+00  2.78437E+00
  7.52525E+01 -4.70178E+00  2.65820E+00
  7.55017E+01 -2.80689E+00  3.97202E+00
  7.57509E+01 -2.43462E+00  4.00686E+00
  7.60000E+01 -5.04494E+00  2.81803E+00
  7.62492E+01 -6.44541E+00  4.44804E+00
  7.64984E+01 -4.88341E+00  2.80042E+00
  7.67476E+01 -2.81654E+00  3.02183E+00
  7.69968E+01 -2.17012E+00  3.93610E+00
  7.72459E+01 -2.40967E+00  2.56583E+00
  7.74951E+01 -1.42638E+00  4.11447E+00
  7.77443E+01 -5.62760E-01  3.72896E+00
  7.79935E+01 -5.63756E-01  1.74217E+00
  7.82427E+01 -3.14485E-02  5.52213E+00
  7.84918E+01  5.05644E-01  4.25936E+00
  7.87410E+01  2.99847E+00  5.89700E+00
  7.89902E+01  8.01832E+00  8.26574E+00
  7.92394E+01  7.39178E+00  5.54330E+00
  7.94886E+01 -1.14838E+00  1.00629E+00
  7.97377E+01 -7.12654E+00  3.88894E+00
  7.99869E+01 -5.80512E+00  3.06161E+00
  8.02361E+01 -4.71463E+00  3.96435E+00
  8.04853E+01 -4.42234E+00  3.14573E+00
  8.07345E+01  4.34383E-01  4.91763E+00
  8.09836E+01  7.19578E+00  4.94368E+00
  8.12328E+01  6.75078E+00  4.12291E+00
  8.14820E+01  8.31915E-01  4.17744E+00
  8.17312E+01 -1.99900E+00  2.08652E+00
  8.19804E+01  6.05789E-01  6.02962E+00
  8.22295E+01  1.23402E+00  5.87352E+00
  8.24787E+01 -4.12963E+00  4.16819E+00
  8.27279E+01 -8.15543E+00  4.16932E+00
  8.29771E+01 -8.41356E+00  4.15946E+00
  8.32263E+01 -6.69481E+00  3.43690E+00
  8.34754E+01 -1.83902E+00  7.57902E+00
  8.37246E+01  4.22702E+00  3.37536E+00
  8.39738E+01  4.61939E+00  5.28921E+00
  8.42230E+01  6.31954E+00  6.52431E+00
  8.44722E+01  5.27577E+00  6.00676E+00
  8.47213E+01  1.97655E+00  1.95424E+00
  8.49705E+01 -9.03515E-01  4.42271E+00
  8.52197E+01 -1.25308E+00  4.40609E+00
  8.54689E+01 -2.29088E-01  3.78796E+00
  8.57181E+01 -3.80106E-01  5.48986E+00
  8.59673E+01 -2.08907E+00  3.27984E+00
  8.62164E+01 -3.46113E+00  4.30297E+00
  8.64656E+01 -2.94105E+00  3.41634E+00
  8.67148E+01 -1.23963E+00  5.20361E+00
  8.69640E+01 -7.76756E-01  5.39163E+00
  8.72132E+01 -9.61943E-01  1.85067E+00
  8.74623E+01 -1.55779E+00  5.27291E+00
  8.77115E+01 -2.90168E+00  1.49087E+00
  8.79607E+01 -3.47219E+00  4.79102E+00
  8.82099E+01 -3.60482E+00  3.19632E+00
  8.84591E+01 -3.61075E+00  3.24998E+00
  8.87082E+01 -1.45587E+00  5.47198E+00
  8.89574E+01  8.75638E-01  4.56306E+00
  8.92066E+01  4.18437E-01  4.56049E+00
  8.94558E+01 -5.61830E-01  5.47363E+00
  8.97050E+01  4.40416E-01  3.88632E+00
  8.99541E+01  4.97309E-02  4.87815E+00
  9.02033E+01 -3.33927E+00  3.43254E+00
  9.04525E+01 -4.22691E+00  4.43249E+00
  9.07017E+01 -1.82720E+00  1.22270E+00
  9.09509E+01 -3.42235E-01  5.70408E+00
  9.12000E+01  4.34518E-01  5.62221E+00
  9.14492E+01  3.79056E+00  4.64639E+00
  9.16984E+01  6.46396E+00  8.63699E+00
  9.19476E+01  2.81390E+00  1.19327E+00
  9.21968E+01 -2.30004E+00  1.67332E+00
  9.24459E+01 -2.50656E+00  5.02968E+00
  9.26951E+01 -4.10484E-01  6.54362E+00
  9.29443E+01  3.37872E-01  3.70650E+00
  9.31935E+01 -1.12458E+00  4.74471E+00
  9.34427E+01 -5.04125E-01  3.57239E+00
  9.36918E+01  4.10951E+00  6.19257E+00
  9.39410E+01  7.53286E+00  6.91485E+00
  9.41902E+01  5.37566E+00  6.78134E+00
  9.44394E+01  1.89233E+00  4.90876E+00
  9.46886E+01  3.83036E-01  4.89401E+00
  9.49377E+01  8.20404E-01  2.82011E+00
  9.51869E+01  2.91954E+00  7.18430E+00
  9.54361E+01  2.62165E+00  5.95776E+00
  9.56853E+01  3.90448E-03  3.52393E+00
  9.59345E+01 -1.14863E+00  5.82054E+00
  9.61836E+01 -1.22268E+00  4.10281E+00
  9.64328E+01 -1.03613E+00  3.85234E+00
  9.66820E+01 -1.18714E+00  6.90785E+00
  9.69312E+01 -2.67033E+00  1.89736E+00
  9.71804E+01 -3.99668E+00  4.36312E+00
  9.74296E+01 -2.29056E+00  4.19084E+00
  9.76787E+01  4.06971E-01  7.57657E+00
  9.79279E+01  4.53714E-02  5.68221E+00
  9.81771E+01 -6.06851E-01  6.39209E+00
  9.84263E+01 -2.08291E-01  8.50362E+00
  9.86755E+01 -2.10554E+00  2.33526E+00
  9.89246E+01 -3.62985E+00  1.32987E+00
  9.91738E+01 -1.05304E+00  8.49216E+00
  9.94230E+01  1.18289E+00  1.23917E+01
  9.96722E+01 -2.13135E+00  7.89595E-02
  9.99214E+01 -5.40079E+00  7.86947E-02
