@page size 600,600
@view 0.12,0.1,0.97,0.93
@subtitle "PHOENIX module phox, 04/17/18 at 11:29:33 -07:00"
@xaxes scale Normal
@yaxes scale Normal
@xaxis label "energy (meV)"
@yaxis label "normalized data (1/eV)"
@s0 errorbar size 0.0
@type xydy
 -7.07278E+01 -9.06141E-02  4.76564E-03
 -7.04805E+01 -7.55243E-02  1.20032E-02
 -7.02332E+01 -1.02510E-01  0.00000E+00
 -6.99859E+01 -7.31415E-02  5.49610E-02
 -6.97386E+01  9.73728E-02  1.48946E-01
 -6.94913E+01  1.39685E-01  1.53599E-01
 -6.92440E+01  1.30939E-01  1.67930E-01
 -6.89967E+01  2.72244E-02  5.38741E-02
 -6.87494E+01 -9.41000E-03  1.16296E-01
 -6.85021E+01  1.06267E-01  8.43827E-02
 -6.82548E+01  5.90820E-02  7.25697E-02
 -6.80075E+01  1.72157E-02  6.11370E-02
 -6.77602E+01  9.36852E-03  5.97559E-02
 -6.75129E+01  2.77069E-02  4.75890E-02
 -6.72656E+01 -4.64915E-02  2.67005E-02
 -6.70183E+01 -1.91106E-02  4.67627E-02
 -6.67710E+01  1.30478E-02  4.30632E-02
 -6.65237E+01  7.38773E-03  4.07606E-02
 -6.62764E+01  1.81773E-02  4.77674E-02
 -6.60291E+01  2.10145E-02  3.52703E-02
 -6.57818E+01 -3.23978E-02  2.78562E-02
 -6.55345E+01 -1.17490E-02  3.39798E-02
 -6.52872E+01 -2.74659E-02  3.17502E-02
 -6.50399E+01 -3.92856E-02  3.03514E-02
 -6.47926E+01  4.76524E-03  3.44834E-02
 -6.45453E+01 -3.53950E-02  2.34258E-02
 -6.42980E+01 -1.91917E-02  2.92391E-02
 -6.40507E+01 -1.83104E-02  2.94755E-02
 -6.38034E+01 -2.60129E-02  2.40475E-02
 -6.35561E+01 -3.80277E-02  2.73640E-02
 -6.33088E+01 -1.35304E-02  3.14253E-02
 -6.30615E+01  1.42806E-02  3.68698E-02
 -6.28142E+01  3.16201E-02  3.75020E-02
 -6.25669E+01  4.05438E-02  3.88573E-02
 -6.23196E+01  8.72846E-03  2.83126E-02
 -6.20723E+01 -3.24254E-02  2.90400E-02
 -6.18250E+01 -7.31673E-03  2.98137E-02
 -6.15777E+01 -2.76142E-02  2.95391E-02
 -6.13304E+01  9.32454E-04  2.90199E-02
 -6.10831E+01  1.72874E-02  3.65869E-02
 -6.08358E+01  8.71450E-03  3.14922E-02
 -6.05885E+01  1.55506E-02  3.50295E-02
 -6.03412E+01 -2.60250E-02  2.82126E-02
 -6.00939E+01 -1.92154E-02  2.97684E-02
 -5.98466E+01  3.40022E-02  4.04267E-02
 -5.95993E+01  7.66691E-02  4.22330E-02
 -5.93520E+01  4.37013E-03  3.04398E-02
 -5.91047E+01  1.41833E-02  3.64178E-02
 -5.88574E+01  4.98005E-02  3.69460E-02
 -5.86101E+01  5.57298E-02  4.50234E-02
 -5.83628E+01  8.72534E-02  4.73130E-02
 -5.81155E+01  9.44258E-02  4.40116E-02
 -5.78682E+01  1.12087E-01  5.03366E-02
 -5.76209E+01  1.41028E-01  4.98704E-02
 -5.73736E+01  1.06516E-01  4.98101E-02
 -5.71263E+01  1.56218E-01  5.32019E-02
 -5.68790E+01  1.39688E-01  4.63867E-02
 -5.66317E+01  1.20211E-01  5.28336E-02
 -5.63844E+01  1.48533E-01  5.16385E-02
 -5.61371E+01  1.03120E-01  4.53879E-02
 -5.58898E+01  1.71403E-01  5.80564E-02
 -5.56425E+01  1.57428E-01  5.09909E-02
 -5.53952E+01  1.31815E-01  5.16398E-02
 -5.51479E+01  1.43350E-01  5.47882E-02
 -5.49006E+01  1.82003E-01  5.35727E-02
 -5.46533E+01  2.11236E-01  5.94237E-02
 -5.44060E+01  2.75568E-01  6.54033E-02
 -5.41587E+01  2.56232E-01  6.06828E-02
 -5.39114E+01  1.57486E-01  4.77983E-02
 -5.36641E+01  1.30556E-01  5.22915E-02
 -5.34168E+01  1.90787E-01  5.67284E-02
 -5.31695E+01  1.39008E-01  5.12644E-02
 -5.29222E+01  1.36932E-01  4.99137E-02
 -5.26749E+01  1.69286E-01  5.47061E-02
 -5.24276E+01  1.31705E-01  4.78591E-02
 -5.21803E+01  1.09378E-01  4.70925E-02
 -5.19330E+01  1.51562E-01  5.64064E-02
 -5.16857E+01  1.92406E-01  5.44473E-02
 -5.14384E+01  1.10608E-01  4.26904E-02
 -5.11911E+01  9.10984E-02  4.70320E-02
 -5.09438E+01  1.08157E-01  4.75860E-02
 -5.06965E+01  1.07534E-01  4.66828E-02
 -5.04492E+01  1.07602E-01  4.54593E-02
 -5.02019E+01  7.88292E-02  4.74959E-02
 -4.99546E+01  1.69435E-01  5.43851E-02
 -4.97073E+01  1.21805E-01  4.57476E-02
 -4.94600E+01  1.22902E-01  4.89986E-02
 -4.92127E+01  6.71561E-02  4.18709E-02
 -4.89654E+01  1.03798E-01  5.19064E-02
 -4.87181E+01  1.48596E-01  5.20753E-02
 -4.84708E+01  1.64383E-01  5.06263E-02
 -4.82235E+01  1.34061E-01  5.16547E-02
 -4.79762E+01  1.79693E-01  5.50718E-02
 -4.77289E+01  1.12338E-01  4.54469E-02
 -4.74816E+01  1.62631E-01  5.63036E-02
 -4.72343E+01  1.94669E-01  5.68986E-02
 -4.69870E+01  2.10710E-01  6.11774E-02
 -4.67397E+01  2.37782E-01  6.02657E-02
 -4.64924E+01  2.20698E-01  5.72298E-02
 -4.62451E+01  2.77264E-01  6.91447E-02
 -4.59978E+01  3.60661E-01  7.16382E-02
 -4.57505E+01  3.45386E-01  6.64314E-02
 -4.55032E+01  2.19726E-01  5.81322E-02
 -4.52559E+01  1.78700E-01  5.54491E-02
 -4.50086E+01  2.26169E-01  6.27830E-02
 -4.47613E+01  2.02669E-01  5.39738E-02
 -4.45140E+01  2.01699E-01  6.19514E-02
 -4.42667E+01  2.53464E-01  6.26968E-02
 -4.40194E+01  2.68501E-01  6.60135E-02
 -4.37721E+01  2.50177E-01  5.94487E-02
 -4.35248E+01  2.90189E-01  6.72408E-02
 -4.32775E+01  2.83691E-01  6.29039E-02
 -4.30302E+01  2.39724E-01  6.06520E-02
 -4.27829E+01  2.62675E-01  6.44794E-02
 -4.25356E+01  2.91955E-01  6.43735E-02
 -4.22883E+01  2.51921E-01  6.28647E-02
 -4.20410E+01  2.51845E-01  6.12731E-02
 -4.17937E+01  2.61133E-01  7.01377E-02
 -4.15464E+01  3.21940E-01  6.75918E-02
 -4.12991E+01  3.54433E-01  6.80664E-02
 -4.10518E+01  3.15498E-01  6.73844E-02
 -4.08045E+01  2.66363E-01  6.75142E-02
 -4.05572E+01  3.06071E-01  6.74595E-02
 -4.03099E+01  3.80617E-01  7.32509E-02
 -4.00626E+01  3.50057E-01  6.66298E-02
 -3.98153E+01  2.79119E-01  6.50425E-02
 -3.95680E+01  2.41562E-01  5.87277E-02
 -3.93207E+01  2.20678E-01  6.56469E-02
 -3.90734E+01  2.91520E-01  6.12146E-02
 -3.88261E+01  2.56573E-01  6.45327E-02
 -3.85788E+01  2.23705E-01  6.31746E-02
 -3.83315E+01  2.98685E-01  6.94771E-02
 -3.80842E+01  3.84664E-01  7.61309E-02
 -3.78369E+01  4.37164E-01  7.40381E-02
 -3.75896E+01  3.80168E-01  7.04897E-02
 -3.73423E+01  3.28939E-01  7.40356E-02
 -3.70950E+01  4.39011E-01  7.76420E-02
 -3.68477E+01  4.36298E-01  7.35898E-02
 -3.66004E+01  3.17226E-01  6.77743E-02
 -3.63531E+01  3.73557E-01  7.88367E-02
 -3.61058E+01  4.43664E-01  7.64788E-02
 -3.58585E+01  4.11405E-01  7.91698E-02
 -3.56112E+01  4.68448E-01  8.17104E-02
 -3.53639E+01  5.09121E-01  8.15577E-02
 -3.51166E+01  5.10979E-01  8.38770E-02
 -3.48693E+01  5.74394E-01  8.91538E-02
 -3.46220E+01  6.39863E-01  9.02161E-02
 -3.43747E+01  6.46268E-01  9.52747E-02
 -3.41274E+01  6.27994E-01  8.94377E-02
 -3.38801E+01  6.19544E-01  8.85096E-02
 -3.36328E+01  7.09557E-01  1.02512E-01
 -3.33855E+01  7.55094E-01  9.83974E-02
 -3.31382E+01  7.74168E-01  9.99670E-02
 -3.28909E+01  7.60829E-01  9.71991E-02
 -3.26436E+01  8.46387E-01  1.08855E-01
 -3.23963E+01  1.01819E+00  1.16259E-01
 -3.21490E+01  1.03906E+00  1.11371E-01
 -3.19017E+01  9.30184E-01  1.05878E-01
 -3.16544E+01  9.53955E-01  1.12322E-01
 -3.14071E+01  1.01586E+00  1.13142E-01
 -3.11598E+01  1.00685E+00  1.06270E-01
 -3.09125E+01  8.14130E-01  9.50995E-02
 -3.06652E+01  6.95255E-01  1.01026E-01
 -3.04179E+01  8.39638E-01  1.08550E-01
 -3.01706E+01  1.01639E+00  1.13732E-01
 -2.99233E+01  1.00699E+00  1.07263E-01
 -2.96760E+01  9.90440E-01  1.16804E-01
 -2.94287E+01  1.09793E+00  1.13725E-01
 -2.91814E+01  9.98657E-01  1.09827E-01
 -2.89341E+01  8.77723E-01  9.65431E-02
 -2.86868E+01  6.83016E-01  9.76624E-02
 -2.84395E+01  8.13093E-01  1.03603E-01
 -2.81922E+01  8.88048E-01  1.08611E-01
 -2.79449E+01  8.91558E-01  1.06927E-01
 -2.76976E+01  9.00659E-01  1.03297E-01
 -2.74503E+01  8.31481E-01  1.04680E-01
 -2.72030E+01  8.05141E-01  9.63963E-02
 -2.69557E+01  6.75386E-01  9.67206E-02
 -2.67084E+01  7.03981E-01  8.71966E-02
 -2.64611E+01  6.06912E-01  9.30439E-02
 -2.62138E+01  6.26539E-01  9.58207E-02
 -2.59665E+01  7.65210E-01  9.69135E-02
 -2.57192E+01  6.88581E-01  9.11062E-02
 -2.54719E+01  6.01016E-01  8.67438E-02
 -2.52246E+01  5.11953E-01  8.72521E-02
 -2.49773E+01  6.20300E-01  8.60113E-02
 -2.47300E+01  5.13955E-01  7.86264E-02
 -2.44827E+01  4.35032E-01  8.09672E-02
 -2.42354E+01  5.10811E-01  8.94230E-02
 -2.39881E+01  5.98586E-01  8.35869E-02
 -2.37408E+01  5.04319E-01  8.36541E-02
 -2.34935E+01  6.14197E-01  9.69838E-02
 -2.32462E+01  6.41087E-01  8.41602E-02
 -2.29989E+01  4.81898E-01  8.52356E-02
 -2.27516E+01  5.17173E-01  7.82814E-02
 -2.25043E+01  4.41779E-01  8.23947E-02
 -2.22570E+01  5.39463E-01  8.51036E-02
 -2.20097E+01  5.71633E-01  8.71447E-02
 -2.17624E+01  5.31107E-01  8.25917E-02
 -2.15151E+01  4.66904E-01  7.65013E-02
 -2.12678E+01  3.67542E-01  7.88837E-02
 -2.10205E+01  4.75075E-01  7.98914E-02
 -2.07732E+01  4.68742E-01  7.85194E-02
 -2.05259E+01  4.23005E-01  7.96321E-02
 -2.02786E+01  4.59164E-01  8.25553E-02
 -2.00313E+01  5.86381E-01  8.71208E-02
 -1.97840E+01  5.79144E-01  8.81039E-02
 -1.95367E+01  4.91257E-01  8.16846E-02
 -1.92894E+01  4.71594E-01  8.46175E-02
 -1.90421E+01  5.81353E-01  9.05792E-02
 -1.87948E+01  5.71110E-01  7.75075E-02
 -1.85475E+01  4.10399E-01  7.77925E-02
 -1.83002E+01  4.88741E-01  8.35048E-02
 -1.80529E+01  4.79104E-01  8.07505E-02
 -1.78056E+01  4.22921E-01  7.79498E-02
 -1.75583E+01  5.07178E-01  8.49066E-02
 -1.73110E+01  5.09877E-01  8.05090E-02
 -1.70637E+01  3.87593E-01  6.99060E-02
 -1.68164E+01  2.90400E-01  7.10506E-02
 -1.65691E+01  4.11008E-01  8.02056E-02
 -1.63218E+01  4.76445E-01  7.87637E-02
 -1.60745E+01  4.20344E-01  8.11291E-02
 -1.58272E+01  4.13590E-01  7.24909E-02
 -1.55799E+01  4.32972E-01  7.87977E-02
 -1.53326E+01  5.48705E-01  8.83560E-02
 -1.50853E+01  5.22052E-01  8.19761E-02
 -1.48380E+01  4.20869E-01  7.46579E-02
 -1.45907E+01  4.04445E-01  8.04254E-02
 -1.43434E+01  4.40590E-01  7.64679E-02
 -1.40961E+01  3.73911E-01  6.75556E-02
 -1.38488E+01  3.34413E-01  7.64840E-02
 -1.36015E+01  4.29781E-01  7.57217E-02
 -1.33542E+01  3.77654E-01  7.55090E-02
 -1.31069E+01  4.40861E-01  7.92646E-02
 -1.28596E+01  4.61939E-01  8.07039E-02
 -1.26123E+01  4.75278E-01  7.85628E-02
 -1.23650E+01  4.21528E-01  8.08341E-02
 -1.21177E+01  4.75361E-01  8.23600E-02
 -1.18704E+01  4.34468E-01  7.51228E-02
 -1.16231E+01  4.57813E-01  8.15651E-02
 -1.13758E+01  4.87114E-01  8.29691E-02
 -1.11285E+01  5.28425E-01  8.41436E-02
 -1.08812E+01  4.58957E-01  7.96487E-02
 -1.06339E+01  5.00270E-01  8.69709E-02
 -1.03866E+01  5.21315E-01  8.13456E-02
 -1.01393E+01  4.71428E-01  7.83210E-02
 -9.89200E+00  4.55942E-01  8.28057E-02
 -9.64470E+00  4.18427E-01  7.57901E-02
 -9.39740E+00  3.61138E-01  7.55346E-02
 -9.15010E+00  5.04693E-01  8.83027E-02
 -8.90280E+00  5.89092E-01  8.30473E-02
 -8.65550E+00  4.62373E-01  8.30643E-02
 -8.40820E+00  4.53242E-01  8.30941E-02
 -8.16090E+00  5.37267E-01  8.70578E-02
 -7.91360E+00  5.56386E-01  8.34116E-02
 -7.66630E+00  4.89242E-01  8.41729E-02
 -7.41900E+00  5.23568E-01  8.37573E-02
 -7.17170E+00  4.90592E-01  8.55277E-02
 -6.92440E+00  5.50444E-01  8.93318E-02
 -6.67710E+00  6.35883E-01  9.38684E-02
 -6.42980E+00  4.97272E-01  8.49381E-02
 -6.18250E+00  5.12566E-01  8.73586E-02
 -5.93520E+00  5.14759E-01  8.56582E-02
 -5.68790E+00  5.30593E-01  8.71645E-02
 -5.44060E+00  5.90984E-01  9.62619E-02
 -5.19330E+00  5.97445E-01  9.28290E-02
 -4.94600E+00  5.00189E-01  9.10164E-02
 -4.69870E+00  5.16993E-01  8.79730E-02
 -4.45140E+00  5.01650E-01  9.08648E-02
 -4.20410E+00  5.03333E-01  9.20250E-02
 -3.95680E+00  5.93459E-01  1.04651E-01
 -3.70950E+00  6.48353E-01  1.01043E-01
 -3.46220E+00  4.44355E-01  1.01369E-01
 -3.21490E+00  5.23810E-01  1.09715E-01
 -2.96760E+00  5.09624E-01  9.99842E-02
 -2.72030E+00  5.25985E-01  1.10710E-01
 -2.47300E+00  5.51154E-01  1.26890E-01
 -2.22570E+00  5.73038E-01  1.46515E-01
 -1.97840E+00  5.78498E-01  1.78064E-01
 -1.73110E+00  5.61373E-01  2.11576E-01
 -1.48380E+00  5.30800E-01  2.88427E-01
 -1.23650E+00  4.99174E-01  4.10778E-01
 -9.89200E-01  4.72204E-01  5.92383E-01
 -7.41900E-01  4.71691E-01  7.93715E-01
 -4.94600E-01  5.11367E-01  9.66247E-01
 -2.47300E-01  5.66001E-01  1.07400E+00
  0.00000E+00  6.11660E-01  1.08307E+00
  2.47300E-01  6.25600E-01  9.67299E-01
  4.94600E-01  5.87109E-01  7.84173E-01
  7.41900E-01  5.38820E-01  5.67115E-01
  9.89200E-01  5.31016E-01  3.99641E-01
  1.23650E+00  5.56383E-01  2.61210E-01
  1.48380E+00  5.96051E-01  1.99691E-01
  1.73110E+00  6.33258E-01  1.53470E-01
  1.97840E+00  6.46819E-01  1.25320E-01
  2.22570E+00  6.36859E-01  1.04448E-01
  2.47300E+00  6.16271E-01  9.80870E-02
  2.72030E+00  5.89667E-01  9.47158E-02
  2.96760E+00  5.81409E-01  9.28332E-02
  3.21490E+00  5.81246E-01  9.01484E-02
  3.46220E+00  4.30543E-01  8.50145E-02
  3.70950E+00  5.43560E-01  8.69026E-02
  3.95680E+00  5.28039E-01  8.58445E-02
  4.20410E+00  5.41643E-01  9.59640E-02
  4.45140E+00  6.27633E-01  9.39635E-02
  4.69870E+00  6.78172E-01  9.07918E-02
  4.94600E+00  5.65936E-01  9.12000E-02
  5.19330E+00  5.66910E-01  8.95462E-02
  5.44060E+00  5.62778E-01  9.14666E-02
  5.68790E+00  6.69855E-01  9.59713E-02
  5.93520E+00  7.32681E-01  9.57052E-02
  6.18250E+00  6.44682E-01  9.62846E-02
  6.42980E+00  6.91723E-01  9.63265E-02
  6.67710E+00  6.47271E-01  9.27838E-02
  6.92440E+00  6.01655E-01  8.85583E-02
  7.17170E+00  6.55609E-01  9.74880E-02
  7.41900E+00  6.13184E-01  9.07470E-02
  7.66630E+00  6.06548E-01  9.70596E-02
  7.91360E+00  7.47995E-01  1.01354E-01
  8.16090E+00  7.40559E-01  9.18807E-02
  8.40820E+00  5.85247E-01  8.69918E-02
  8.65550E+00  4.91283E-01  8.79474E-02
  8.90280E+00  6.52833E-01  9.98301E-02
  9.15010E+00  7.83609E-01  1.00712E-01
  9.39740E+00  7.44024E-01  9.55053E-02
  9.64470E+00  5.89762E-01  8.68788E-02
  9.89200E+00  5.26827E-01  9.00742E-02
  1.01393E+01  6.36329E-01  9.67246E-02
  1.03866E+01  7.35548E-01  9.80507E-02
  1.06339E+01  6.50254E-01  9.80536E-02
  1.08812E+01  6.79947E-01  9.28655E-02
  1.11285E+01  6.16370E-01  8.74790E-02
  1.13758E+01  5.78772E-01  9.09598E-02
  1.16231E+01  5.86857E-01  9.85611E-02
  1.18704E+01  7.49823E-01  1.00120E-01
  1.21177E+01  7.45826E-01  9.58362E-02
  1.23650E+01  6.87778E-01  9.76768E-02
  1.26123E+01  7.29354E-01  9.96538E-02
  1.28596E+01  7.60162E-01  1.07114E-01
  1.31069E+01  7.92562E-01  1.01783E-01
  1.33542E+01  7.51888E-01  1.06529E-01
  1.36015E+01  9.93999E-01  1.13162E-01
  1.38488E+01  1.01540E+00  1.11644E-01
  1.40961E+01  7.90302E-01  9.54571E-02
  1.43434E+01  6.64330E-01  1.03907E-01
  1.45907E+01  7.80313E-01  9.82578E-02
  1.48380E+01  6.83414E-01  1.00288E-01
  1.50853E+01  7.58675E-01  9.59461E-02
  1.53326E+01  7.98078E-01  1.08741E-01
  1.55799E+01  7.85338E-01  9.74298E-02
  1.58272E+01  5.84147E-01  8.75178E-02
  1.60745E+01  6.85622E-01  1.02803E-01
  1.63218E+01  8.14953E-01  1.05156E-01
  1.65691E+01  8.57761E-01  1.05937E-01
  1.68164E+01  8.71087E-01  1.07296E-01
  1.70637E+01  8.92541E-01  1.10140E-01
  1.73110E+01  8.33912E-01  1.05385E-01
  1.75583E+01  8.38109E-01  1.08210E-01
  1.78056E+01  8.37640E-01  1.06542E-01
  1.80529E+01  8.62603E-01  1.10341E-01
  1.83002E+01  8.43585E-01  1.03330E-01
  1.85475E+01  8.81320E-01  1.11441E-01
  1.87948E+01  1.05427E+00  1.19765E-01
  1.90421E+01  9.74230E-01  1.12401E-01
  1.92894E+01  1.07567E+00  1.19558E-01
  1.95367E+01  1.01492E+00  1.13078E-01
  1.97840E+01  8.91583E-01  1.15333E-01
  2.00313E+01  1.07626E+00  1.16814E-01
  2.02786E+01  9.49055E-01  1.08236E-01
  2.05259E+01  8.75344E-01  1.10868E-01
  2.07732E+01  9.72812E-01  1.15073E-01
  2.10205E+01  9.84717E-01  1.15044E-01
  2.12678E+01  1.08900E+00  1.22449E-01
  2.15151E+01  1.19676E+00  1.25948E-01
  2.17624E+01  1.13367E+00  1.18960E-01
  2.20097E+01  1.09092E+00  1.20194E-01
  2.22570E+01  1.17182E+00  1.23399E-01
  2.25043E+01  1.10447E+00  1.23938E-01
  2.27516E+01  1.18782E+00  1.29293E-01
  2.29989E+01  1.30860E+00  1.36271E-01
  2.32462E+01  1.40221E+00  1.30835E-01
  2.34935E+01  1.37206E+00  1.29631E-01
  2.37408E+01  1.28860E+00  1.30971E-01
  2.39881E+01  1.30404E+00  1.29734E-01
  2.42354E+01  1.35367E+00  1.38288E-01
  2.44827E+01  1.39887E+00  1.37139E-01
  2.47300E+01  1.48782E+00  1.39471E-01
  2.49773E+01  1.50836E+00  1.36892E-01
  2.52246E+01  1.42960E+00  1.46690E-01
  2.54719E+01  1.82710E+00  1.54157E-01
  2.57192E+01  1.88629E+00  1.51926E-01
  2.59665E+01  1.74200E+00  1.56589E-01
  2.62138E+01  1.85483E+00  1.53495E-01
  2.64611E+01  1.88105E+00  1.57413E-01
  2.67084E+01  2.14652E+00  1.69865E-01
  2.69557E+01  2.17046E+00  1.66005E-01
  2.72030E+01  2.24141E+00  1.67628E-01
  2.74503E+01  2.25013E+00  1.69713E-01
  2.76976E+01  2.09367E+00  1.63197E-01
  2.79449E+01  2.13420E+00  1.75776E-01
  2.81922E+01  2.61839E+00  1.87129E-01
  2.84395E+01  2.66607E+00  1.75755E-01
  2.86868E+01  2.64808E+00  1.95057E-01
  2.89341E+01  3.06510E+00  1.95358E-01
  2.91814E+01  2.95548E+00  1.92261E-01
  2.94287E+01  2.97985E+00  2.00556E-01
  2.96760E+01  3.13685E+00  2.02709E-01
  2.99233E+01  3.20799E+00  1.94815E-01
  3.01706E+01  3.06552E+00  2.00415E-01
  3.04179E+01  3.20167E+00  2.02790E-01
  3.06652E+01  3.14308E+00  1.94669E-01
  3.09125E+01  2.94251E+00  1.94800E-01
  3.11598E+01  2.94947E+00  1.95249E-01
  3.14071E+01  3.01359E+00  1.99947E-01
  3.16544E+01  3.03897E+00  1.94442E-01
  3.19017E+01  3.15326E+00  1.97552E-01
  3.21490E+01  2.83234E+00  1.84995E-01
  3.23963E+01  2.69193E+00  1.94367E-01
  3.26436E+01  3.02905E+00  2.01759E-01
  3.28909E+01  3.26592E+00  1.95999E-01
  3.31382E+01  2.89185E+00  1.88474E-01
  3.33855E+01  2.59125E+00  1.81683E-01
  3.36328E+01  2.56417E+00  1.79441E-01
  3.38801E+01  2.37848E+00  1.74578E-01
  3.41274E+01  2.44136E+00  1.78071E-01
  3.43747E+01  2.45154E+00  1.71722E-01
  3.46220E+01  2.24723E+00  1.66355E-01
  3.48693E+01  1.97384E+00  1.62451E-01
  3.51166E+01  1.99202E+00  1.59925E-01
  3.53639E+01  1.94833E+00  1.59771E-01
  3.56112E+01  1.96536E+00  1.62629E-01
  3.58585E+01  1.90677E+00  1.56694E-01
  3.61058E+01  1.94224E+00  1.60393E-01
  3.63531E+01  1.99397E+00  1.52334E-01
  3.66004E+01  1.61232E+00  1.42799E-01
  3.68477E+01  1.54779E+00  1.40047E-01
  3.70950E+01  1.51104E+00  1.46318E-01
  3.73423E+01  1.71997E+00  1.52097E-01
  3.75896E+01  1.72776E+00  1.45387E-01
  3.78369E+01  1.53389E+00  1.43916E-01
  3.80842E+01  1.55025E+00  1.45263E-01
  3.83315E+01  1.61047E+00  1.43580E-01
  3.85788E+01  1.64637E+00  1.46476E-01
  3.88261E+01  1.52027E+00  1.38320E-01
  3.90734E+01  1.43917E+00  1.40828E-01
  3.93207E+01  1.49106E+00  1.41082E-01
  3.95680E+01  1.51217E+00  1.41877E-01
  3.98153E+01  1.57055E+00  1.47297E-01
  4.00626E+01  1.62896E+00  1.49340E-01
  4.03099E+01  1.67155E+00  1.46209E-01
  4.05572E+01  1.57492E+00  1.45838E-01
  4.08045E+01  1.59884E+00  1.41869E-01
  4.10518E+01  1.67077E+00  1.54108E-01
  4.12991E+01  1.62875E+00  1.41590E-01
  4.15464E+01  1.61435E+00  1.46964E-01
  4.17937E+01  1.53179E+00  1.39016E-01
  4.20410E+01  1.43155E+00  1.38859E-01
  4.22883E+01  1.49460E+00  1.45377E-01
  4.25356E+01  1.61948E+00  1.43739E-01
  4.27829E+01  1.49931E+00  1.38569E-01
  4.30302E+01  1.37960E+00  1.32891E-01
  4.32775E+01  1.38726E+00  1.30232E-01
  4.35248E+01  1.06372E+00  1.29249E-01
  4.37721E+01  1.34274E+00  1.33628E-01
  4.40194E+01  1.24779E+00  1.26835E-01
  4.42667E+01  1.29368E+00  1.36410E-01
  4.45140E+01  1.41728E+00  1.36073E-01
  4.47613E+01  1.29723E+00  1.32985E-01
  4.50086E+01  1.35707E+00  1.33764E-01
  4.52559E+01  1.32875E+00  1.31648E-01
  4.55032E+01  1.25315E+00  1.29883E-01
  4.57505E+01  1.10427E+00  1.22388E-01
  4.59978E+01  1.14415E+00  1.19770E-01
  4.62451E+01  1.05992E+00  1.24257E-01
  4.64924E+01  1.07184E+00  1.16218E-01
  4.67397E+01  1.13012E+00  1.30905E-01
  4.69870E+01  1.12086E+00  1.14758E-01
  4.72343E+01  8.98076E-01  1.12585E-01
  4.74816E+01  9.04779E-01  1.07376E-01
  4.77289E+01  8.74264E-01  1.09239E-01
  4.79762E+01  8.83276E-01  1.16070E-01
  4.82235E+01  9.73958E-01  1.14960E-01
  4.84708E+01  8.72327E-01  1.08049E-01
  4.87181E+01  7.80314E-01  1.08386E-01
  4.89654E+01  9.47171E-01  1.17066E-01
  4.92127E+01  1.06219E+00  1.17620E-01
  4.94600E+01  1.01394E+00  1.14735E-01
  4.97073E+01  8.55607E-01  1.10449E-01
  4.99546E+01  9.08227E-01  1.19990E-01
  5.02019E+01  1.11137E+00  1.20871E-01
  5.04492E+01  9.79216E-01  1.14392E-01
  5.06965E+01  8.67564E-01  1.05020E-01
  5.09438E+01  7.42296E-01  1.05200E-01
  5.11911E+01  9.17927E-01  1.25649E-01
  5.14384E+01  1.21033E+00  1.29434E-01
  5.16857E+01  1.27060E+00  1.26868E-01
  5.19330E+01  1.12156E+00  1.22095E-01
  5.21803E+01  1.09846E+00  1.25210E-01
  5.24276E+01  1.14921E+00  1.28478E-01
  5.26749E+01  1.07944E+00  1.26710E-01
  5.29222E+01  1.15618E+00  1.27606E-01
  5.31695E+01  1.26881E+00  1.33269E-01
  5.34168E+01  1.29628E+00  1.34276E-01
  5.36641E+01  1.50667E+00  1.43012E-01
  5.39114E+01  1.48755E+00  1.40579E-01
  5.41587E+01  1.50202E+00  1.43046E-01
  5.44060E+01  1.47986E+00  1.40947E-01
  5.46533E+01  1.34778E+00  1.32768E-01
  5.49006E+01  1.28399E+00  1.26594E-01
  5.51479E+01  1.11963E+00  1.30392E-01
  5.53952E+01  1.34839E+00  1.40169E-01
  5.56425E+01  1.35874E+00  1.30909E-01
  5.58898E+01  1.37330E+00  1.35972E-01
  5.61371E+01  1.20707E+00  1.29635E-01
  5.63844E+01  1.20433E+00  1.24430E-01
  5.66317E+01  1.01325E+00  1.13084E-01
  5.68790E+01  9.16940E-01  1.14124E-01
  5.71263E+01  1.01767E+00  1.16196E-01
  5.73736E+01  8.45335E-01  1.11025E-01
  5.76209E+01  8.54586E-01  1.05672E-01
  5.78682E+01  6.25537E-01  9.09499E-02
  5.81155E+01  5.63300E-01  8.51732E-02
  5.83628E+01  4.28428E-01  7.70247E-02
  5.86101E+01  3.56792E-01  7.46580E-02
  5.88574E+01  3.39056E-01  7.40928E-02
  5.91047E+01  3.29980E-01  7.37196E-02
  5.93520E+01  3.60477E-01  7.23142E-02
  5.95993E+01  3.10092E-01  6.81976E-02
  5.98466E+01  2.36500E-01  6.61505E-02
  6.00939E+01  2.31833E-01  6.20922E-02
  6.03412E+01  2.23853E-01  6.11633E-02
  6.05885E+01  1.70788E-01  5.91057E-02
  6.08358E+01  1.57094E-01  4.92504E-02
  6.10831E+01  1.19727E-01  5.33284E-02
  6.13304E+01  1.13641E-01  5.11583E-02
  6.15777E+01  1.21382E-01  5.10865E-02
  6.18250E+01  1.01873E-01  4.38147E-02
  6.20723E+01  5.90999E-02  4.28231E-02
  6.23196E+01  6.05894E-02  4.15521E-02
  6.25669E+01  1.01192E-01  5.03949E-02
  6.28142E+01  7.54514E-02  4.24368E-02
  6.30615E+01  4.56184E-02  4.04339E-02
  6.33088E+01  3.11482E-02  3.82709E-02
  6.35561E+01  4.38328E-02  4.29979E-02
  6.38034E+01  6.45153E-02  4.17600E-02
  6.40507E+01  6.58439E-02  4.50969E-02
  6.42980E+01  5.62063E-02  3.88489E-02
  6.45453E+01  7.99859E-02  4.60329E-02
  6.47926E+01  6.90963E-02  4.78450E-02
  6.50399E+01  7.54090E-02  4.57499E-02
  6.52872E+01  1.18514E-01  4.99292E-02
  6.55345E+01  1.00182E-01  4.74059E-02
  6.57818E+01  7.04307E-02  4.44930E-02
  6.60291E+01  5.42869E-02  3.91694E-02
  6.62764E+01  3.54923E-02  4.46840E-02
  6.65237E+01  8.68004E-02  4.05258E-02
  6.67710E+01  1.39440E-02  3.65449E-02
  6.70183E+01  9.33606E-02  5.01665E-02
  6.72656E+01  6.56069E-02  4.03880E-02
  6.75129E+01  3.34742E-02  4.39774E-02
  6.77602E+01  4.14586E-02  3.88340E-02
  6.80075E+01  5.10616E-02  3.92862E-02
  6.82548E+01  2.91189E-02  4.11738E-02
  6.85021E+01  5.74323E-02  4.35090E-02
  6.87494E+01  6.43101E-02  4.02638E-02
  6.89967E+01  3.59381E-02  3.63093E-02
  6.92440E+01  4.99114E-02  4.31175E-02
  6.94913E+01  5.50617E-02  4.29107E-02
  6.97386E+01  7.13705E-02  4.44666E-02
  6.99859E+01  4.32887E-02  3.95938E-02
  7.02332E+01  3.60288E-02  4.08021E-02
  7.04805E+01  5.12366E-02  4.18819E-02
  7.07278E+01  4.18933E-02  3.84370E-02
  7.09751E+01  3.23497E-02  3.46901E-02
  7.12224E+01  3.02083E-04  3.44263E-02
  7.14697E+01  4.77331E-02  4.60867E-02
  7.17170E+01  6.07439E-02  3.06830E-02
  7.19643E+01 -1.48647E-02  3.53328E-02
  7.22116E+01  1.41018E-02  3.70716E-02
  7.24589E+01  3.97064E-02  3.80540E-02
  7.27062E+01  1.93492E-02  3.45169E-02
  7.29535E+01  1.91788E-02  3.63844E-02
  7.32008E+01  1.07759E-02  3.18868E-02
  7.34481E+01  2.37442E-02  3.95831E-02
  7.36954E+01  1.83043E-02  3.47491E-02
  7.39427E+01  2.49709E-02  3.81621E-02
  7.41900E+01  4.66858E-02  4.14449E-02
  7.44373E+01  1.80086E-02  2.98727E-02
  7.46846E+01 -1.58331E-02  3.04681E-02
  7.49319E+01  6.34509E-03  3.90137E-02
  7.51792E+01  3.27875E-02  4.02903E-02
  7.54265E+01  3.72252E-02  3.25351E-02
  7.56738E+01  2.74413E-02  4.19408E-02
  7.59211E+01  3.60881E-02  4.08283E-02
  7.61684E+01  3.25289E-02  3.29937E-02
  7.64157E+01  2.91971E-02  3.71347E-02
  7.66630E+01  5.00859E-02  4.33638E-02
  7.69103E+01  6.70949E-02  4.73150E-02
  7.71576E+01  5.38550E-02  3.87825E-02
  7.74049E+01  1.21967E-02  2.57547E-02
  7.76522E+01 -1.16607E-02  3.60567E-02
  7.78995E+01  2.87123E-02  3.94158E-02
  7.81468E+01  4.17492E-02  3.28816E-02
  7.83941E+01 -6.38769E-03  3.34385E-02
  7.86414E+01 -1.45456E-02  3.47733E-02
  7.88887E+01  3.70978E-02  4.51940E-02
  7.91360E+01  2.23946E-02  3.03446E-02
  7.93833E+01  5.28090E-03  3.83228E-02
  7.96306E+01  4.87098E-02  4.69995E-02
  7.98779E+01  4.31670E-02  4.35474E-02
  8.01252E+01  4.59078E-02  4.25230E-02
  8.03725E+01  9.33263E-03  4.26318E-02
  8.06198E+01  3.28077E-02  3.78171E-02
  8.08671E+01  1.57623E-02  4.48429E-02
  8.11144E+01  1.46506E-02  5.10581E-02
  8.13617E+01  2.46704E-02  5.42345E-02
  8.16090E+01  6.53082E-02  5.23292E-02
  8.18563E+01 -2.37149E-02  5.17003E-02
  8.21036E+01  9.71289E-03  4.87285E-02
  8.23509E+01  1.76785E-02  6.39199E-02
  8.25982E+01 -1.69542E-02  3.88390E-02
  8.28455E+01 -5.35818E-02  3.49417E-02
  8.30928E+01 -4.01785E-02  8.86481E-02
  8.33401E+01  7.04604E-02  7.97657E-02
  8.35874E+01  6.34493E-02  9.89110E-02
  8.38347E+01 -7.14378E-02  1.10377E-01
  8.40820E+01 -9.46542E-03  2.76257E-01
  8.43293E+01 -9.14838E-02  0.00000E+00
