@page size 600,600
@view 0.12,0.1,0.97,0.93
@subtitle "PHOENIX module phox, 01/25/18 at 14:45:10 -08:00"
@xaxes scale Normal
@yaxes scale Normal
@xaxis label "energy (meV)"
@yaxis label "normalized data (1/eV)"
@s0 errorbar size 0.0
@type xydy
 -6.98033E+01 -6.73319E-02  0.00000E+00
 -6.95558E+01 -6.79190E-02  0.00000E+00
 -6.93082E+01 -4.74543E-02  2.01936E-03
 -6.90607E+01  6.88945E-03  4.31563E-02
 -6.88132E+01 -3.76787E-02  1.13214E-02
 -6.85657E+01 -5.04470E-02  2.85598E-02
 -6.83181E+01  1.94997E-02  4.98110E-02
 -6.80706E+01  2.46561E-02  3.53268E-02
 -6.78231E+01 -1.73496E-02  2.90813E-02
 -6.75755E+01 -8.54385E-04  4.20831E-02
 -6.73280E+01  5.05539E-02  6.90328E-02
 -6.70805E+01  6.93423E-02  5.26235E-02
 -6.68330E+01  7.17687E-02  5.74718E-02
 -6.65854E+01  2.96241E-02  3.49434E-02
 -6.63379E+01 -2.10327E-02  2.87774E-02
 -6.60904E+01 -5.38356E-03  4.24014E-02
 -6.58428E+01  2.17261E-02  4.38002E-02
 -6.55953E+01  7.38839E-03  3.46545E-02
 -6.53478E+01 -4.18361E-03  3.80614E-02
 -6.51002E+01  1.26141E-02  4.24317E-02
 -6.48527E+01 -6.94461E-03  2.89870E-02
 -6.46052E+01 -7.13244E-03  4.41877E-02
 -6.43577E+01  3.65197E-02  4.42362E-02
 -6.41101E+01  2.88393E-02  4.71378E-02
 -6.38626E+01  9.16921E-03  3.42582E-02
 -6.36151E+01 -1.79807E-02  3.41211E-02
 -6.33675E+01 -2.09267E-02  3.84063E-02
 -6.31200E+01  1.26488E-02  2.67276E-02
 -6.28725E+01 -3.90421E-02  3.09447E-02
 -6.26249E+01 -1.43911E-02  3.74978E-02
 -6.23774E+01  7.11659E-03  3.96307E-02
 -6.21299E+01  9.13158E-03  3.18360E-02
 -6.18824E+01 -2.13075E-02  2.94106E-02
 -6.16348E+01 -2.86681E-02  3.54102E-02
 -6.13873E+01  2.90848E-03  4.27386E-02
 -6.11398E+01 -6.78406E-03  3.86290E-02
 -6.08922E+01  2.29726E-02  4.21056E-02
 -6.06447E+01  1.78153E-02  3.31497E-02
 -6.03972E+01 -3.32670E-02  4.40559E-02
 -6.01497E+01  2.68345E-03  2.86862E-02
 -5.99021E+01 -1.67573E-02  3.66164E-02
 -5.96546E+01 -5.52523E-03  3.63574E-02
 -5.94071E+01 -2.42705E-02  2.23391E-02
 -5.91595E+01 -5.91581E-02  2.84437E-02
 -5.89120E+01  9.48513E-03  5.75396E-02
 -5.86645E+01  8.18491E-02  4.04040E-02
 -5.84169E+01 -6.44044E-03  3.09128E-02
 -5.81694E+01 -2.05912E-02  5.29283E-02
 -5.79219E+01  3.78908E-02  3.26625E-02
 -5.76744E+01  8.21073E-03  4.87354E-02
 -5.74268E+01  6.84703E-02  6.55310E-02
 -5.71793E+01  8.59078E-02  4.89196E-02
 -5.69318E+01  6.71647E-02  4.87611E-02
 -5.66842E+01  1.35086E-02  5.10578E-02
 -5.64367E+01  3.34626E-02  5.29423E-02
 -5.61892E+01  7.54091E-02  4.83240E-02
 -5.59417E+01 -2.46359E-05  3.00408E-02
 -5.56941E+01  1.68049E-03  5.02904E-02
 -5.54466E+01  5.98754E-02  4.54789E-02
 -5.51991E+01  4.76778E-02  6.57061E-02
 -5.49515E+01  9.25744E-02  4.50507E-02
 -5.47040E+01  3.49970E-02  6.16538E-02
 -5.44565E+01  1.01452E-01  5.42450E-02
 -5.42089E+01  8.44400E-02  5.72875E-02
 -5.39614E+01  9.22472E-02  6.08444E-02
 -5.37139E+01  9.58380E-02  5.85020E-02
 -5.34664E+01  5.49377E-02  4.35144E-02
 -5.32188E+01  1.67601E-02  6.25896E-02
 -5.29713E+01  1.56417E-01  6.97813E-02
 -5.27238E+01  1.89627E-01  8.32744E-02
 -5.24762E+01  2.18415E-01  7.85145E-02
 -5.22287E+01  2.23602E-01  8.66401E-02
 -5.19812E+01  1.62449E-01  4.03376E-02
 -5.17337E+01  5.37826E-02  8.09104E-02
 -5.14861E+01  2.03680E-01  7.72130E-02
 -5.12386E+01  2.24728E-01  9.84351E-02
 -5.09911E+01  3.41744E-01  7.20926E-02
 -5.07435E+01  1.52479E-01  7.44245E-02
 -5.04960E+01  1.92482E-01  9.17983E-02
 -5.02485E+01  2.79971E-01  8.98698E-02
 -5.00009E+01  3.20422E-01  8.96413E-02
 -4.97534E+01  3.84122E-01  9.41233E-02
 -4.95059E+01  2.21355E-01  8.30052E-02
 -4.92584E+01  2.70580E-01  8.01605E-02
 -4.90108E+01  2.11720E-01  8.81158E-02
 -4.87633E+01  3.05889E-01  8.77051E-02
 -4.85158E+01  2.88502E-01  1.01999E-01
 -4.82682E+01  3.75430E-01  1.06128E-01
 -4.80207E+01  3.33286E-01  8.12350E-02
 -4.77732E+01  2.02981E-01  7.08648E-02
 -4.75257E+01  1.56299E-01  7.51186E-02
 -4.72781E+01  1.12527E-01  6.08045E-02
 -4.70306E+01  1.29825E-01  7.77817E-02
 -4.67831E+01  2.59161E-01  8.44444E-02
 -4.65355E+01  1.50725E-01  5.87117E-02
 -4.62880E+01  1.06749E-01  7.64592E-02
 -4.60405E+01  2.34873E-01  8.35532E-02
 -4.57929E+01  2.06906E-01  7.95146E-02
 -4.55454E+01  2.76176E-01  8.28270E-02
 -4.52979E+01  2.28394E-01  8.87504E-02
 -4.50504E+01  2.35502E-01  7.62298E-02
 -4.48028E+01  2.08796E-01  8.22360E-02
 -4.45553E+01  2.58430E-01  7.76920E-02
 -4.43078E+01  1.47148E-01  7.08764E-02
 -4.40602E+01  1.83656E-01  8.10721E-02
 -4.38127E+01  1.89501E-01  7.63383E-02
 -4.35652E+01  2.64895E-01  8.57795E-02
 -4.33177E+01  2.25676E-01  7.55822E-02
 -4.30701E+01  2.05626E-01  7.61250E-02
 -4.28226E+01  1.96263E-01  8.39948E-02
 -4.25751E+01  2.54639E-01  8.55935E-02
 -4.23275E+01  2.33764E-01  6.89811E-02
 -4.20800E+01  1.43956E-01  7.64274E-02
 -4.18325E+01  3.27875E-01  9.99179E-02
 -4.15849E+01  3.69275E-01  9.59808E-02
 -4.13374E+01  3.06384E-01  8.19039E-02
 -4.10899E+01  1.57732E-01  7.26855E-02
 -4.08424E+01  1.60259E-01  7.70417E-02
 -4.05948E+01  3.16946E-01  8.65746E-02
 -4.03473E+01  3.70144E-01  1.01498E-01
 -4.00998E+01  3.90588E-01  9.62410E-02
 -3.98522E+01  2.60865E-01  9.10430E-02
 -3.96047E+01  3.53329E-01  1.11875E-01
 -3.93572E+01  4.50243E-01  9.74003E-02
 -3.91097E+01  2.24086E-01  8.73926E-02
 -3.88621E+01  3.79563E-01  1.00944E-01
 -3.86146E+01  4.75286E-01  9.60773E-02
 -3.83671E+01  4.40110E-01  1.14385E-01
 -3.81195E+01  5.36871E-01  1.13468E-01
 -3.78720E+01  3.93047E-01  1.10347E-01
 -3.76245E+01  3.92236E-01  9.09274E-02
 -3.73769E+01  2.86197E-01  1.00509E-01
 -3.71294E+01  3.47356E-01  8.95530E-02
 -3.68819E+01  3.59365E-01  9.80735E-02
 -3.66344E+01  4.94506E-01  1.20341E-01
 -3.63868E+01  4.44404E-01  1.00221E-01
 -3.61393E+01  3.61090E-01  1.10013E-01
 -3.58918E+01  5.93093E-01  1.18522E-01
 -3.56442E+01  4.84630E-01  1.15884E-01
 -3.53967E+01  4.97322E-01  1.00642E-01
 -3.51492E+01  3.04817E-01  9.05522E-02
 -3.49017E+01  4.04527E-01  1.08139E-01
 -3.46541E+01  6.44172E-01  1.33701E-01
 -3.44066E+01  7.34890E-01  1.19415E-01
 -3.41591E+01  7.55588E-01  1.39344E-01
 -3.39115E+01  7.79719E-01  1.34329E-01
 -3.36640E+01  6.77105E-01  1.33433E-01
 -3.34165E+01  8.14169E-01  1.40374E-01
 -3.31689E+01  5.59732E-01  1.07791E-01
 -3.29214E+01  5.75625E-01  1.38314E-01
 -3.26739E+01  7.44757E-01  1.22188E-01
 -3.24264E+01  6.24363E-01  1.29370E-01
 -3.21788E+01  8.38565E-01  1.38510E-01
 -3.19313E+01  8.02158E-01  1.41296E-01
 -3.16838E+01  9.08143E-01  1.41670E-01
 -3.14362E+01  7.90625E-01  1.37671E-01
 -3.11887E+01  8.61412E-01  1.38283E-01
 -3.09412E+01  7.69779E-01  1.36979E-01
 -3.06937E+01  9.47414E-01  1.61160E-01
 -3.04461E+01  8.99213E-01  1.37878E-01
 -3.01986E+01  7.73009E-01  1.36367E-01
 -2.99511E+01  8.67671E-01  1.38046E-01
 -2.97035E+01  8.83210E-01  1.44763E-01
 -2.94560E+01  1.06670E+00  1.61608E-01
 -2.92085E+01  1.02764E+00  1.64490E-01
 -2.89609E+01  1.12360E+00  1.68519E-01
 -2.87134E+01  1.14650E+00  1.58277E-01
 -2.84659E+01  1.07688E+00  1.60811E-01
 -2.82184E+01  1.00468E+00  1.48738E-01
 -2.79708E+01  9.88945E-01  1.56203E-01
 -2.77233E+01  1.34511E+00  1.86594E-01
 -2.74758E+01  1.40942E+00  1.68866E-01
 -2.72282E+01  1.09948E+00  1.57050E-01
 -2.69807E+01  1.01950E+00  1.60769E-01
 -2.67332E+01  1.32649E+00  1.74929E-01
 -2.64857E+01  1.14533E+00  1.55200E-01
 -2.62381E+01  9.88953E-01  1.52181E-01
 -2.59906E+01  9.42499E-01  1.48828E-01
 -2.57431E+01  8.90630E-01  1.45261E-01
 -2.54955E+01  1.09812E+00  1.62250E-01
 -2.52480E+01  1.15511E+00  1.62413E-01
 -2.50005E+01  8.89839E-01  1.34273E-01
 -2.47529E+01  8.39581E-01  1.39860E-01
 -2.45054E+01  1.02814E+00  1.59711E-01
 -2.42579E+01  1.02763E+00  1.54406E-01
 -2.40104E+01  8.77349E-01  1.42460E-01
 -2.37628E+01  7.24878E-01  1.35927E-01
 -2.35153E+01  8.25774E-01  1.41092E-01
 -2.32678E+01  7.55333E-01  1.30726E-01
 -2.30202E+01  9.33471E-01  1.58975E-01
 -2.27727E+01  8.96799E-01  1.35596E-01
 -2.25252E+01  7.57694E-01  1.44472E-01
 -2.22777E+01  9.61645E-01  1.50226E-01
 -2.20301E+01  8.53260E-01  1.39245E-01
 -2.17826E+01  7.37525E-01  1.27565E-01
 -2.15351E+01  7.04849E-01  1.32295E-01
 -2.12875E+01  7.14620E-01  1.31971E-01
 -2.10400E+01  7.52826E-01  1.38555E-01
 -2.07925E+01  7.76573E-01  1.37554E-01
 -2.05449E+01  6.78041E-01  1.24688E-01
 -2.02974E+01  6.32562E-01  1.24662E-01
 -2.00499E+01  6.61240E-01  1.29535E-01
 -1.98024E+01  6.26712E-01  1.17168E-01
 -1.95548E+01  5.96966E-01  1.16035E-01
 -1.93073E+01  5.76387E-01  1.17940E-01
 -1.90598E+01  6.20149E-01  1.23800E-01
 -1.88122E+01  6.89308E-01  1.24955E-01
 -1.85647E+01  6.94249E-01  1.25717E-01
 -1.83172E+01  6.50069E-01  1.30451E-01
 -1.80696E+01  6.45319E-01  1.27905E-01
 -1.78221E+01  6.47856E-01  1.23575E-01
 -1.75746E+01  6.44703E-01  1.23629E-01
 -1.73271E+01  7.08259E-01  1.31552E-01
 -1.70795E+01  6.18214E-01  1.18399E-01
 -1.68320E+01  5.22881E-01  1.21525E-01
 -1.65845E+01  5.39533E-01  1.00887E-01
 -1.63369E+01  4.59494E-01  1.11391E-01
 -1.60894E+01  5.45637E-01  1.18019E-01
 -1.58419E+01  5.97137E-01  1.19048E-01
 -1.55944E+01  6.13900E-01  1.22518E-01
 -1.53468E+01  7.83210E-01  1.37286E-01
 -1.50993E+01  6.92016E-01  1.20510E-01
 -1.48518E+01  6.33723E-01  1.23170E-01
 -1.46042E+01  6.98969E-01  1.32071E-01
 -1.43567E+01  7.51902E-01  1.32696E-01
 -1.41092E+01  6.58808E-01  1.22853E-01
 -1.38616E+01  7.25091E-01  1.36190E-01
 -1.36141E+01  7.48452E-01  1.20061E-01
 -1.33666E+01  7.23708E-01  1.36496E-01
 -1.31191E+01  7.11205E-01  1.24096E-01
 -1.28715E+01  5.25636E-01  1.04629E-01
 -1.26240E+01  3.98000E-01  1.11125E-01
 -1.23765E+01  7.63460E-01  1.30929E-01
 -1.21289E+01  7.34795E-01  1.27981E-01
 -1.18814E+01  6.20693E-01  1.24238E-01
 -1.16339E+01  8.20272E-01  1.35169E-01
 -1.13864E+01  7.37443E-01  1.27202E-01
 -1.11388E+01  5.82302E-01  1.22538E-01
 -1.08913E+01  6.93442E-01  1.26963E-01
 -1.06438E+01  5.61383E-01  1.12308E-01
 -1.03962E+01  6.40636E-01  1.29488E-01
 -1.01487E+01  7.03797E-01  1.17373E-01
 -9.90118E+00  6.00596E-01  1.14928E-01
 -9.65365E+00  6.54737E-01  1.26391E-01
 -9.40612E+00  6.14640E-01  1.16262E-01
 -9.15859E+00  5.57341E-01  1.17340E-01
 -8.91106E+00  4.85980E-01  1.00270E-01
 -8.66353E+00  4.83959E-01  1.20911E-01
 -8.41600E+00  6.49662E-01  1.32307E-01
 -8.16847E+00  7.96797E-01  1.42876E-01
 -7.92094E+00  8.83112E-01  1.34816E-01
 -7.67341E+00  7.05894E-01  1.29847E-01
 -7.42588E+00  7.10066E-01  1.26213E-01
 -7.17835E+00  6.47266E-01  1.19870E-01
 -6.93082E+00  6.17502E-01  1.20691E-01
 -6.68330E+00  6.67277E-01  1.24795E-01
 -6.43577E+00  6.97590E-01  1.28686E-01
 -6.18824E+00  6.88887E-01  1.29284E-01
 -5.94071E+00  7.00891E-01  1.26135E-01
 -5.69318E+00  7.92047E-01  1.33211E-01
 -5.44565E+00  8.60449E-01  1.39268E-01
 -5.19812E+00  9.84827E-01  1.39947E-01
 -4.95059E+00  6.02515E-01  1.20269E-01
 -4.70306E+00  5.29555E-01  1.25881E-01
 -4.45553E+00  7.76673E-01  1.40631E-01
 -4.20800E+00  7.40486E-01  1.33311E-01
 -3.96047E+00  6.25235E-01  1.30353E-01
 -3.71294E+00  6.61262E-01  1.45611E-01
 -3.46541E+00  7.99485E-01  1.44188E-01
 -3.21788E+00  8.75475E-01  1.46378E-01
 -2.97035E+00  7.63563E-01  1.49385E-01
 -2.72282E+00  7.36268E-01  1.55608E-01
 -2.47529E+00  7.23831E-01  1.58077E-01
 -2.22777E+00  7.32347E-01  1.87936E-01
 -1.98024E+00  7.67973E-01  2.19974E-01
 -1.73271E+00  8.11038E-01  2.84047E-01
 -1.48518E+00  8.29797E-01  3.24659E-01
 -1.23765E+00  7.96143E-01  4.72093E-01
 -9.90118E-01  6.65874E-01  7.14563E-01
 -7.42588E-01  4.95616E-01  1.11087E+00
 -4.95059E-01  4.31570E-01  1.45791E+00
 -2.47529E-01  5.07568E-01  1.70038E+00
  0.00000E+00  6.51681E-01  1.72259E+00
  2.47529E-01  7.34056E-01  1.51905E+00
  4.95059E-01  7.07130E-01  1.16152E+00
  7.42588E-01  6.87200E-01  7.93994E-01
  9.90118E-01  7.85143E-01  5.87720E-01
  1.23765E+00  9.52514E-01  4.86028E-01
  1.48518E+00  1.07120E+00  3.86450E-01
  1.73271E+00  1.08463E+00  3.23865E-01
  1.98024E+00  1.01482E+00  2.70458E-01
  2.22777E+00  9.14862E-01  2.37615E-01
  2.47529E+00  8.24333E-01  2.14707E-01
  2.72282E+00  7.69437E-01  1.84953E-01
  2.97035E+00  7.61681E-01  1.69115E-01
  3.21788E+00  7.00830E-01  1.67574E-01
  3.46541E+00  1.02500E+00  1.63164E-01
  3.71294E+00  9.25584E-01  1.38872E-01
  3.96047E+00  7.19585E-01  1.49885E-01
  4.20800E+00  8.06161E-01  1.39637E-01
  4.45553E+00  5.70063E-01  1.15402E-01
  4.70306E+00  6.14705E-01  1.45730E-01
  4.95059E+00  7.69146E-01  1.48277E-01
  5.19812E+00  7.94994E-01  1.41380E-01
  5.44565E+00  8.26320E-01  1.36263E-01
  5.69318E+00  9.55480E-01  1.60390E-01
  5.94071E+00  1.04510E+00  1.36290E-01
  6.18824E+00  7.15780E-01  1.42319E-01
  6.43577E+00  9.14505E-01  1.57055E-01
  6.68330E+00  1.02720E+00  1.37515E-01
  6.93082E+00  1.03868E+00  1.57692E-01
  7.17835E+00  1.05012E+00  1.40321E-01
  7.42588E+00  9.21617E-01  1.60269E-01
  7.67341E+00  1.02146E+00  1.49128E-01
  7.92094E+00  8.79349E-01  1.31616E-01
  8.16847E+00  7.82028E-01  1.31742E-01
  8.41600E+00  8.41497E-01  1.45887E-01
  8.66353E+00  9.44194E-01  1.32867E-01
  8.91106E+00  8.25832E-01  1.44324E-01
  9.15859E+00  8.58923E-01  1.41922E-01
  9.40612E+00  9.39817E-01  1.37210E-01
  9.65365E+00  7.81591E-01  1.38035E-01
  9.90118E+00  8.44812E-01  1.32349E-01
  1.01487E+01  9.17530E-01  1.41557E-01
  1.03962E+01  9.29782E-01  1.50556E-01
  1.06438E+01  9.35056E-01  1.51663E-01
  1.08913E+01  9.70068E-01  1.48968E-01
  1.11388E+01  1.20594E+00  1.51055E-01
  1.13864E+01  9.10802E-01  1.31846E-01
  1.16339E+01  7.89257E-01  1.40868E-01
  1.18814E+01  7.54320E-01  1.26696E-01
  1.21289E+01  8.75648E-01  1.46150E-01
  1.23765E+01  9.44725E-01  1.48860E-01
  1.26240E+01  1.01809E+00  1.57062E-01
  1.28715E+01  1.06206E+00  1.49296E-01
  1.31191E+01  1.00612E+00  1.45315E-01
  1.33666E+01  9.36408E-01  1.45018E-01
  1.36141E+01  1.04388E+00  1.62824E-01
  1.38616E+01  1.29933E+00  1.60162E-01
  1.41092E+01  1.00677E+00  1.53689E-01
  1.43567E+01  1.04673E+00  1.54101E-01
  1.46042E+01  9.95205E-01  1.45192E-01
  1.48518E+01  9.99111E-01  1.61415E-01
  1.50993E+01  1.20014E+00  1.76317E-01
  1.53468E+01  1.44589E+00  1.70418E-01
  1.55944E+01  1.14281E+00  1.53682E-01
  1.58419E+01  9.76436E-01  1.48377E-01
  1.60894E+01  1.12653E+00  1.65838E-01
  1.63369E+01  1.06773E+00  1.50785E-01
  1.65845E+01  1.04927E+00  1.51305E-01
  1.68320E+01  1.13738E+00  1.66593E-01
  1.70795E+01  1.22585E+00  1.67077E-01
  1.73271E+01  1.19565E+00  1.58110E-01
  1.75746E+01  1.16942E+00  1.60584E-01
  1.78221E+01  1.22555E+00  1.66346E-01
  1.80696E+01  1.22811E+00  1.58996E-01
  1.83172E+01  1.21293E+00  1.84097E-01
  1.85647E+01  1.56354E+00  1.72665E-01
  1.88122E+01  1.38897E+00  1.70897E-01
  1.90598E+01  1.26927E+00  1.80140E-01
  1.93073E+01  1.44332E+00  1.76121E-01
  1.95548E+01  1.42707E+00  1.86806E-01
  1.98024E+01  1.63714E+00  1.81616E-01
  2.00499E+01  1.42925E+00  1.78004E-01
  2.02974E+01  1.60292E+00  1.83754E-01
  2.05449E+01  1.56973E+00  1.88990E-01
  2.07925E+01  1.69788E+00  1.84863E-01
  2.10400E+01  1.60034E+00  1.76764E-01
  2.12875E+01  1.49702E+00  1.97490E-01
  2.15351E+01  1.74810E+00  1.76058E-01
  2.17826E+01  1.51188E+00  1.95275E-01
  2.20301E+01  1.89381E+00  2.02424E-01
  2.22777E+01  1.95394E+00  1.97136E-01
  2.25252E+01  2.02631E+00  2.13012E-01
  2.27727E+01  2.00289E+00  2.07118E-01
  2.30202E+01  2.02003E+00  2.17411E-01
  2.32678E+01  2.39316E+00  2.17432E-01
  2.35153E+01  2.09919E+00  2.11289E-01
  2.37628E+01  2.15548E+00  2.21096E-01
  2.40104E+01  2.34017E+00  2.32987E-01
  2.42579E+01  2.55921E+00  2.30731E-01
  2.45054E+01  2.63792E+00  2.36517E-01
  2.47529E+01  2.72771E+00  2.41864E-01
  2.50005E+01  2.77090E+00  2.27112E-01
  2.52480E+01  2.60070E+00  2.35042E-01
  2.54955E+01  2.62669E+00  2.48266E-01
  2.57431E+01  2.89320E+00  2.33024E-01
  2.59906E+01  3.05835E+00  2.73927E-01
  2.62381E+01  3.47929E+00  2.55115E-01
  2.64857E+01  3.28105E+00  2.64219E-01
  2.67332E+01  3.46751E+00  2.76241E-01
  2.69807E+01  3.60528E+00  2.65638E-01
  2.72282E+01  3.47373E+00  2.65991E-01
  2.74758E+01  3.72190E+00  2.70826E-01
  2.77233E+01  3.28540E+00  2.56641E-01
  2.79708E+01  3.08569E+00  2.60343E-01
  2.82184E+01  3.24152E+00  2.60393E-01
  2.84659E+01  3.30386E+00  2.72737E-01
  2.87134E+01  3.66780E+00  2.73648E-01
  2.89609E+01  3.67704E+00  2.80014E-01
  2.92085E+01  3.51609E+00  2.63707E-01
  2.94560E+01  3.04846E+00  2.38118E-01
  2.97035E+01  2.76467E+00  2.40962E-01
  2.99511E+01  2.91283E+00  2.43009E-01
  3.01986E+01  3.15046E+00  2.58765E-01
  3.04461E+01  2.85470E+00  2.44917E-01
  3.06937E+01  2.74441E+00  2.45193E-01
  3.09412E+01  3.10598E+00  2.50940E-01
  3.11887E+01  2.79781E+00  2.38563E-01
  3.14362E+01  2.73723E+00  2.36989E-01
  3.16838E+01  2.52087E+00  2.28785E-01
  3.19313E+01  2.78690E+00  2.43096E-01
  3.21788E+01  2.81470E+00  2.46290E-01
  3.24264E+01  2.63773E+00  2.39831E-01
  3.26739E+01  2.33851E+00  2.16374E-01
  3.29214E+01  2.08874E+00  2.00971E-01
  3.31689E+01  1.94788E+00  1.99212E-01
  3.34165E+01  1.94889E+00  2.03227E-01
  3.36640E+01  2.00650E+00  2.13282E-01
  3.39115E+01  2.06251E+00  2.08848E-01
  3.41591E+01  2.20891E+00  2.19006E-01
  3.44066E+01  1.91655E+00  1.96227E-01
  3.46541E+01  2.19547E+00  2.22128E-01
  3.49017E+01  1.97575E+00  1.99282E-01
  3.51492E+01  1.62556E+00  1.80427E-01
  3.53967E+01  1.62151E+00  1.83018E-01
  3.56442E+01  1.80638E+00  1.89463E-01
  3.58918E+01  1.87220E+00  1.93677E-01
  3.61393E+01  1.69878E+00  1.88259E-01
  3.63868E+01  1.70004E+00  1.96539E-01
  3.66344E+01  2.25662E+00  2.24123E-01
  3.68819E+01  1.81187E+00  1.87677E-01
  3.71294E+01  1.83139E+00  2.02454E-01
  3.73769E+01  1.54678E+00  1.74977E-01
  3.76245E+01  1.75900E+00  1.90528E-01
  3.78720E+01  1.75137E+00  1.94572E-01
  3.81195E+01  1.74564E+00  1.85872E-01
  3.83671E+01  1.60426E+00  1.83406E-01
  3.86146E+01  1.75315E+00  1.99079E-01
  3.88621E+01  1.80484E+00  1.94112E-01
  3.91097E+01  2.09590E+00  2.06452E-01
  3.93572E+01  1.71796E+00  1.87893E-01
  3.96047E+01  1.55628E+00  1.81568E-01
  3.98522E+01  1.57396E+00  1.79153E-01
  4.00998E+01  1.80046E+00  1.97200E-01
  4.03473E+01  1.60694E+00  1.78098E-01
  4.05948E+01  1.46873E+00  1.80157E-01
  4.08424E+01  1.56805E+00  1.84214E-01
  4.10899E+01  1.63500E+00  1.84299E-01
  4.13374E+01  1.63722E+00  1.90835E-01
  4.15849E+01  1.45953E+00  1.69027E-01
  4.18325E+01  1.43487E+00  1.77077E-01
  4.20800E+01  1.37972E+00  1.77136E-01
  4.23275E+01  1.35409E+00  1.74091E-01
  4.25751E+01  1.39754E+00  1.58127E-01
  4.28226E+01  1.12453E+00  1.55763E-01
  4.30701E+01  1.21816E+00  1.61291E-01
  4.33177E+01  1.27427E+00  1.59833E-01
  4.35652E+01  1.20184E+00  1.60227E-01
  4.38127E+01  1.23541E+00  1.66913E-01
  4.40602E+01  1.13539E+00  1.56287E-01
  4.43078E+01  1.17032E+00  1.60153E-01
  4.45553E+01  1.29304E+00  1.59404E-01
  4.48028E+01  1.03718E+00  1.55272E-01
  4.50504E+01  1.10872E+00  1.44978E-01
  4.52979E+01  1.11060E+00  1.52040E-01
  4.55454E+01  1.11274E+00  1.51469E-01
  4.57929E+01  1.13426E+00  1.60909E-01
  4.60405E+01  1.22800E+00  1.52559E-01
  4.62880E+01  1.07565E+00  1.52034E-01
  4.65355E+01  1.08237E+00  1.51819E-01
  4.67831E+01  1.08455E+00  1.50192E-01
  4.70306E+01  1.10503E+00  1.62371E-01
  4.72781E+01  1.39306E+00  1.79452E-01
  4.75257E+01  1.54758E+00  1.85045E-01
  4.77732E+01  1.44353E+00  1.71732E-01
  4.80207E+01  1.30319E+00  1.63290E-01
  4.82682E+01  1.47001E+00  1.81080E-01
  4.85158E+01  1.59492E+00  1.81680E-01
  4.87633E+01  1.54858E+00  1.79776E-01
  4.90108E+01  1.76217E+00  1.93172E-01
  4.92584E+01  1.83527E+00  1.94894E-01
  4.95059E+01  1.84906E+00  1.90766E-01
  4.97534E+01  1.59155E+00  1.78712E-01
  5.00009E+01  1.32258E+00  1.68067E-01
  5.02485E+01  1.58175E+00  1.87933E-01
  5.04960E+01  2.07282E+00  1.97660E-01
  5.07435E+01  1.54657E+00  1.70776E-01
  5.09911E+01  1.44608E+00  1.71939E-01
  5.12386E+01  1.72497E+00  1.91056E-01
  5.14861E+01  1.52265E+00  1.66707E-01
  5.17337E+01  1.16276E+00  1.64300E-01
  5.19812E+01  1.28022E+00  1.68940E-01
  5.22287E+01  1.14206E+00  1.47185E-01
  5.24762E+01  1.05385E+00  1.55634E-01
  5.27238E+01  1.02167E+00  1.40432E-01
  5.29713E+01  8.91727E-01  1.36690E-01
  5.32188E+01  7.75211E-01  1.27057E-01
  5.34664E+01  6.30404E-01  1.15227E-01
  5.37139E+01  5.29392E-01  1.10243E-01
  5.39614E+01  5.43402E-01  1.11202E-01
  5.42089E+01  4.51635E-01  9.65412E-02
  5.44565E+01  3.41926E-01  9.10516E-02
  5.47040E+01  2.89483E-01  8.67741E-02
  5.49515E+01  4.14532E-01  1.02901E-01
  5.51991E+01  4.21638E-01  9.62137E-02
  5.54466E+01  2.46252E-01  6.70216E-02
  5.56941E+01  1.66593E-01  7.23928E-02
  5.59417E+01  1.49921E-01  6.75544E-02
  5.61892E+01  2.62005E-01  8.96777E-02
  5.64367E+01  2.94697E-01  7.82642E-02
  5.66842E+01  1.57225E-01  6.10192E-02
  5.69318E+01  9.83868E-02  5.80016E-02
  5.71793E+01  2.01494E-01  7.62774E-02
  5.74268E+01  2.10684E-01  7.94116E-02
  5.76744E+01  1.61332E-01  7.01693E-02
  5.79219E+01  1.46407E-01  6.28815E-02
  5.81694E+01  1.40401E-01  6.11713E-02
  5.84169E+01  1.60176E-01  7.49464E-02
  5.86645E+01  1.02570E-01  4.20440E-02
  5.89120E+01  5.32186E-02  5.42458E-02
  5.91595E+01  1.28738E-01  6.49960E-02
  5.94071E+01  1.91684E-01  7.99266E-02
  5.96546E+01  1.95052E-01  6.61282E-02
  5.99021E+01  1.35618E-01  7.12899E-02
  6.01497E+01  1.38374E-01  6.28476E-02
  6.03972E+01  1.19993E-01  5.87244E-02
  6.06447E+01  8.01497E-02  5.15958E-02
  6.08922E+01  7.30301E-02  6.32438E-02
  6.11398E+01  1.00476E-01  5.32159E-02
  6.13873E+01  5.01613E-02  5.98178E-02
  6.16348E+01  1.30928E-01  6.54430E-02
  6.18824E+01  1.51221E-01  5.94809E-02
  6.21299E+01  1.09956E-01  5.88461E-02
  6.23774E+01  8.94756E-02  5.74159E-02
  6.26249E+01  6.77949E-02  5.28905E-02
  6.28725E+01  1.10264E-01  5.37246E-02
  6.31200E+01  1.12728E-01  6.41616E-02
  6.33675E+01  1.93747E-01  8.98320E-02
  6.36151E+01  1.95812E-01  5.16933E-02
  6.38626E+01  9.81239E-02  5.86363E-02
  6.41101E+01  6.65578E-02  6.17923E-02
  6.43577E+01  1.37176E-01  5.87933E-02
  6.46052E+01  9.91715E-02  6.07793E-02
  6.48527E+01  1.32945E-01  5.74248E-02
  6.51002E+01  1.46926E-02  3.23837E-02
  6.53478E+01  4.03205E-03  5.34690E-02
  6.55953E+01  1.03538E-01  6.60697E-02
  6.58428E+01  6.67076E-02  4.03704E-02
  6.60904E+01  2.28337E-02  5.03982E-02
  6.63379E+01  4.91353E-02  4.52059E-02
  6.65854E+01  8.61581E-03  4.93362E-02
  6.68330E+01  8.50214E-02  6.00464E-02
  6.70805E+01  1.19959E-01  5.09161E-02
  6.73280E+01  5.35747E-02  5.54120E-02
  6.75755E+01  5.15628E-02  4.54336E-02
  6.78231E+01  6.98981E-02  6.64851E-02
  6.80706E+01  1.30937E-01  5.51627E-02
  6.83181E+01  7.98061E-02  5.92280E-02
  6.85657E+01  1.60608E-01  6.56572E-02
  6.88132E+01  1.00197E-01  4.86979E-02
  6.90607E+01 -1.25263E-03  4.85098E-02
  6.93082E+01  6.75397E-02  4.94889E-02
  6.95558E+01  9.36960E-02  6.29749E-02
  6.98033E+01  1.08945E-01  4.62617E-02
  7.00508E+01  1.79325E-02  3.86483E-02
  7.02984E+01  4.81407E-03  3.99962E-02
  7.05459E+01  5.24677E-02  6.01110E-02
  7.07934E+01  1.75894E-01  6.63698E-02
  7.10410E+01  7.26700E-02  6.12606E-02
  7.12885E+01  1.44420E-01  6.20181E-02
  7.15360E+01  8.86659E-02  5.49245E-02
  7.17835E+01  5.51203E-02  5.10660E-02
  7.20311E+01  4.58197E-02  5.05322E-02
  7.22786E+01  6.06097E-02  4.81756E-02
  7.25261E+01  2.60356E-02  5.47771E-02
  7.27737E+01  5.90209E-02  4.33772E-02
  7.30212E+01  5.63812E-02  4.80902E-02
  7.32687E+01  4.93644E-02  5.38499E-02
  7.35162E+01  6.72432E-02  5.82258E-02
  7.37638E+01  1.47439E-01  5.81514E-02
  7.40113E+01  1.02924E-01  4.75832E-02
  7.42588E+01  8.17524E-02  6.19942E-02
  7.45064E+01  4.75586E-02  5.48079E-02
  7.47539E+01  6.66784E-02  4.47042E-02
  7.50014E+01  6.56497E-02  6.83934E-02
  7.52490E+01  1.15547E-01  4.80151E-02
  7.54965E+01  2.28176E-02  3.59001E-02
  7.57440E+01  5.31558E-02  5.64085E-02
  7.59915E+01  1.25320E-01  6.49399E-02
  7.62391E+01  7.69234E-02  3.46445E-02
  7.64866E+01 -3.78342E-02  3.72508E-02
  7.67341E+01  1.75596E-02  4.75315E-02
  7.69817E+01  1.05639E-01  8.07212E-02
  7.72292E+01  1.25965E-01  3.40383E-02
  7.74767E+01 -2.48725E-02  3.47726E-02
  7.77242E+01 -4.96548E-02  1.25700E-02
  7.79718E+01 -5.28721E-02  4.46301E-02
  7.82193E+01  6.73121E-02  7.11621E-02
  7.84668E+01  1.00568E-01  4.55760E-02
  7.87144E+01  4.82016E-02  5.47894E-02
  7.89619E+01  7.81300E-02  5.08915E-02
  7.92094E+01  5.30030E-02  4.03387E-02
  7.94570E+01  2.01587E-02  4.96990E-02
  7.97045E+01  3.97747E-02  3.70726E-02
  7.99520E+01  1.91507E-02  5.84937E-02
  8.01995E+01  7.20942E-02  3.71157E-02
  8.04471E+01  8.00418E-03  5.70297E-02
  8.06946E+01  8.69106E-02  6.03906E-02
  8.09421E+01  8.25426E-02  5.10321E-02
  8.11897E+01  2.53675E-02  5.48604E-02
  8.14372E+01  8.64759E-02  6.51855E-02
  8.16847E+01  1.35646E-01  4.92323E-02
  8.19322E+01  6.84941E-02  4.75960E-02
  8.21798E+01  3.24498E-02  4.81139E-02
  8.24273E+01 -8.64150E-03  3.37166E-02
  8.26748E+01  3.24886E-02  5.29847E-02
  8.29224E+01  2.45447E-02  2.99175E-02
  8.31699E+01 -3.60270E-02  3.04343E-02
  8.34174E+01 -2.20159E-02  3.72088E-02
  8.36650E+01 -3.20808E-03  3.50978E-02
  8.39125E+01 -2.41057E-02  3.34165E-02
  8.41600E+01 -1.66792E-03  4.36514E-02
  8.44075E+01  4.42834E-02  5.33791E-02
  8.46551E+01  5.24224E-02  3.33203E-02
  8.49026E+01 -5.18089E-03  5.15612E-02
  8.51501E+01  2.15872E-02  4.10199E-02
  8.53977E+01  6.80807E-02  6.98354E-02
  8.56452E+01  1.12500E-01  5.50631E-02
  8.58927E+01  9.24986E-02  4.33967E-02
  8.61402E+01  3.74946E-03  4.11889E-02
  8.63878E+01 -3.49678E-02  2.93758E-02
  8.66353E+01  1.00844E-02  4.69081E-02
  8.68828E+01  7.00820E-02  4.65664E-02
  8.71304E+01  1.40552E-02  3.66604E-02
  8.73779E+01 -1.78036E-03  4.97133E-02
  8.76254E+01  7.08392E-02  5.13384E-02
  8.78730E+01  5.37650E-02  4.58406E-02
  8.81205E+01  2.60551E-02  3.65150E-02
  8.83680E+01  2.84801E-03  5.01745E-02
  8.86155E+01  1.04517E-01  5.65199E-02
  8.88631E+01 -8.63337E-03  2.48351E-02
  8.91106E+01 -8.44097E-03  3.68221E-02
  8.93581E+01 -7.26179E-03  3.05869E-02
  8.96057E+01  2.77276E-03  5.72419E-02
  8.98532E+01  9.37172E-02  4.74104E-02
  9.01007E+01 -7.91855E-03  4.19854E-02
  9.03482E+01  3.08244E-02  3.91145E-02
  9.05958E+01  4.83884E-02  5.38946E-02
  9.08433E+01  2.58133E-02  2.31880E-02
  9.10908E+01 -3.25100E-02  3.87075E-02
  9.13384E+01 -1.77745E-02  4.11808E-02
  9.15859E+01  1.60596E-02  4.10905E-02
  9.18334E+01  2.76479E-02  3.30762E-02
  9.20810E+01 -3.70219E-02  4.60707E-02
  9.23285E+01  4.31861E-02  3.55322E-02
  9.25760E+01  3.47768E-02  5.53111E-02
  9.28235E+01  2.77125E-02  6.33498E-02
  9.30711E+01  1.02181E-01  5.28110E-02
  9.33186E+01  5.85726E-02  4.77257E-02
  9.35661E+01  3.63420E-02  4.55733E-02
  9.38137E+01  1.99930E-03  3.07234E-02
  9.40612E+01 -2.13673E-02  4.50925E-02
  9.43087E+01  2.21054E-02  3.07141E-02
  9.45562E+01 -2.80985E-02  3.79070E-02
  9.48038E+01 -1.08808E-02  2.82119E-02
  9.50513E+01 -2.73262E-02  4.58341E-02
  9.52988E+01 -1.99608E-03  2.19342E-02
  9.55464E+01 -2.63017E-02  4.62738E-02
  9.57939E+01  2.26042E-02  4.59353E-02
  9.60414E+01  2.05324E-02  3.36460E-02
  9.62890E+01 -2.99070E-02  2.27626E-02
  9.65365E+01 -3.99077E-02  3.19998E-02
  9.67840E+01 -4.24577E-02  2.73131E-02
  9.70315E+01 -1.32603E-02  3.91749E-02
  9.72791E+01  1.99008E-03  4.17274E-02
  9.75266E+01 -3.79251E-03  2.91961E-02
  9.77741E+01 -2.99585E-02  3.84349E-02
  9.80217E+01  2.98009E-03  3.32147E-02
  9.82692E+01  9.92735E-03  3.90449E-02
  9.85167E+01 -1.91399E-03  4.71464E-02
  9.87642E+01  1.96954E-02  2.22228E-02
  9.90118E+01 -6.25095E-02  2.72830E-02
  9.92593E+01 -2.96422E-02  4.17065E-02
  9.95068E+01  6.62766E-02  5.70184E-02
  9.97544E+01 -4.93980E-02  9.81216E-02
  1.00002E+02 -8.06584E-02  2.34343E-02
