@page size 600,600
@view 0.12,0.1,0.97,0.93
@subtitle "PHOENIX module phox, 01/25/18 at 13:31:07 -08:00"
@xaxes scale Normal
@yaxes scale Normal
@xaxis label "energy (meV)"
@yaxis label "data without elastic peak"
@s0 errorbar size 0.0
@type xydy
 -8.05995E+01 -2.80663E+00  0.00000E+00
 -8.03500E+01 -2.80628E+00  0.00000E+00
 -8.01005E+01 -7.25292E-01  8.94010E-02
 -7.98509E+01 -7.64596E-01  1.56182E+00
 -7.96014E+01 -1.38012E+00  1.55892E+00
 -7.93518E+01 -9.71657E-01  1.06452E+00
 -7.91023E+01 -2.07277E+00  3.50234E-01
 -7.88528E+01 -8.06674E-01  1.99313E+00
 -7.86032E+01  2.52334E-01  1.39647E+00
 -7.83537E+01 -3.04195E-01  1.45326E+00
 -7.81041E+01 -7.87366E-01  1.46461E+00
 -7.78546E+01 -1.25042E+00  1.40799E+00
 -7.76050E+01 -4.11854E-01  1.00903E+00
 -7.73555E+01 -1.54721E+00  1.38608E+00
 -7.71060E+01  1.48426E+00  2.30616E+00
 -7.68564E+01  1.29972E+00  1.82848E+00
 -7.66069E+01  3.23228E-01  1.36688E+00
 -7.63573E+01 -4.21371E-01  2.04409E+00
 -7.61078E+01  3.40577E+00  2.46619E+00
 -7.58583E+01  1.77159E+00  1.75066E+00
 -7.56087E+01  1.23912E-02  1.77573E+00
 -7.53592E+01 -1.09343E-02  1.45339E+00
 -7.51096E+01 -7.98948E-01  1.10480E+00
 -7.48601E+01  4.11944E-02  1.97494E+00
 -7.46105E+01 -1.31863E-01  1.40720E+00
 -7.43610E+01 -9.79577E-01  1.08597E+00
 -7.41115E+01 -1.35932E+00  1.69946E+00
 -7.38619E+01  6.92282E-01  1.39555E+00
 -7.36124E+01 -1.91532E+00  4.69473E-01
 -7.33628E+01 -8.07067E-01  1.95485E+00
 -7.31133E+01  1.34070E-01  1.97940E+00
 -7.28638E+01  4.99655E-01  4.62985E-01
 -7.26142E+01 -2.18916E+00  1.44384E+00
 -7.23647E+01 -3.73310E-02  1.42629E+00
 -7.21151E+01 -1.93976E+00  1.40832E+00
 -7.18656E+01  1.79734E+00  2.45776E+00
 -7.16160E+01  9.74730E-01  1.08236E+00
 -7.13665E+01 -1.49276E-01  2.33052E+00
 -7.11170E+01  4.75085E+00  2.58527E+00
 -7.08674E+01  1.75014E+00  1.72428E+00
 -7.06179E+01  1.65839E+00  2.69752E+00
 -7.03683E+01  2.55618E+00  1.56095E+00
 -7.01188E+01  1.57778E+00  2.21692E+00
 -6.98693E+01  1.74204E+00  2.03352E+00
 -6.96197E+01 -6.60843E-01  1.39705E+00
 -6.93702E+01  7.54188E-01  1.75672E+00
 -6.91206E+01  4.92533E-02  1.77345E+00
 -6.88711E+01  1.17413E+00  1.73095E+00
 -6.86215E+01  2.22049E-01  2.00152E+00
 -6.83720E+01  3.19548E-01  1.09825E+00
 -6.81225E+01 -1.45248E+00  1.73526E+00
 -6.78729E+01 -4.59121E-01  9.95336E-01
 -6.76234E+01 -1.79295E+00  1.03631E+00
 -6.73738E+01 -8.69582E-02  2.02053E+00
 -6.71243E+01 -1.07189E-01  1.42201E+00
 -6.68748E+01 -4.63667E-01  1.15920E+00
 -6.66252E+01  2.12592E-01  1.95372E+00
 -6.63757E+01 -3.37676E-01  1.45299E+00
 -6.61261E+01  2.24408E+00  2.21140E+00
 -6.58766E+01  1.98160E+00  2.38604E+00
 -6.56270E+01  1.69989E+00  2.18001E+00
 -6.53775E+01  2.33411E+00  1.79895E+00
 -6.51280E+01 -4.24502E-01  1.40388E+00
 -6.48784E+01 -9.18915E-01  1.03327E+00
 -6.46289E+01 -6.24706E-01  2.08667E+00
 -6.43793E+01  2.98082E+00  2.60046E+00
 -6.41298E+01  2.28425E+00  1.40845E+00
 -6.38803E+01 -1.62219E+00  2.62768E-01
 -6.36307E+01 -6.24694E-01  1.79142E+00
 -6.33812E+01  1.20895E+00  2.42654E+00
 -6.31316E+01  3.40766E+00  2.26276E+00
 -6.28821E+01  1.34740E+00  2.07341E+00
 -6.26325E+01  2.04659E+00  2.00373E+00
 -6.23830E+01 -1.83046E-01  1.69330E+00
 -6.21335E+01 -3.36199E-01  4.71151E-01
 -6.18839E+01 -1.65598E+00  1.74593E+00
 -6.16344E+01  1.10801E+00  2.25229E+00
 -6.13848E+01  1.87859E+00  1.42875E+00
 -6.11353E+01  7.29221E-02  2.22203E+00
 -6.08858E+01  2.03530E-01  1.21918E+00
 -6.06362E+01 -3.81123E-01  1.79215E+00
 -6.03867E+01  2.15038E+00  2.29943E+00
 -6.01371E+01  2.13358E+00  1.69019E+00
 -5.98876E+01 -9.02885E-01  1.03049E+00
 -5.96380E+01 -1.51771E+00  1.64996E+00
 -5.93885E+01  3.23080E-01  1.57402E+00
 -5.91390E+01 -5.16842E-01  1.64176E+00
 -5.88894E+01  8.70758E-02  1.73686E+00
 -5.86399E+01  1.68766E+00  2.01862E+00
 -5.83903E+01  1.23892E+00  1.83793E+00
 -5.81408E+01  6.45606E-01  2.08514E+00
 -5.78913E+01  2.06876E+00  2.22589E+00
 -5.76417E+01  6.64026E-01  1.06372E+00
 -5.73922E+01  3.41430E-01  2.43145E+00
 -5.71426E+01  2.28541E+00  1.75948E+00
 -5.68931E+01  3.76290E-01  1.45902E+00
 -5.66435E+01 -2.00555E-01  2.01423E+00
 -5.63940E+01  1.79167E+00  2.21299E+00
 -5.61445E+01  3.78503E+00  2.99241E+00
 -5.58949E+01  3.84747E+00  1.75259E+00
 -5.56454E+01  2.03512E+00  2.06666E+00
 -5.53958E+01  7.94327E-01  2.13110E+00
 -5.51463E+01  5.40626E+00  2.97853E+00
 -5.48968E+01  3.06028E+00  2.06179E+00
 -5.46472E+01  1.71407E+00  2.15991E+00
 -5.43977E+01  1.29546E+00  2.10147E+00
 -5.41481E+01  1.38202E+00  2.44415E+00
 -5.38986E+01  4.69881E+00  2.22699E+00
 -5.36490E+01  1.90179E+00  2.53478E+00
 -5.33995E+01  3.32381E+00  2.48336E+00
 -5.31500E+01  4.51101E+00  2.84391E+00
 -5.29004E+01  5.78485E+00  3.00266E+00
 -5.26509E+01  4.24020E+00  1.74330E+00
 -5.24013E+01  2.12583E+00  2.37236E+00
 -5.21518E+01  5.87945E+00  3.07426E+00
 -5.19023E+01  2.76680E+00  2.25078E+00
 -5.16527E+01  3.74634E+00  2.45585E+00
 -5.14032E+01  4.03219E+00  2.68203E+00
 -5.11536E+01  3.56063E+00  2.50940E+00
 -5.09041E+01  3.61804E+00  1.97007E+00
 -5.06545E+01  1.16201E+00  2.01052E+00
 -5.04050E+01  1.35616E+00  2.71079E+00
 -5.01555E+01  4.23952E+00  2.47921E+00
 -4.99059E+01  5.49645E+00  3.09832E+00
 -4.96564E+01  6.73043E+00  2.49364E+00
 -4.94068E+01  5.68832E-01  1.80938E+00
 -4.91573E+01  2.53250E+00  2.78813E+00
 -4.89078E+01  7.72781E+00  3.33148E+00
 -4.86582E+01  5.30916E+00  2.52109E+00
 -4.84087E+01  7.48977E+00  3.02381E+00
 -4.81591E+01  3.12366E+00  2.21467E+00
 -4.79096E+01  5.41666E+00  3.65843E+00
 -4.76600E+01  8.92106E+00  2.79875E+00
 -4.74105E+01  3.35889E+00  2.65554E+00
 -4.71610E+01  6.15613E+00  3.02438E+00
 -4.69114E+01  4.83870E+00  2.84426E+00
 -4.66619E+01  8.15718E+00  2.85805E+00
 -4.64123E+01  5.25700E+00  3.32538E+00
 -4.61628E+01  9.08032E+00  3.18756E+00
 -4.59133E+01  9.52018E+00  3.83653E+00
 -4.56637E+01  9.97021E+00  3.62493E+00
 -4.54142E+01  1.54511E+01  4.43336E+00
 -4.51646E+01  1.43213E+01  3.96020E+00
 -4.49151E+01  1.06247E+01  3.44579E+00
 -4.46655E+01  9.63726E+00  4.23390E+00
 -4.44160E+01  1.56848E+01  3.58747E+00
 -4.41665E+01  1.68791E+01  5.37831E+00
 -4.39169E+01  3.69750E+01  6.47308E+00
 -4.36674E+01  3.00261E+01  5.08796E+00
 -4.34178E+01  1.70340E+01  4.74987E+00
 -4.31683E+01  1.84793E+01  4.60420E+00
 -4.29188E+01  2.03686E+01  5.24386E+00
 -4.26692E+01  3.05373E+01  6.17931E+00
 -4.24197E+01  4.15832E+01  6.69125E+00
 -4.21701E+01  3.28816E+01  5.27160E+00
 -4.19206E+01  2.78234E+01  5.35774E+00
 -4.16710E+01  2.85942E+01  5.98371E+00
 -4.14215E+01  2.70257E+01  5.88125E+00
 -4.11720E+01  3.15069E+01  5.02043E+00
 -4.09224E+01  2.48377E+01  5.38835E+00
 -4.06729E+01  2.68428E+01  5.55618E+00
 -4.04233E+01  2.47760E+01  5.19968E+00
 -4.01738E+01  2.92714E+01  6.49138E+00
 -3.99243E+01  3.77606E+01  5.63152E+00
 -3.96747E+01  2.55228E+01  4.90423E+00
 -3.94252E+01  2.57735E+01  5.94253E+00
 -3.91756E+01  3.21868E+01  5.79403E+00
 -3.89261E+01  2.88092E+01  5.50306E+00
 -3.86765E+01  2.89788E+01  5.58135E+00
 -3.84270E+01  2.81693E+01  5.66524E+00
 -3.81775E+01  2.73497E+01  6.00809E+00
 -3.79279E+01  3.30206E+01  5.81764E+00
 -3.76784E+01  2.99621E+01  5.59693E+00
 -3.74288E+01  3.40481E+01  5.98921E+00
 -3.71793E+01  3.55690E+01  6.09913E+00
 -3.69298E+01  3.13257E+01  6.08010E+00
 -3.66802E+01  2.56870E+01  5.26325E+00
 -3.64307E+01  4.14550E+01  7.26745E+00
 -3.61811E+01  4.78300E+01  6.40282E+00
 -3.59316E+01  2.92250E+01  5.92335E+00
 -3.56821E+01  3.37087E+01  5.93492E+00
 -3.54325E+01  3.50480E+01  6.64722E+00
 -3.51830E+01  4.24294E+01  6.81297E+00
 -3.49334E+01  4.44685E+01  6.80939E+00
 -3.46839E+01  3.84532E+01  5.82251E+00
 -3.44343E+01  3.96991E+01  7.53553E+00
 -3.41848E+01  5.48993E+01  6.87465E+00
 -3.39353E+01  4.37816E+01  6.99012E+00
 -3.36857E+01  4.63923E+01  7.33849E+00
 -3.34362E+01  5.18800E+01  6.87128E+00
 -3.31866E+01  4.18602E+01  7.18893E+00
 -3.29371E+01  5.39345E+01  7.85292E+00
 -3.26876E+01  5.54017E+01  7.00554E+00
 -3.24380E+01  4.74994E+01  7.10846E+00
 -3.21885E+01  4.52821E+01  7.41033E+00
 -3.19389E+01  5.39827E+01  7.47757E+00
 -3.16894E+01  5.12468E+01  7.44200E+00
 -3.14398E+01  6.18106E+01  7.64426E+00
 -3.11903E+01  5.61358E+01  8.70061E+00
 -3.09408E+01  7.32283E+01  8.48212E+00
 -3.06912E+01  6.43685E+01  7.73391E+00
 -3.04417E+01  5.14132E+01  7.48764E+00
 -3.01921E+01  4.84562E+01  7.04459E+00
 -2.99426E+01  6.74424E+01  8.99563E+00
 -2.96931E+01  7.01521E+01  8.38053E+00
 -2.94435E+01  7.43551E+01  8.53822E+00
 -2.91940E+01  6.01299E+01  8.21643E+00
 -2.89444E+01  8.26650E+01  9.83963E+00
 -2.86949E+01  8.43176E+01  8.58795E+00
 -2.84453E+01  7.01779E+01  9.07720E+00
 -2.81958E+01  7.86055E+01  8.88914E+00
 -2.79463E+01  9.69444E+01  1.03620E+01
 -2.76967E+01  9.22425E+01  9.07534E+00
 -2.74472E+01  8.44155E+01  9.75944E+00
 -2.71976E+01  8.76193E+01  9.68411E+00
 -2.69481E+01  9.89010E+01  1.01919E+01
 -2.66986E+01  1.02626E+02  9.95645E+00
 -2.64490E+01  1.00120E+02  1.08704E+01
 -2.61995E+01  1.17764E+02  1.07838E+01
 -2.59499E+01  1.00729E+02  9.91093E+00
 -2.57004E+01  1.10630E+02  1.08719E+01
 -2.54508E+01  1.24793E+02  1.19498E+01
 -2.52013E+01  1.35663E+02  1.12704E+01
 -2.49518E+01  1.18446E+02  1.09160E+01
 -2.47022E+01  1.19918E+02  1.11396E+01
 -2.44527E+01  1.22771E+02  1.12591E+01
 -2.42031E+01  1.32695E+02  1.19834E+01
 -2.39536E+01  1.41286E+02  1.20519E+01
 -2.37041E+01  1.49183E+02  1.18729E+01
 -2.34545E+01  1.23831E+02  1.11411E+01
 -2.32050E+01  1.20801E+02  1.11378E+01
 -2.29554E+01  1.16104E+02  1.09748E+01
 -2.27059E+01  1.26750E+02  1.14083E+01
 -2.24563E+01  1.17583E+02  1.09377E+01
 -2.22068E+01  1.23629E+02  1.12908E+01
 -2.19573E+01  1.23380E+02  1.16819E+01
 -2.17077E+01  1.29434E+02  1.08722E+01
 -2.14582E+01  1.02306E+02  1.02131E+01
 -2.12086E+01  1.05786E+02  1.06791E+01
 -2.09591E+01  1.16188E+02  1.04676E+01
 -2.07096E+01  9.60130E+01  9.93062E+00
 -2.04600E+01  9.74238E+01  1.06215E+01
 -2.02105E+01  1.16023E+02  1.06304E+01
 -1.99609E+01  1.03557E+02  9.99717E+00
 -1.97114E+01  9.51356E+01  9.70255E+00
 -1.94618E+01  1.03859E+02  1.08242E+01
 -1.92123E+01  1.01499E+02  9.81049E+00
 -1.89628E+01  9.81774E+01  1.07643E+01
 -1.87132E+01  1.04526E+02  9.11091E+00
 -1.84637E+01  8.45849E+01  9.97213E+00
 -1.82141E+01  1.04850E+02  1.08334E+01
 -1.79646E+01  1.14366E+02  1.07958E+01
 -1.77151E+01  1.03340E+02  9.21668E+00
 -1.74655E+01  7.72351E+01  9.23029E+00
 -1.72160E+01  9.43956E+01  1.05436E+01
 -1.69664E+01  1.06716E+02  1.00822E+01
 -1.67169E+01  9.07178E+01  9.71951E+00
 -1.64673E+01  9.61377E+01  9.62153E+00
 -1.62178E+01  8.60504E+01  9.38150E+00
 -1.59683E+01  8.36210E+01  9.38831E+00
 -1.57187E+01  8.46907E+01  9.30912E+00
 -1.54692E+01  8.04095E+01  8.98099E+00
 -1.52196E+01  7.39809E+01  8.68730E+00
 -1.49701E+01  8.05720E+01  9.68618E+00
 -1.47206E+01  9.09360E+01  9.62939E+00
 -1.44710E+01  9.40064E+01  9.78503E+00
 -1.42215E+01  8.80750E+01  9.38839E+00
 -1.39719E+01  8.55915E+01  9.23718E+00
 -1.37224E+01  7.85494E+01  8.86421E+00
 -1.34728E+01  7.47265E+01  9.09014E+00
 -1.32233E+01  8.99523E+01  9.26719E+00
 -1.29738E+01  8.30381E+01  9.26003E+00
 -1.27242E+01  8.60430E+01  1.02172E+01
 -1.24747E+01  9.25604E+01  9.31030E+00
 -1.22251E+01  9.17401E+01  9.65820E+00
 -1.19756E+01  7.81003E+01  8.25347E+00
 -1.17261E+01  6.51965E+01  9.04318E+00
 -1.14765E+01  8.49439E+01  9.17550E+00
 -1.12270E+01  8.06537E+01  8.93407E+00
 -1.09774E+01  7.59713E+01  8.87285E+00
 -1.07279E+01  8.63129E+01  9.93175E+00
 -1.04783E+01  9.75333E+01  9.92077E+00
 -1.02288E+01  8.87564E+01  9.35746E+00
 -9.97926E+00  7.19786E+01  8.51627E+00
 -9.72972E+00  8.12370E+01  9.41479E+00
 -9.48018E+00  8.83226E+01  9.28255E+00
 -9.23063E+00  8.92429E+01  9.84450E+00
 -8.98109E+00  8.16273E+01  8.92112E+00
 -8.73155E+00  7.99619E+01  9.28267E+00
 -8.48201E+00  8.22123E+01  9.22184E+00
 -8.23247E+00  9.15745E+01  1.03710E+01
 -7.98293E+00  1.03164E+02  9.57140E+00
 -7.73338E+00  8.62136E+01  9.78734E+00
 -7.48384E+00  1.01412E+02  9.97725E+00
 -7.23430E+00  1.01905E+02  1.04816E+01
 -6.98476E+00  9.68893E+01  9.41512E+00
 -6.73522E+00  8.09177E+01  9.22312E+00
 -6.48568E+00  8.14793E+01  9.43314E+00
 -6.23613E+00  8.76693E+01  9.77187E+00
 -5.98659E+00  9.78449E+01  9.71871E+00
 -5.73705E+00  7.80340E+01  8.99470E+00
 -5.48751E+00  8.50546E+01  9.64663E+00
 -5.23797E+00  8.49163E+01  9.88424E+00
 -4.98843E+00  8.00277E+01  1.04219E+01
 -4.73888E+00  9.00446E+01  9.50270E+00
 -4.48934E+00  7.73491E+01  9.76786E+00
 -4.23980E+00  8.07774E+01  8.76130E+00
 -3.99026E+00  7.09143E+01  1.00257E+01
 -3.74072E+00  9.40180E+01  1.04420E+01
 -3.49118E+00  9.49628E+01  1.05472E+01
 -3.24163E+00  8.99765E+01  1.08710E+01
 -2.99209E+00  9.09382E+01  1.11106E+01
 -2.74255E+00  9.23490E+01  1.18263E+01
 -2.49301E+00  9.43540E+01  1.27067E+01
 -2.24347E+00  9.73861E+01  1.33704E+01
 -1.99393E+00  1.01464E+02  1.53741E+01
 -1.74438E+00  1.04796E+02  1.95121E+01
 -1.49484E+00  1.02985E+02  2.43687E+01
 -1.24530E+00  9.29568E+01  3.18161E+01
 -9.95760E-01  7.96499E+01  4.48579E+01
 -7.46218E-01  7.43660E+01  6.39559E+01
 -4.96677E-01  8.21652E+01  8.87556E+01
 -2.47135E-01  9.49097E+01  1.05081E+02
  2.40666E-03  9.98135E+01  1.03943E+02
  2.51948E-01  9.64278E+01  8.58248E+01
  5.01490E-01  9.19802E+01  5.88749E+01
  7.51032E-01  9.08999E+01  4.09050E+01
  1.00057E+00  9.30833E+01  2.95982E+01
  1.25011E+00  9.77875E+01  2.30904E+01
  1.49966E+00  1.03578E+02  1.82948E+01
  1.74920E+00  1.06963E+02  1.54432E+01
  1.99874E+00  1.06295E+02  1.30061E+01
  2.24828E+00  1.03374E+02  1.23138E+01
  2.49782E+00  1.00274E+02  1.18493E+01
  2.74736E+00  9.86379E+01  1.02690E+01
  2.99691E+00  9.92334E+01  1.11854E+01
  3.24645E+00  1.09540E+02  1.10335E+01
  3.49599E+00  1.02879E+02  1.04306E+01
  3.74553E+00  1.05467E+02  1.06248E+01
  3.99507E+00  1.10564E+02  1.13469E+01
  4.24461E+00  1.07057E+02  1.01971E+01
  4.49416E+00  9.04390E+01  9.90805E+00
  4.74370E+00  9.34495E+01  1.00588E+01
  4.99324E+00  9.71487E+01  1.02772E+01
  5.24278E+00  1.16815E+02  1.06688E+01
  5.49232E+00  1.02482E+02  1.04260E+01
  5.74186E+00  9.95182E+01  9.93710E+00
  5.99141E+00  1.00853E+02  1.05830E+01
  6.24095E+00  1.11952E+02  1.10274E+01
  6.49049E+00  1.29411E+02  1.16250E+01
  6.74003E+00  1.24490E+02  1.07109E+01
  6.98957E+00  1.19538E+02  1.13887E+01
  7.23911E+00  1.31990E+02  1.11647E+01
  7.48866E+00  1.09701E+02  1.02100E+01
  7.73820E+00  1.07108E+02  1.06657E+01
  7.98774E+00  1.08501E+02  1.03590E+01
  8.23728E+00  1.01886E+02  1.05379E+01
  8.48682E+00  1.17920E+02  1.13565E+01
  8.73636E+00  1.16264E+02  1.07106E+01
  8.98591E+00  1.17926E+02  1.07192E+01
  9.23545E+00  1.02776E+02  1.04929E+01
  9.48499E+00  1.08786E+02  1.04865E+01
  9.73453E+00  1.30981E+02  1.21548E+01
  9.98407E+00  1.36946E+02  1.15228E+01
  1.02336E+01  1.26596E+02  1.14489E+01
  1.04832E+01  1.25698E+02  1.13423E+01
  1.07327E+01  1.29712E+02  1.13143E+01
  1.09822E+01  1.26372E+02  1.13043E+01
  1.12318E+01  1.36303E+02  1.21699E+01
  1.14813E+01  1.36878E+02  1.15960E+01
  1.17309E+01  1.39713E+02  1.24830E+01
  1.19804E+01  1.43924E+02  1.15914E+01
  1.22299E+01  1.34474E+02  1.19608E+01
  1.24795E+01  1.45282E+02  1.24566E+01
  1.27290E+01  1.47807E+02  1.22236E+01
  1.29786E+01  1.57507E+02  1.22756E+01
  1.32281E+01  1.48667E+02  1.24420E+01
  1.34777E+01  1.39457E+02  1.19954E+01
  1.37272E+01  1.43383E+02  1.17928E+01
  1.39767E+01  1.39957E+02  1.18910E+01
  1.42263E+01  1.39861E+02  1.19535E+01
  1.44758E+01  1.41800E+02  1.22782E+01
  1.47254E+01  1.67282E+02  1.31056E+01
  1.49749E+01  1.50692E+02  1.20245E+01
  1.52244E+01  1.39897E+02  1.20920E+01
  1.54740E+01  1.47380E+02  1.21162E+01
  1.57235E+01  1.63629E+02  1.32968E+01
  1.59731E+01  1.53491E+02  1.18864E+01
  1.62226E+01  1.54612E+02  1.29379E+01
  1.64722E+01  1.70441E+02  1.34804E+01
  1.67217E+01  1.69374E+02  1.29680E+01
  1.69712E+01  1.60373E+02  1.28357E+01
  1.72208E+01  1.68511E+02  1.35290E+01
  1.74703E+01  1.78565E+02  1.31090E+01
  1.77199E+01  1.66642E+02  1.29886E+01
  1.79694E+01  1.64137E+02  1.25301E+01
  1.82189E+01  1.85733E+02  1.43139E+01
  1.84685E+01  1.91415E+02  1.41422E+01
  1.87180E+01  2.01528E+02  1.45003E+01
  1.89676E+01  2.13610E+02  1.50196E+01
  1.92171E+01  2.40892E+02  1.54881E+01
  1.94667E+01  2.21418E+02  1.44543E+01
  1.97162E+01  2.08753E+02  1.53944E+01
  1.99657E+01  2.38073E+02  1.53542E+01
  2.02153E+01  2.32012E+02  1.56460E+01
  2.04648E+01  2.45857E+02  1.51730E+01
  2.07144E+01  2.48800E+02  1.60987E+01
  2.09639E+01  2.47508E+02  1.59880E+01
  2.12134E+01  2.60834E+02  1.62539E+01
  2.14630E+01  2.63624E+02  1.62210E+01
  2.17125E+01  2.57572E+02  1.64970E+01
  2.19621E+01  2.71259E+02  1.65913E+01
  2.22116E+01  2.80788E+02  1.67212E+01
  2.24612E+01  2.92688E+02  1.77843E+01
  2.27107E+01  3.13113E+02  1.74535E+01
  2.29602E+01  3.14547E+02  1.80512E+01
  2.32098E+01  3.23489E+02  1.85187E+01
  2.34593E+01  3.54621E+02  1.85007E+01
  2.37089E+01  3.32884E+02  1.80001E+01
  2.39584E+01  3.08495E+02  1.77610E+01
  2.42079E+01  3.44800E+02  1.91931E+01
  2.44575E+01  3.44897E+02  1.86025E+01
  2.47070E+01  3.26498E+02  1.73371E+01
  2.49566E+01  3.00287E+02  1.76312E+01
  2.52061E+01  3.07702E+02  1.76167E+01
  2.54557E+01  3.35165E+02  1.86696E+01
  2.57052E+01  3.17704E+02  1.77055E+01
  2.59547E+01  3.03057E+02  1.74537E+01
  2.62043E+01  3.13915E+02  1.74485E+01
  2.64538E+01  2.96023E+02  1.74861E+01
  2.67034E+01  3.02033E+02  1.72355E+01
  2.69529E+01  2.68778E+02  1.60372E+01
  2.72024E+01  2.62441E+02  1.65473E+01
  2.74520E+01  2.81411E+02  1.66111E+01
  2.77015E+01  2.59353E+02  1.60051E+01
  2.79511E+01  2.17593E+02  1.45817E+01
  2.82006E+01  2.30147E+02  1.58827E+01
  2.84502E+01  2.47316E+02  1.48598E+01
  2.86997E+01  2.18586E+02  1.48829E+01
  2.89492E+01  2.20061E+02  1.52028E+01
  2.91988E+01  2.28247E+02  1.49924E+01
  2.94483E+01  2.04730E+02  1.41309E+01
  2.96979E+01  2.08674E+02  1.51679E+01
  2.99474E+01  2.19155E+02  1.45492E+01
  3.01969E+01  1.97434E+02  1.38870E+01
  3.04465E+01  2.09373E+02  1.48839E+01
  3.06960E+01  2.15575E+02  1.45835E+01
  3.09456E+01  1.90477E+02  1.37676E+01
  3.11951E+01  1.96737E+02  1.41551E+01
  3.14447E+01  1.92179E+02  1.36390E+01
  3.16942E+01  1.88678E+02  1.41291E+01
  3.19437E+01  2.06910E+02  1.46317E+01
  3.21933E+01  1.76003E+02  1.22532E+01
  3.24428E+01  1.77129E+02  1.39955E+01
  3.26924E+01  1.90163E+02  1.37742E+01
  3.29419E+01  1.78297E+02  1.35897E+01
  3.31914E+01  1.78530E+02  1.30946E+01
  3.34410E+01  1.71034E+02  1.29497E+01
  3.36905E+01  1.63382E+02  1.32995E+01
  3.39401E+01  1.86642E+02  1.39904E+01
  3.41896E+01  1.74830E+02  1.28792E+01
  3.44392E+01  1.58976E+02  1.23267E+01
  3.46887E+01  1.45647E+02  1.22935E+01
  3.49382E+01  1.49762E+02  1.22990E+01
  3.51878E+01  1.49266E+02  1.24442E+01
  3.54373E+01  1.57138E+02  1.26741E+01
  3.56869E+01  1.42520E+02  1.14516E+01
  3.59364E+01  1.23828E+02  1.16667E+01
  3.61859E+01  1.42551E+02  1.20371E+01
  3.64355E+01  1.40762E+02  1.18905E+01
  3.66850E+01  1.44820E+02  1.25052E+01
  3.69346E+01  1.34025E+02  1.11597E+01
  3.71841E+01  1.25563E+02  1.15351E+01
  3.74337E+01  1.58240E+02  1.27527E+01
  3.76832E+01  1.35702E+02  1.18871E+01
  3.79327E+01  1.45324E+02  1.17592E+01
  3.81823E+01  1.31704E+02  1.15286E+01
  3.84318E+01  1.33938E+02  1.17874E+01
  3.86814E+01  1.27810E+02  1.12489E+01
  3.89309E+01  1.22740E+02  1.08308E+01
  3.91804E+01  1.20814E+02  1.15525E+01
  3.94300E+01  1.25492E+02  1.12826E+01
  3.96795E+01  1.21460E+02  1.10898E+01
  3.99291E+01  1.35958E+02  1.19843E+01
  4.01786E+01  1.39826E+02  1.18088E+01
  4.04282E+01  1.37443E+02  1.18023E+01
  4.06777E+01  1.29514E+02  1.15622E+01
  4.09272E+01  1.36773E+02  1.19704E+01
  4.11768E+01  1.49861E+02  1.25149E+01
  4.14263E+01  1.33057E+02  1.10909E+01
  4.16759E+01  1.37613E+02  1.22090E+01
  4.19254E+01  1.43762E+02  1.22306E+01
  4.21749E+01  1.56918E+02  1.26725E+01
  4.24245E+01  1.36839E+02  1.13337E+01
  4.26740E+01  1.41506E+02  1.25030E+01
  4.29236E+01  1.43519E+02  1.17041E+01
  4.31731E+01  1.30042E+02  1.13245E+01
  4.34227E+01  1.28185E+02  1.15223E+01
  4.36722E+01  1.19630E+02  1.05061E+01
  4.39217E+01  1.03334E+02  1.02350E+01
  4.41713E+01  9.68884E+01  9.90500E+00
  4.44208E+01  9.08489E+01  9.09630E+00
  4.46704E+01  7.23838E+01  8.65284E+00
  4.49199E+01  7.23906E+01  8.36779E+00
  4.51694E+01  6.26877E+01  8.17197E+00
  4.54190E+01  6.10890E+01  7.89311E+00
  4.56685E+01  5.90926E+01  7.90604E+00
  4.59181E+01  5.11517E+01  6.26957E+00
  4.61676E+01  3.38239E+01  6.51837E+00
  4.64172E+01  4.41008E+01  6.80607E+00
  4.66667E+01  3.31805E+01  6.05048E+00
  4.69162E+01  4.10145E+01  6.32073E+00
  4.71658E+01  4.02606E+01  6.47990E+00
  4.74153E+01  3.29735E+01  5.83514E+00
  4.76649E+01  3.40480E+01  6.56543E+00
  4.79144E+01  3.50771E+01  5.83170E+00
  4.81639E+01  3.25308E+01  6.14491E+00
  4.84135E+01  3.95402E+01  6.53704E+00
  4.86630E+01  3.52663E+01  5.81399E+00
  4.89126E+01  2.11903E+01  4.33671E+00
  4.91621E+01  3.43114E+01  6.87937E+00
  4.94117E+01  4.29190E+01  6.74798E+00
  4.96612E+01  3.29809E+01  4.96437E+00
  4.99107E+01  2.70753E+01  6.58942E+00
  5.01603E+01  4.29516E+01  6.25671E+00
  5.04098E+01  2.42134E+01  4.56154E+00
  5.06594E+01  2.49388E+01  5.82328E+00
  5.09089E+01  3.08049E+01  5.52998E+00
  5.11584E+01  1.85935E+01  4.34061E+00
  5.14080E+01  2.06337E+01  4.62093E+00
  5.16575E+01  1.92471E+01  5.09796E+00
  5.19071E+01  2.41381E+01  5.06934E+00
  5.21566E+01  1.97630E+01  4.44474E+00
  5.24062E+01  2.12969E+01  4.89293E+00
  5.26557E+01  1.55623E+01  3.98335E+00
  5.29052E+01  1.98639E+01  5.29184E+00
  5.31548E+01  2.39006E+01  5.27331E+00
  5.34043E+01  2.56797E+01  5.11488E+00
  5.36539E+01  2.07432E+01  4.66124E+00
  5.39034E+01  1.59714E+01  3.75593E+00
  5.41529E+01  1.32940E+01  4.21684E+00
  5.44025E+01  1.23253E+01  4.46392E+00
  5.46520E+01  1.41317E+01  3.49993E+00
  5.49016E+01  1.30330E+01  4.24967E+00
  5.51511E+01  1.59728E+01  4.14991E+00
  5.54007E+01  1.64159E+01  4.39893E+00
  5.56502E+01  1.13441E+01  3.16929E+00
  5.58997E+01  4.83207E+00  2.73390E+00
  5.61493E+01  1.24431E+01  4.62584E+00
  5.63988E+01  1.67861E+01  4.01832E+00
  5.66484E+01  1.27646E+01  4.20840E+00
  5.68979E+01  1.89135E+01  4.74156E+00
  5.71474E+01  1.72801E+01  4.01996E+00
  5.73970E+01  1.31478E+01  4.37247E+00
  5.76465E+01  1.34062E+01  3.67602E+00
  5.78961E+01  1.14966E+01  3.53647E+00
  5.81456E+01  8.78731E+00  3.13742E+00
  5.83952E+01  9.35357E+00  4.13632E+00
  5.86447E+01  9.83186E+00  3.12562E+00
  5.88942E+01  1.03894E+01  3.73438E+00
  5.91438E+01  1.08633E+01  4.06546E+00
  5.93933E+01  1.60383E+01  4.13632E+00
  5.96429E+01  1.40537E+01  3.77807E+00
  5.98924E+01  7.40495E+00  3.29989E+00
  6.01419E+01  8.25919E+00  3.42650E+00
  6.03915E+01  9.25487E+00  3.37956E+00
  6.06410E+01  1.04236E+01  3.70107E+00
  6.08906E+01  7.39744E+00  2.75607E+00
  6.11401E+01  1.23850E+01  4.00667E+00
  6.13897E+01  8.93206E+00  3.36725E+00
  6.16392E+01  9.06588E+00  3.82300E+00
  6.18887E+01  8.27630E+00  3.23402E+00
  6.21383E+01  9.64431E+00  3.21205E+00
  6.23878E+01  7.50157E+00  3.27918E+00
  6.26374E+01  1.00135E+01  3.87885E+00
  6.28869E+01  1.20358E+01  3.54688E+00
  6.31364E+01  5.86043E+00  2.22463E+00
  6.33860E+01  1.99038E+00  2.00053E+00
  6.36355E+01  2.94387E+00  2.68592E+00
  6.38851E+01  6.16502E+00  3.18212E+00
  6.41346E+01  7.13739E+00  3.12192E+00
  6.43842E+01  6.73100E+00  2.84274E+00
  6.46337E+01  6.23486E+00  3.48826E+00
  6.48832E+01  1.05979E+01  3.48061E+00
  6.51328E+01  9.28860E+00  3.32322E+00
  6.53823E+01  9.07104E+00  3.75750E+00
  6.56319E+01  9.55712E+00  3.65033E+00
  6.58814E+01  1.02169E+01  3.28196E+00
  6.61309E+01  8.11224E+00  3.09641E+00
  6.63805E+01  6.46947E+00  3.05372E+00
  6.66300E+01  1.12206E+01  4.12225E+00
  6.68796E+01  9.86766E+00  3.03005E+00
  6.71291E+01  8.23179E+00  3.41621E+00
  6.73787E+01  5.98933E+00  2.65702E+00
  6.76282E+01  3.26344E+00  2.70005E+00
  6.78777E+01  8.17407E+00  3.33210E+00
  6.81273E+01  1.16937E+01  3.84525E+00
  6.83768E+01  9.98996E+00  3.48534E+00
  6.86264E+01  9.21562E+00  3.88211E+00
  6.88759E+01  1.03946E+01  3.01001E+00
  6.91254E+01  8.99542E+00  3.33076E+00
  6.93750E+01  8.16819E+00  3.26895E+00
  6.96245E+01  3.21446E+00  2.44749E+00
  6.98741E+01  5.00419E+00  2.90176E+00
  7.01236E+01  9.57135E+00  3.53823E+00
  7.03732E+01  2.86745E+00  1.75518E+00
  7.06227E+01  8.82507E-01  1.98103E+00
  7.08722E+01  1.85309E+00  2.28084E+00
  7.11218E+01  6.28413E+00  3.31573E+00
  7.13713E+01  7.08010E+00  2.83235E+00
  7.16209E+01  4.56709E+00  2.61430E+00
  7.18704E+01  3.04276E+00  2.30501E+00
  7.21199E+01  5.32733E+00  2.80458E+00
  7.23695E+01  5.74716E+00  3.31911E+00
  7.26190E+01  5.58278E+00  2.22971E+00
  7.28686E+01  2.01871E+00  2.40226E+00
  7.31181E+01  3.19828E+00  2.61811E+00
  7.33677E+01  4.19897E+00  2.46602E+00
  7.36172E+01  3.59788E+00  2.78670E+00
  7.38667E+01  5.57865E+00  3.18095E+00
  7.41163E+01  6.97476E+00  2.51766E+00
  7.43658E+01  5.29270E+00  3.20286E+00
  7.46154E+01  6.82476E+00  2.97322E+00
  7.48649E+01  4.57533E+00  2.43987E+00
  7.51144E+01  3.09558E+00  2.22503E+00
  7.53640E+01  4.58964E+00  2.78691E+00
  7.56135E+01  3.50219E+00  2.26517E+00
  7.58631E+01  2.57726E+00  2.00685E+00
  7.61126E+01 -4.81346E-01  1.79850E+00
  7.63622E+01  2.34865E+00  2.50647E+00
  7.66117E+01  5.44653E+00  2.98226E+00
  7.68612E+01  5.91345E+00  2.80862E+00
  7.71108E+01  6.75097E+00  3.18920E+00
  7.73603E+01  5.91314E+00  2.63099E+00
  7.76099E+01  2.43085E+00  1.76304E+00
  7.78594E+01  1.49204E+00  2.23064E+00
  7.81089E+01  2.06426E-01  1.71378E+00
  7.83585E+01  3.23710E-01  1.78656E+00
  7.86080E+01  3.00403E+00  1.98674E+00
  7.88576E+01  1.52942E+00  2.24221E+00
  7.91071E+01  2.15826E+00  2.66659E+00
  7.93567E+01  6.90005E+00  3.00315E+00
  7.96062E+01  2.44262E+00  1.75903E+00
  7.98557E+01  2.99480E-01  1.99187E+00
  8.01053E+01  2.94610E+00  2.61919E+00
  8.03548E+01  6.01419E+00  2.50650E+00
  8.06044E+01  1.86296E+00  2.28543E+00
  8.08539E+01  4.03041E+00  2.77196E+00
  8.11034E+01  1.49129E+00  1.81375E+00
  8.13530E+01  1.89010E+00  2.27823E+00
  8.16025E+01  3.15732E+00  2.65891E+00
  8.18521E+01  7.28192E+00  3.13730E+00
  8.21016E+01  4.20884E+00  2.08806E+00
  8.23512E+01  4.59690E+00  3.09715E+00
  8.26007E+01  3.41422E+00  1.74356E+00
  8.28502E+01  9.77473E-01  1.97545E+00
  8.30998E+01  1.58213E+00  2.01065E+00
  8.33493E+01  1.94871E+00  1.98646E+00
  8.35989E+01 -5.49730E-01  2.25881E+00
  8.38484E+01  4.71155E+00  2.82183E+00
  8.40979E+01  6.39939E+00  2.85343E+00
  8.43475E+01  1.99936E+00  1.47035E+00
  8.45970E+01  3.15229E+00  2.58553E+00
  8.48466E+01 -4.62550E-01  3.69705E-01
  8.50961E+01 -9.57425E-01  1.97947E+00
  8.53457E+01  1.31176E+00  1.82086E+00
  8.55952E+01  7.87164E-01  1.79192E+00
  8.58447E+01  1.35830E+00  2.39351E+00
  8.60943E+01  1.53678E+00  1.76602E+00
  8.63438E+01 -2.20857E-01  1.78959E+00
  8.65934E+01  1.17223E+00  1.75728E+00
  8.68429E+01  1.18282E+00  1.96253E+00
  8.70924E+01  4.82351E-01  1.54428E+00
  8.73420E+01  1.80153E-01  2.23318E+00
  8.75915E+01  2.37288E+00  2.06405E+00
  8.78411E+01  3.88281E+00  2.64392E+00
  8.80906E+01  2.56850E+00  1.74579E+00
  8.83402E+01 -8.96761E-01  1.40201E+00
  8.85897E+01  7.40526E-01  1.73143E+00
  8.88392E+01 -9.12159E-01  1.74556E+00
  8.90888E+01  2.80358E-01  1.72116E+00
  8.93383E+01  2.72086E+00  2.44938E+00
  8.95879E+01  1.87912E+00  1.74961E+00
  8.98374E+01 -5.10482E-01  1.03091E+00
  9.00869E+01 -3.52850E-01  2.09849E+00
  9.03365E+01  1.21703E+00  1.93558E+00
  9.05860E+01 -1.14243E-01  1.01349E+00
  9.08356E+01  1.05155E+00  2.43772E+00
  9.10851E+01  3.25274E+00  2.03198E+00
  9.13347E+01  1.45412E+00  2.68627E+00
  9.15842E+01  3.16011E+00  2.02295E+00
  9.18337E+01  1.32560E+00  1.69821E+00
  9.20833E+01 -1.37580E+00  1.23888E+00
  9.23328E+01  1.29102E+00  2.45911E+00
  9.25824E+01  1.93955E+00  1.76731E+00
  9.28319E+01  9.90922E-01  1.99883E+00
  9.30814E+01  1.50512E+00  1.67896E+00
  9.33310E+01 -1.85302E+00  1.42246E-01
  9.35805E+01 -2.13097E+00  1.00489E+00
  9.38301E+01 -2.26560E+00  3.51758E-01
  9.40796E+01 -2.94440E-01  1.94004E+00
  9.43292E+01 -9.99043E-01  1.42973E+00
  9.45787E+01 -2.95573E-02  1.73294E+00
  9.48282E+01  9.60758E-01  1.74685E+00
  9.50778E+01 -9.22012E-01  1.04066E+00
  9.53273E+01 -1.27891E-01  1.38785E+00
  9.55769E+01 -8.59055E-01  2.00580E+00
  9.58264E+01 -4.18336E-02  1.10229E+00
  9.60759E+01 -8.84670E-01  1.38763E+00
  9.63255E+01 -8.51927E-01  1.03939E+00
  9.65750E+01 -8.62318E-01  2.00975E+00
  9.68246E+01  2.22514E+00  2.15149E+00
  9.70741E+01  1.17648E+00  1.54192E+00
  9.73237E+01 -1.33218E+00  1.74390E+00
  9.75732E+01  1.06817E+00  1.65038E+00
  9.78227E+01 -8.87834E-01  5.32271E-01
  9.80723E+01 -2.09204E+00  1.00681E+00
  9.83218E+01 -1.74579E+00  9.95270E-01
  9.85714E+01 -2.27559E+00  2.20746E-01
  9.88209E+01 -2.05257E+00  1.42062E+00
  9.90704E+01  2.62626E-01  1.79192E+00
  9.93200E+01  8.73985E-01  1.98050E+00
  9.95695E+01 -1.76574E-01  1.45407E+00
  9.98191E+01  2.25194E+00  4.07807E+00
  1.00069E+02  1.97910E+01  0.00000E+00
  1.00318E+02 -2.80663E+00  0.00000E+00
