@page size 600,600
@view 0.12,0.1,0.97,0.93
@subtitle "PHOENIX module phox, 01/24/18 at 16:55:22 -08:00"
@xaxes scale Normal
@yaxes scale Normal
@xaxis label "energy (meV)"
@yaxis label "partial phonon DOS (1/eV)"
@s0 errorbar size 0.0
@type xydy
  0.00000E+00  0.00000E+00  0.00000E+00
  2.47763E-01  8.71371E-03  8.58787E-03
  4.95527E-01  3.37819E-02  2.61143E-02
  7.43290E-01  7.58512E-02  4.17583E-02
  9.91054E-01  1.40820E-01  5.41139E-02
  1.23882E+00  2.29877E-01  6.67172E-02
  1.48658E+00  3.34286E-01  7.95922E-02
  1.73434E+00  4.47898E-01  8.97611E-02
  1.98211E+00  5.71267E-01  9.80804E-02
  2.22987E+00  7.13977E-01  1.08222E-01
  2.47763E+00  8.78985E-01  1.18913E-01
  2.72540E+00  1.06296E+00  1.31995E-01
  2.97316E+00  1.26832E+00  1.41192E-01
  3.22092E+00  1.50064E+00  1.71713E-01
  3.46869E+00  1.76206E+00  1.87136E-01
  3.71645E+00  2.02034E+00  2.13311E-01
  3.96421E+00  2.22014E+00  2.22330E-01
  4.21198E+00  2.37612E+00  2.41415E-01
  4.45974E+00  2.63175E+00  2.74169E-01
  4.70750E+00  3.10938E+00  3.17586E-01
  4.95527E+00  3.70166E+00  3.55978E-01
  5.20303E+00  4.15515E+00  3.78436E-01
  5.45080E+00  4.45311E+00  4.11398E-01
  5.69856E+00  4.77059E+00  4.24276E-01
  5.94632E+00  5.12600E+00  4.70848E-01
  6.19409E+00  5.38807E+00  4.90494E-01
  6.44185E+00  5.58997E+00  5.04123E-01
  6.68961E+00  6.05019E+00  5.71749E-01
  6.93738E+00  6.80404E+00  6.59457E-01
  7.18514E+00  7.71650E+00  7.11232E-01
  7.43290E+00  8.31845E+00  7.52352E-01
  7.68067E+00  8.56381E+00  7.28459E-01
  7.92843E+00  8.84358E+00  8.38330E-01
  8.17619E+00  9.36842E+00  8.56156E-01
  8.42396E+00  1.01159E+01  9.34188E-01
  8.67172E+00  1.12801E+01  9.83474E-01
  8.91948E+00  1.25363E+01  1.09581E+00
  9.16725E+00  1.33962E+01  1.07977E+00
  9.41501E+00  1.38076E+01  1.14150E+00
  9.66277E+00  1.38858E+01  1.19826E+00
  9.91054E+00  1.42049E+01  1.16100E+00
  1.01583E+01  1.51577E+01  1.28309E+00
  1.04061E+01  1.63514E+01  1.35569E+00
  1.06538E+01  1.70010E+01  1.46231E+00
  1.09016E+01  1.71485E+01  1.45637E+00
  1.11494E+01  1.79050E+01  1.56912E+00
  1.13971E+01  1.97095E+01  1.71325E+00
  1.16449E+01  2.12476E+01  1.79381E+00
  1.18926E+01  2.16941E+01  1.78019E+00
  1.21404E+01  2.23525E+01  1.87078E+00
  1.23882E+01  2.35103E+01  1.89415E+00
  1.26359E+01  2.45164E+01  1.99923E+00
  1.28837E+01  2.60395E+01  2.08761E+00
  1.31315E+01  2.82996E+01  2.39513E+00
  1.33792E+01  3.02801E+01  2.44234E+00
  1.36270E+01  3.14337E+01  2.39761E+00
  1.38748E+01  3.06233E+01  2.34256E+00
  1.41225E+01  3.00170E+01  2.30672E+00
  1.43703E+01  3.16253E+01  2.65553E+00
  1.46180E+01  3.35960E+01  2.67781E+00
  1.48658E+01  3.46137E+01  2.72078E+00
  1.51136E+01  3.59369E+01  2.88356E+00
  1.53613E+01  3.90694E+01  3.17133E+00
  1.56091E+01  4.32329E+01  3.10179E+00
  1.58569E+01  4.66311E+01  3.35171E+00
  1.61046E+01  4.78891E+01  3.42581E+00
  1.63524E+01  4.84260E+01  3.61657E+00
  1.66001E+01  5.01015E+01  3.57580E+00
  1.68479E+01  5.17665E+01  3.85253E+00
  1.70957E+01  5.29114E+01  4.17998E+00
  1.73434E+01  5.42499E+01  4.09796E+00
  1.75912E+01  5.75065E+01  4.26332E+00
  1.78390E+01  6.23939E+01  4.44350E+00
  1.80867E+01  6.60185E+01  4.40732E+00
  1.83345E+01  6.80679E+01  4.49467E+00
  1.85823E+01  6.98977E+01  4.69191E+00
  1.88300E+01  7.31708E+01  4.95763E+00
  1.90778E+01  7.73980E+01  4.98197E+00
  1.93255E+01  7.98294E+01  5.47619E+00
  1.95733E+01  7.99618E+01  5.07047E+00
  1.98211E+01  8.31786E+01  5.38627E+00
  2.00688E+01  9.06695E+01  5.89065E+00
  2.03166E+01  9.53031E+01  5.90129E+00
  2.05644E+01  9.58665E+01  6.04071E+00
  2.08121E+01  9.67097E+01  6.10003E+00
  2.10599E+01  1.03182E+02  6.15934E+00
  2.13077E+01  1.10858E+02  6.51408E+00
  2.15554E+01  1.13050E+02  6.27364E+00
  2.18032E+01  1.12644E+02  6.86652E+00
  2.20509E+01  1.14077E+02  6.63758E+00
  2.22987E+01  1.20261E+02  7.27472E+00
  2.25465E+01  1.25838E+02  7.55914E+00
  2.27942E+01  1.24059E+02  6.89088E+00
  2.30420E+01  1.20780E+02  7.28471E+00
  2.32898E+01  1.20270E+02  7.35372E+00
  2.35375E+01  1.18684E+02  7.26745E+00
  2.37853E+01  1.15745E+02  7.30873E+00
  2.40331E+01  1.13564E+02  7.03811E+00
  2.42808E+01  1.11839E+02  7.38243E+00
  2.45286E+01  1.11640E+02  7.29382E+00
  2.47763E+01  1.15685E+02  7.74082E+00
  2.50241E+01  1.19889E+02  7.51386E+00
  2.52719E+01  1.19756E+02  7.84693E+00
  2.55196E+01  1.16858E+02  7.90666E+00
  2.57674E+01  1.14477E+02  7.59961E+00
  2.60152E+01  1.15278E+02  8.01331E+00
  2.62629E+01  1.16261E+02  8.14844E+00
  2.65107E+01  1.16951E+02  8.07194E+00
  2.67584E+01  1.19987E+02  8.66543E+00
  2.70062E+01  1.21858E+02  7.64304E+00
  2.72540E+01  1.22297E+02  8.60711E+00
  2.75017E+01  1.22379E+02  8.53626E+00
  2.77495E+01  1.21999E+02  8.07389E+00
  2.79973E+01  1.25225E+02  8.84338E+00
  2.82450E+01  1.29013E+02  8.61496E+00
  2.84928E+01  1.29272E+02  8.87041E+00
  2.87406E+01  1.26439E+02  8.67031E+00
  2.89883E+01  1.23380E+02  8.97865E+00
  2.92361E+01  1.19903E+02  9.05002E+00
  2.94838E+01  1.17227E+02  8.86774E+00
  2.97316E+01  1.18925E+02  8.83091E+00
  2.99794E+01  1.20815E+02  9.18388E+00
  3.02271E+01  1.18210E+02  9.09139E+00
  3.04749E+01  1.15906E+02  8.70426E+00
  3.07227E+01  1.12231E+02  8.91574E+00
  3.09704E+01  1.07862E+02  9.10874E+00
  3.12182E+01  1.07093E+02  9.08630E+00
  3.14660E+01  1.08823E+02  9.10275E+00
  3.17137E+01  1.06549E+02  8.86393E+00
  3.19615E+01  1.03682E+02  8.82989E+00
  3.22092E+01  1.05080E+02  8.65518E+00
  3.24570E+01  1.10320E+02  9.45636E+00
  3.27048E+01  1.13632E+02  9.62821E+00
  3.29525E+01  1.10220E+02  9.10707E+00
  3.32003E+01  1.04746E+02  9.46767E+00
  3.34481E+01  1.01393E+02  9.08008E+00
  3.36958E+01  1.00387E+02  9.32817E+00
  3.39436E+01  1.00891E+02  9.23299E+00
  3.41914E+01  1.02820E+02  9.51521E+00
  3.44391E+01  1.02210E+02  9.25379E+00
  3.46869E+01  9.93218E+01  9.18441E+00
  3.49346E+01  9.79268E+01  9.19903E+00
  3.51824E+01  9.96720E+01  9.73847E+00
  3.54302E+01  1.05918E+02  9.83562E+00
  3.56779E+01  1.14963E+02  1.03856E+01
  3.59257E+01  1.22713E+02  1.04245E+01
  3.61735E+01  1.27193E+02  1.04265E+01
  3.64212E+01  1.37829E+02  1.14779E+01
  3.66690E+01  1.53106E+02  1.25924E+01
  3.69167E+01  1.62601E+02  1.21228E+01
  3.71645E+01  1.66757E+02  1.18410E+01
  3.74123E+01  1.70667E+02  1.26728E+01
  3.76600E+01  1.76073E+02  1.26899E+01
  3.79078E+01  1.77733E+02  1.32826E+01
  3.81556E+01  1.78933E+02  1.31641E+01
  3.84033E+01  1.79388E+02  1.36830E+01
  3.86511E+01  1.68732E+02  1.26725E+01
  3.88989E+01  1.46511E+02  1.15209E+01
  3.91466E+01  1.28524E+02  1.16252E+01
  3.93944E+01  1.16228E+02  1.06912E+01
  3.96421E+01  1.04381E+02  1.08397E+01
  3.98899E+01  8.90780E+01  9.54549E+00
  4.01377E+01  7.19870E+01  8.58570E+00
  4.03854E+01  5.90879E+01  8.36442E+00
  4.06332E+01  5.06256E+01  8.10324E+00
  4.08810E+01  4.30995E+01  7.18481E+00
  4.11287E+01  3.76955E+01  7.56424E+00
  4.13765E+01  3.25691E+01  7.24508E+00
  4.16243E+01  2.42940E+01  6.34919E+00
  4.18720E+01  1.67269E+01  5.72097E+00
  4.21198E+01  1.37347E+01  5.76707E+00
  4.23675E+01  9.97724E+00  4.48286E+00
  4.26153E+01  8.30260E+00  6.21616E+00
  4.28631E+01  9.04406E+00  5.05937E+00
  4.31108E+01  1.01447E+01  5.41977E+00
  4.33586E+01  9.69364E+00  5.33803E+00
  4.36064E+01  5.07937E+00  4.19728E+00
  4.38541E+01  6.02768E-02  3.82757E+00
  4.41019E+01  8.29946E-01  4.27112E+00
  4.43497E+01  3.29886E+00  4.75590E+00
  4.45974E+01  4.57506E+00  4.47949E+00
  4.48452E+01  6.31128E+00  5.47248E+00
  4.50929E+01  6.00849E+00  5.02157E+00
  4.53407E+01  3.80273E+00  5.11883E+00
  4.55885E+01  3.25093E+00  5.04713E+00
  4.58362E+01  5.61310E+00  5.48550E+00
  4.60840E+01  6.74131E+00  5.28031E+00
  4.63318E+01  3.30497E+00  5.31900E+00
  4.65795E+01 -1.15732E+00  4.45468E+00
  4.68273E+01 -5.11175E-02  5.70365E+00
  4.70750E+01  4.22278E+00  5.58499E+00
  4.73228E+01  5.10187E+00  5.33482E+00
  4.75706E+01  4.64905E+00  5.46584E+00
  4.78183E+01  4.10160E+00  4.92734E+00
  4.80661E+01  2.80641E+00  5.51914E+00
  4.83139E+01  3.62603E+00  5.19795E+00
  4.85616E+01  6.64053E+00  6.40903E+00
  4.88094E+01  6.14292E+00  5.14868E+00
  4.90572E+01  1.56281E+00  4.55624E+00
  4.93049E+01 -2.46811E+00  4.41882E+00
  4.95527E+01 -5.44244E+00  4.07650E+00
  4.98004E+01 -6.09427E+00  4.11685E+00
  5.00482E+01 -3.42166E+00  4.95754E+00
  5.02960E+01  7.42638E-01  5.83150E+00
  5.05437E+01  4.43337E+00  5.51542E+00
  5.07915E+01  4.58571E+00  5.89190E+00
  5.10393E+01  3.16358E+00  5.37060E+00
  5.12870E+01  3.72214E+00  5.73398E+00
  5.15348E+01  2.42491E+00  5.62677E+00
  5.17826E+01 -5.45229E-01  5.34501E+00
  5.20303E+01 -1.98190E+00  5.49018E+00
  5.22781E+01  7.39700E-02  5.52687E+00
  5.25258E+01  1.09090E+00  5.35007E+00
  5.27736E+01  5.20307E-01  5.90677E+00
  5.30214E+01  2.62746E+00  4.58784E+00
  5.32691E+01  3.02249E+00  5.89100E+00
  5.35169E+01 -2.64277E+00  4.38226E+00
  5.37647E+01 -7.12927E+00  4.43994E+00
  5.40124E+01 -5.30834E+00  5.02232E+00
  5.42602E+01 -1.31661E+00  6.26384E+00
  5.45080E+01  1.66163E-01  5.49397E+00
  5.47557E+01 -2.04026E+00  4.42815E+00
  5.50035E+01 -3.26808E+00  5.29446E+00
  5.52512E+01 -1.75695E+00  4.77417E+00
  5.54990E+01 -1.36991E-02  5.81756E+00
  5.57468E+01 -2.12787E+00  4.84881E+00
  5.59945E+01 -6.40739E+00  4.69688E+00
  5.62423E+01 -7.17931E+00  4.38964E+00
  5.64901E+01 -4.72154E+00  3.68286E+00
  5.67378E+01 -2.72008E+00  5.18651E+00
  5.69856E+01  2.93039E-01  4.76497E+00
  5.72333E+01  2.58925E+00  5.96281E+00
  5.74811E+01  3.19390E+00  5.81569E+00
  5.77289E+01  3.29355E+00  6.63705E+00
  5.79766E+01  1.95023E+00  5.59018E+00
  5.82244E+01  1.32295E+00  6.06778E+00
  5.84722E+01  4.90961E-01  6.27013E+00
  5.87199E+01 -2.14844E+00  4.96733E+00
  5.89677E+01 -2.57481E+00  5.75706E+00
  5.92155E+01 -8.15812E-01  5.30358E+00
  5.94632E+01  2.10044E+00  6.92299E+00
  5.97110E+01  3.90124E+00  6.17590E+00
  5.99587E+01  1.64093E+00  4.87328E+00
  6.02065E+01 -2.77082E+00  3.95279E+00
  6.04543E+01 -4.19933E+00  4.90517E+00
  6.07020E+01  1.34231E+00  6.21725E+00
  6.09498E+01  4.79275E+00  6.73723E+00
  6.11976E+01  1.07144E+00  4.64748E+00
  6.14453E+01 -4.79372E+00  4.11877E+00
  6.16931E+01 -5.62639E+00  5.28467E+00
  6.19409E+01  8.62677E-01  6.05020E+00
  6.21886E+01  8.42114E+00  7.59387E+00
  6.24364E+01  9.27860E+00  6.08299E+00
  6.26841E+01  7.72528E+00  5.71788E+00
  6.29319E+01  9.47569E+00  6.36576E+00
  6.31797E+01  1.09780E+01  6.46610E+00
  6.34274E+01  7.16548E+00  5.61861E+00
  6.36752E+01 -1.44679E+00  4.21662E+00
  6.39230E+01 -5.34831E+00  2.68766E+00
  6.41707E+01 -1.41474E+00  6.12673E+00
  6.44185E+01  3.28626E+00  6.30407E+00
  6.46663E+01  4.29105E+00  5.90110E+00
  6.49140E+01  7.08041E+00  6.85578E+00
  6.51618E+01  1.19532E+01  7.71592E+00
  6.54095E+01  1.10564E+01  6.98989E+00
  6.56573E+01  2.56756E+00  3.96736E+00
  6.59051E+01 -4.19180E+00  4.12665E+00
  6.61528E+01 -5.03595E+00  4.78493E+00
  6.64006E+01 -3.42398E+00  4.87998E+00
  6.66484E+01 -6.68935E-01  4.26026E+00
  6.68961E+01  6.91990E-01  4.83959E+00
  6.71439E+01 -1.33306E+00  4.90473E+00
  6.73916E+01 -4.75474E+00  3.66870E+00
  6.76394E+01 -3.46020E+00  4.81219E+00
  6.78872E+01  8.38452E-02  5.06019E+00
  6.81349E+01  3.39104E-01  5.11339E+00
  6.83827E+01  5.01058E-01  3.90425E+00
  6.86305E+01  2.19340E+00  5.87151E+00
  6.88782E+01  2.08863E+00  5.28419E+00
  6.91260E+01 -5.89338E-01  6.08108E+00
  6.93738E+01 -3.19025E+00  2.49786E+00
  6.96215E+01 -3.91488E+00  5.43070E+00
  6.98693E+01 -1.72494E+00  4.03661E+00
  7.01170E+01  2.01542E-01  5.09668E+00
  7.03648E+01  2.01385E+00  5.21786E+00
  7.06126E+01  2.53640E+00  4.58177E+00
  7.08603E+01 -1.98106E+00  3.06067E+00
  7.11081E+01 -6.21661E+00  3.56945E+00
  7.13559E+01 -7.61533E+00  1.40776E+00
  7.16036E+01 -8.53043E+00  3.59644E+00
  7.18514E+01 -8.41717E+00  2.70116E+00
  7.20992E+01 -7.29916E+00  2.82683E+00
  7.23469E+01 -5.96954E+00  5.16911E+00
  7.25947E+01 -5.41047E+00  3.20898E+00
  7.28424E+01 -4.75618E+00  4.49592E+00
  7.30902E+01 -3.06021E-01  5.88804E+00
  7.33380E+01  5.82875E+00  6.69227E+00
  7.35857E+01  1.02144E+01  7.30442E+00
  7.38335E+01  1.07024E+01  5.15933E+00
  7.40813E+01  6.34694E+00  3.97083E+00
  7.43290E+01  4.95748E+00  5.25948E+00
  7.45768E+01  7.44759E+00  3.54533E+00
  7.48246E+01  4.75861E+00  5.86626E+00
  7.50723E+01  1.69719E+00  2.69973E+00
  7.53201E+01  3.27887E-01  5.11591E+00
  7.55678E+01 -2.08774E+00  3.36942E+00
  7.58156E+01 -2.60780E+00  4.64742E+00
  7.60634E+01 -1.45702E-01  4.16661E+00
  7.63111E+01  3.66436E+00  7.27246E+00
  7.65589E+01  4.73652E+00  5.38615E+00
  7.68067E+01 -3.99317E-01  1.86894E+00
  7.70544E+01 -2.83382E+00  5.46695E+00
  7.73022E+01  1.86655E-01  5.22555E+00
  7.75499E+01  1.73411E+00  1.87527E+00
  7.77977E+01  2.92722E+00  6.66921E+00
  7.80455E+01  4.08027E+00  5.50643E+00
  7.82932E+01  5.50629E+00  5.89772E+00
  7.85410E+01  6.38683E+00  5.25889E+00
  7.87888E+01  3.92956E+00  4.57645E+00
  7.90365E+01  8.46977E-01  5.02194E+00
  7.92843E+01  1.05974E+00  4.35761E+00
  7.95321E+01  7.82171E-01  4.33272E+00
  7.97798E+01  3.68655E+00  5.13821E+00
  8.00276E+01  4.05463E+00  4.43829E+00
  8.02753E+01  3.82590E+00  5.08733E+00
  8.05231E+01  2.87661E+00  4.30048E+00
  8.07709E+01  1.92230E+00  5.30874E+00
  8.10186E+01  4.60582E+00  6.69660E+00
  8.12664E+01  6.80101E+00  5.55973E+00
  8.15142E+01  4.40905E+00  1.99519E+00
  8.17619E+01  5.14076E-01  5.08942E+00
  8.20097E+01 -9.02442E-01  3.61225E+00
  8.22575E+01 -2.14987E+00  1.33667E+00
  8.25052E+01 -3.23264E+00  4.09823E+00
  8.27530E+01 -1.69378E+00  5.40489E+00
  8.30007E+01  2.89425E+00  3.55227E+00
  8.32485E+01  4.61045E+00  5.28221E+00
  8.34963E+01  3.34507E+00  6.12525E+00
  8.37440E+01  1.89637E+00  2.36078E+00
  8.39918E+01  2.90248E-01  4.31625E+00
  8.42396E+01 -1.26812E+00  4.48882E+00
  8.44873E+01 -2.75714E+00  3.58715E+00
  8.47351E+01 -1.74017E+00  4.32968E+00
  8.49829E+01 -1.43393E+00  1.99741E+00
  8.52306E+01 -2.60393E+00  4.22848E+00
  8.54784E+01  6.64761E-01  3.48742E+00
  8.57261E+01  2.31736E+00  4.50332E+00
  8.59739E+01  9.43651E-02  5.64628E+00
  8.62217E+01 -9.32348E-01  3.68510E+00
  8.64694E+01 -1.60353E+00  3.36367E+00
  8.67172E+01 -1.65030E+00  4.53166E+00
  8.69650E+01  3.06549E+00  3.57456E+00
  8.72127E+01  5.32633E+00  6.32005E+00
  8.74605E+01  2.24499E+00  4.07633E+00
  8.77082E+01  8.40592E-01  5.51608E+00
  8.79560E+01 -2.04848E+00  2.48708E+00
  8.82038E+01 -6.86777E+00  5.67435E-01
  8.84515E+01 -8.90477E+00  8.84590E-02
  8.86993E+01 -7.93469E+00  8.80568E-02
  8.89471E+01 -6.05201E+00  1.28680E+00
  8.91948E+01 -2.79835E+00  5.61902E+00
  8.94426E+01  7.44270E-01  3.86801E+00
  8.96904E+01  2.89265E+00  4.75008E+00
  8.99381E+01  3.47864E+00  5.93314E+00
  9.01859E+01  2.21050E+00  5.08676E+00
  9.04336E+01  1.21283E-01  3.66905E+00
  9.06814E+01 -2.28208E+00  1.34867E+00
  9.09292E+01 -4.10532E+00  4.57228E+00
  9.11769E+01 -4.47867E+00  3.76197E+00
  9.14247E+01 -3.45617E+00  1.44522E+00
  9.16725E+01 -2.51454E+00  4.73944E+00
  9.19202E+01 -1.68883E+00  3.85829E+00
  9.21680E+01  1.63214E-01  4.85060E+00
  9.24158E+01  1.29668E+00  5.04809E+00
  9.26635E+01 -8.82286E-01  3.83549E+00
  9.29113E+01 -5.15278E+00  1.60836E+00
  9.31590E+01 -6.69974E+00  3.30374E+00
  9.34068E+01 -4.48420E+00  1.93849E+00
  9.36546E+01 -3.55057E+00  4.91350E+00
  9.39023E+01 -4.12530E+00  1.76360E+00
  9.41501E+01 -4.86235E+00  7.95933E-01
  9.43979E+01 -3.47504E+00  4.89180E+00
  9.46456E+01 -1.74653E-01  5.21349E+00
  9.48934E+01  3.09464E+00  3.88441E+00
  9.51411E+01  7.37171E+00  6.92216E+00
  9.53889E+01  9.04800E+00  6.56388E+00
  9.56367E+01  3.98079E+00  5.40086E+00
  9.58844E+01 -1.78579E+00  2.16055E+00
  9.61322E+01 -1.19030E+00  5.91859E+00
  9.63800E+01 -3.66162E-01  4.41434E+00
  9.66277E+01 -7.65075E-01  4.99129E+00
  9.68755E+01 -1.59539E+00  4.12394E+00
  9.71233E+01 -1.66297E+00  3.87522E+00
  9.73710E+01 -4.53689E+00  1.75929E+00
  9.76188E+01 -5.60825E+00  3.60182E+00
  9.78665E+01 -2.03021E+00  5.24582E+00
  9.81143E+01 -4.27228E-01  4.15292E+00
  9.83621E+01 -1.94528E+00  3.85472E+00
  9.86098E+01 -4.75402E+00  3.81908E+00
  9.88576E+01 -3.95951E+00  3.80283E+00
  9.91054E+01  2.87451E+00  4.01317E+00
  9.93531E+01  7.36165E+00  1.04798E+01
  9.96009E+01  4.83440E+00  8.38507E+00
  9.98487E+01  3.80548E+00  7.91212E+00
  1.00096E+02  1.76789E+00  2.68359E+00
  1.00344E+02 -4.14501E+00  7.60936E-02
  1.00592E+02 -5.55635E+00  7.56696E-02
