  0.00000E+00  4.72677E+00  1.30272E+00
  1.00000E-01  4.72242E+00  1.30034E+00
  2.00000E-01  4.71806E+00  1.29795E+00
  3.00000E-01  4.71371E+00  1.29557E+00
  4.00000E-01  4.70938E+00  1.29329E+00
  5.00000E-01  4.70507E+00  1.29094E+00
  6.00000E-01  4.70079E+00  1.28854E+00
  7.00000E-01  4.69653E+00  1.28626E+00
  8.00000E-01  4.69230E+00  1.28402E+00
  9.00000E-01  4.68809E+00  1.28172E+00
  1.00000E+00  4.68390E+00  1.27948E+00
  1.10000E+00  4.67973E+00  1.27728E+00
  1.20000E+00  4.67559E+00  1.27519E+00
  1.30000E+00  4.67147E+00  1.27298E+00
  1.40000E+00  4.66737E+00  1.27066E+00
  1.50000E+00  4.66330E+00  1.26865E+00
  1.60000E+00  4.65924E+00  1.26649E+00
  1.70000E+00  4.65521E+00  1.26426E+00
  1.80000E+00  4.65120E+00  1.26238E+00
  1.90000E+00  4.64721E+00  1.26027E+00
  2.00000E+00  4.64324E+00  1.25806E+00
  2.10000E+00  4.63929E+00  1.25609E+00
  2.20000E+00  4.63536E+00  1.25416E+00
  2.30000E+00  4.63145E+00  1.25214E+00
  2.40000E+00  4.62757E+00  1.25008E+00
  2.50000E+00  4.62370E+00  1.24803E+00
  2.60000E+00  4.61985E+00  1.24614E+00
  2.70000E+00  4.61602E+00  1.24431E+00
  2.80000E+00  4.61222E+00  1.24225E+00
  2.90000E+00  4.60843E+00  1.24026E+00
  3.00000E+00  4.60466E+00  1.23849E+00
  3.10000E+00  4.60091E+00  1.23675E+00
  3.20000E+00  4.59718E+00  1.23480E+00
  3.30000E+00  4.59346E+00  1.23279E+00
  3.40000E+00  4.58977E+00  1.23101E+00
  3.50000E+00  4.58609E+00  1.22921E+00
  3.60000E+00  4.58243E+00  1.22744E+00
  3.70000E+00  4.57879E+00  1.22564E+00
  3.80000E+00  4.57517E+00  1.22381E+00
  3.90000E+00  4.57157E+00  1.22210E+00
  4.00000E+00  4.56798E+00  1.22033E+00
  4.10000E+00  4.56441E+00  1.21853E+00
  4.20000E+00  4.56086E+00  1.21685E+00
  4.30000E+00  4.55733E+00  1.21521E+00
  4.40000E+00  4.55381E+00  1.21347E+00
  4.50000E+00  4.55031E+00  1.21163E+00
  4.60000E+00  4.54682E+00  1.20991E+00
  4.70000E+00  4.54336E+00  1.20846E+00
  4.80000E+00  4.53990E+00  1.20692E+00
  4.90000E+00  4.53647E+00  1.20515E+00
  5.00000E+00  4.53305E+00  1.20335E+00
  5.10000E+00  4.52965E+00  1.20167E+00
  5.20000E+00  4.52626E+00  1.20028E+00
  5.30000E+00  4.52289E+00  1.19888E+00
  5.40000E+00  4.51954E+00  1.19719E+00
  5.50000E+00  4.51620E+00  1.19543E+00
  5.60000E+00  4.51287E+00  1.19384E+00
  5.70000E+00  4.50956E+00  1.19233E+00
  5.80000E+00  4.50627E+00  1.19086E+00
  5.90000E+00  4.50299E+00  1.18937E+00
  6.00000E+00  4.49973E+00  1.18777E+00
  6.10000E+00  4.49648E+00  1.18637E+00
  6.20000E+00  4.49325E+00  1.18501E+00
  6.30000E+00  4.49003E+00  1.18326E+00
  6.40000E+00  4.48682E+00  1.18167E+00
  6.50000E+00  4.48363E+00  1.18059E+00
  6.60000E+00  4.48045E+00  1.17908E+00
  6.70000E+00  4.47729E+00  1.17738E+00
  6.80000E+00  4.47414E+00  1.17607E+00
  6.90000E+00  4.47101E+00  1.17466E+00
  7.00000E+00  4.46789E+00  1.17326E+00
  7.10000E+00  4.46478E+00  1.17188E+00
  7.20000E+00  4.46169E+00  1.17042E+00
  7.30000E+00  4.45861E+00  1.16907E+00
  7.40000E+00  4.45554E+00  1.16768E+00
  7.50000E+00  4.45249E+00  1.16628E+00
  7.60000E+00  4.44945E+00  1.16495E+00
  7.70000E+00  4.44642E+00  1.16366E+00
  7.80000E+00  4.44341E+00  1.16229E+00
  7.90000E+00  4.44041E+00  1.16090E+00
  8.00000E+00  4.43742E+00  1.15955E+00
  8.10000E+00  4.43444E+00  1.15823E+00
  8.20000E+00  4.43148E+00  1.15717E+00
  8.30000E+00  4.42853E+00  1.15584E+00
  8.40000E+00  4.42559E+00  1.15433E+00
  8.50000E+00  4.42267E+00  1.15314E+00
  8.60000E+00  4.41975E+00  1.15185E+00
  8.70000E+00  4.41685E+00  1.15059E+00
  8.80000E+00  4.41396E+00  1.14944E+00
  8.90000E+00  4.41109E+00  1.14804E+00
  9.00000E+00  4.40822E+00  1.14680E+00
  9.10000E+00  4.40537E+00  1.14572E+00
  9.20000E+00  4.40253E+00  1.14443E+00
  9.30000E+00  4.39970E+00  1.14319E+00
  9.40000E+00  4.39688E+00  1.14203E+00
  9.50000E+00  4.39407E+00  1.14074E+00
  9.60000E+00  4.39127E+00  1.13955E+00
  9.70000E+00  4.38849E+00  1.13839E+00
  9.80000E+00  4.38572E+00  1.13723E+00
  9.90000E+00  4.38296E+00  1.13617E+00
  1.00000E+01  4.38020E+00  1.13493E+00
  1.01000E+01  4.37746E+00  1.13364E+00
  1.02000E+01  4.37474E+00  1.13260E+00
  1.03000E+01  4.37202E+00  1.13148E+00
  1.04000E+01  4.36931E+00  1.13032E+00
  1.05000E+01  4.36661E+00  1.12929E+00
  1.06000E+01  4.36393E+00  1.12804E+00
  1.07000E+01  4.36125E+00  1.12686E+00
  1.08000E+01  4.35859E+00  1.12592E+00
  1.09000E+01  4.35593E+00  1.12487E+00
  1.10000E+01  4.35329E+00  1.12364E+00
  1.11000E+01  4.35066E+00  1.12248E+00
  1.12000E+01  4.34803E+00  1.12143E+00
  1.13000E+01  4.34542E+00  1.12031E+00
  1.14000E+01  4.34282E+00  1.11930E+00
  1.15000E+01  4.34022E+00  1.11844E+00
  1.16000E+01  4.33764E+00  1.11723E+00
  1.17000E+01  4.33507E+00  1.11603E+00
  1.18000E+01  4.33250E+00  1.11511E+00
  1.19000E+01  4.32995E+00  1.11415E+00
  1.20000E+01  4.32740E+00  1.11312E+00
  1.21000E+01  4.32487E+00  1.11202E+00
  1.22000E+01  4.32234E+00  1.11091E+00
  1.23000E+01  4.31983E+00  1.10993E+00
  1.24000E+01  4.31732E+00  1.10908E+00
  1.25000E+01  4.31482E+00  1.10802E+00
  1.26000E+01  4.31234E+00  1.10687E+00
  1.27000E+01  4.30986E+00  1.10595E+00
  1.28000E+01  4.30739E+00  1.10504E+00
  1.29000E+01  4.30493E+00  1.10400E+00
  1.30000E+01  4.30248E+00  1.10313E+00
  1.31000E+01  4.30003E+00  1.10204E+00
  1.32000E+01  4.29760E+00  1.10095E+00
  1.33000E+01  4.29518E+00  1.10026E+00
  1.34000E+01  4.29276E+00  1.09922E+00
  1.35000E+01  4.29036E+00  1.09822E+00
  1.36000E+01  4.28796E+00  1.09735E+00
  1.37000E+01  4.28557E+00  1.09633E+00
  1.38000E+01  4.28319E+00  1.09541E+00
  1.39000E+01  4.28082E+00  1.09449E+00
  1.40000E+01  4.27845E+00  1.09350E+00
  1.41000E+01  4.27610E+00  1.09268E+00
  1.42000E+01  4.27375E+00  1.09180E+00
  1.43000E+01  4.27141E+00  1.09081E+00
  1.44000E+01  4.26908E+00  1.09000E+00
  1.45000E+01  4.26676E+00  1.08902E+00
  1.46000E+01  4.26445E+00  1.08805E+00
  1.47000E+01  4.26214E+00  1.08732E+00
  1.48000E+01  4.25984E+00  1.08646E+00
  1.49000E+01  4.25755E+00  1.08540E+00
  1.50000E+01  4.25527E+00  1.08458E+00
  1.51000E+01  4.25300E+00  1.08379E+00
  1.52000E+01  4.25073E+00  1.08282E+00
  1.53000E+01  4.24847E+00  1.08196E+00
  1.54000E+01  4.24622E+00  1.08110E+00
  1.55000E+01  4.24398E+00  1.08041E+00
  1.56000E+01  4.24175E+00  1.07963E+00
  1.57000E+01  4.23952E+00  1.07857E+00
  1.58000E+01  4.23730E+00  1.07761E+00
  1.59000E+01  4.23509E+00  1.07685E+00
  1.60000E+01  4.23289E+00  1.07627E+00
  1.61000E+01  4.23069E+00  1.07532E+00
  1.62000E+01  4.22850E+00  1.07438E+00
  1.63000E+01  4.22632E+00  1.07372E+00
  1.64000E+01  4.22414E+00  1.07285E+00
  1.65000E+01  4.22198E+00  1.07206E+00
  1.66000E+01  4.21982E+00  1.07117E+00
  1.67000E+01  4.21766E+00  1.07037E+00
  1.68000E+01  4.21552E+00  1.06960E+00
  1.69000E+01  4.21338E+00  1.06877E+00
  1.70000E+01  4.21125E+00  1.06813E+00
  1.71000E+01  4.20912E+00  1.06716E+00
  1.72000E+01  4.20701E+00  1.06641E+00
  1.73000E+01  4.20489E+00  1.06590E+00
  1.74000E+01  4.20279E+00  1.06495E+00
  1.75000E+01  4.20070E+00  1.06407E+00
  1.76000E+01  4.19861E+00  1.06331E+00
  1.77000E+01  4.19652E+00  1.06258E+00
  1.78000E+01  4.19445E+00  1.06188E+00
  1.79000E+01  4.19238E+00  1.06103E+00
  1.80000E+01  4.19031E+00  1.06046E+00
  1.81000E+01  4.18826E+00  1.05981E+00
  1.82000E+01  4.18621E+00  1.05873E+00
  1.83000E+01  4.18417E+00  1.05790E+00
  1.84000E+01  4.18213E+00  1.05729E+00
  1.85000E+01  4.18010E+00  1.05677E+00
  1.86000E+01  4.17808E+00  1.05609E+00
  1.87000E+01  4.17606E+00  1.05504E+00
  1.88000E+01  4.17405E+00  1.05442E+00
  1.89000E+01  4.17205E+00  1.05392E+00
  1.90000E+01  4.17005E+00  1.05299E+00
  1.91000E+01  4.16806E+00  1.05220E+00
  1.92000E+01  4.16607E+00  1.05165E+00
  1.93000E+01  4.16409E+00  1.05091E+00
  1.94000E+01  4.16212E+00  1.05021E+00
  1.95000E+01  4.16015E+00  1.04960E+00
  1.96000E+01  4.15819E+00  1.04885E+00
  1.97000E+01  4.15624E+00  1.04801E+00
  1.98000E+01  4.15429E+00  1.04730E+00
  1.99000E+01  4.15235E+00  1.04675E+00
  2.00000E+01  4.15041E+00  1.04609E+00
  2.01000E+01  4.14848E+00  1.04538E+00
  2.02000E+01  4.14656E+00  1.04472E+00
  2.03000E+01  4.14464E+00  1.04411E+00
  2.04000E+01  4.14272E+00  1.04314E+00
  2.05000E+01  4.14082E+00  1.04259E+00
  2.06000E+01  4.13892E+00  1.04238E+00
  2.07000E+01  4.13702E+00  1.04131E+00
  2.08000E+01  4.13513E+00  1.04046E+00
  2.09000E+01  4.13325E+00  1.04011E+00
  2.10000E+01  4.13137E+00  1.03945E+00
  2.11000E+01  4.12950E+00  1.03864E+00
  2.12000E+01  4.12763E+00  1.03802E+00
  2.13000E+01  4.12577E+00  1.03758E+00
  2.14000E+01  4.12391E+00  1.03686E+00
  2.15000E+01  4.12206E+00  1.03610E+00
  2.16000E+01  4.12022E+00  1.03543E+00
  2.17000E+01  4.11838E+00  1.03486E+00
  2.18000E+01  4.11655E+00  1.03427E+00
  2.19000E+01  4.11472E+00  1.03353E+00
  2.20000E+01  4.11289E+00  1.03306E+00
  2.21000E+01  4.11108E+00  1.03251E+00
  2.22000E+01  4.10926E+00  1.03185E+00
  2.23000E+01  4.10746E+00  1.03102E+00
  2.24000E+01  4.10566E+00  1.03036E+00
  2.25000E+01  4.10386E+00  1.03011E+00
  2.26000E+01  4.10207E+00  1.02936E+00
  2.27000E+01  4.10028E+00  1.02858E+00
  2.28000E+01  4.09850E+00  1.02829E+00
  2.29000E+01  4.09673E+00  1.02752E+00
  2.30000E+01  4.09496E+00  1.02665E+00
  2.31000E+01  4.09319E+00  1.02634E+00
  2.32000E+01  4.09143E+00  1.02580E+00
  2.33000E+01  4.08967E+00  1.02510E+00
  2.34000E+01  4.08792E+00  1.02451E+00
  2.35000E+01  4.08618E+00  1.02398E+00
  2.36000E+01  4.08444E+00  1.02348E+00
  2.37000E+01  4.08270E+00  1.02271E+00
  2.38000E+01  4.08097E+00  1.02200E+00
  2.39000E+01  4.07925E+00  1.02167E+00
  2.40000E+01  4.07753E+00  1.02111E+00
  2.41000E+01  4.07581E+00  1.02048E+00
  2.42000E+01  4.07410E+00  1.02009E+00
  2.43000E+01  4.07239E+00  1.01925E+00
  2.44000E+01  4.07069E+00  1.01868E+00
  2.45000E+01  4.06899E+00  1.01843E+00
  2.46000E+01  4.06730E+00  1.01765E+00
  2.47000E+01  4.06561E+00  1.01704E+00
  2.48000E+01  4.06393E+00  1.01653E+00
  2.49000E+01  4.06225E+00  1.01589E+00
  2.50000E+01  4.06058E+00  1.01550E+00
  2.51000E+01  4.05891E+00  1.01487E+00
  2.52000E+01  4.05725E+00  1.01432E+00
  2.53000E+01  4.05559E+00  1.01399E+00
  2.54000E+01  4.05393E+00  1.01333E+00
  2.55000E+01  4.05228E+00  1.01266E+00
  2.56000E+01  4.05064E+00  1.01209E+00
  2.57000E+01  4.04900E+00  1.01164E+00
  2.58000E+01  4.04736E+00  1.01106E+00
  2.59000E+01  4.04573E+00  1.01067E+00
  2.60000E+01  4.04410E+00  1.01030E+00
  2.61000E+01  4.04247E+00  1.00933E+00
  2.62000E+01  4.04085E+00  1.00872E+00
  2.63000E+01  4.03924E+00  1.00863E+00
  2.64000E+01  4.03763E+00  1.00803E+00
  2.65000E+01  4.03602E+00  1.00746E+00
  2.66000E+01  4.03442E+00  1.00713E+00
  2.67000E+01  4.03282E+00  1.00624E+00
  2.68000E+01  4.03123E+00  1.00588E+00
  2.69000E+01  4.02964E+00  1.00561E+00
  2.70000E+01  4.02805E+00  1.00483E+00
  2.71000E+01  4.02647E+00  1.00434E+00
  2.72000E+01  4.02490E+00  1.00380E+00
  2.73000E+01  4.02332E+00  1.00313E+00
  2.74000E+01  4.02176E+00  1.00286E+00
  2.75000E+01  4.02019E+00  1.00266E+00
  2.76000E+01  4.01863E+00  1.00198E+00
  2.77000E+01  4.01707E+00  1.00136E+00
  2.78000E+01  4.01552E+00  1.00079E+00
  2.79000E+01  4.01397E+00  1.00018E+00
  2.80000E+01  4.01243E+00  1.00009E+00
  2.81000E+01  4.01089E+00  9.99592E-01
  2.82000E+01  4.00935E+00  9.98729E-01
  2.83000E+01  4.00782E+00  9.98486E-01
  2.84000E+01  4.00629E+00  9.98050E-01
  2.85000E+01  4.00477E+00  9.97365E-01
  2.86000E+01  4.00325E+00  9.96940E-01
  2.87000E+01  4.00173E+00  9.96660E-01
  2.88000E+01  4.00022E+00  9.96185E-01
  2.89000E+01  3.99871E+00  9.95563E-01
  2.90000E+01  3.99721E+00  9.95021E-01
  2.91000E+01  3.99571E+00  9.94669E-01
  2.92000E+01  3.99421E+00  9.94184E-01
  2.93000E+01  3.99272E+00  9.93712E-01
  2.94000E+01  3.99123E+00  9.93256E-01
  2.95000E+01  3.98974E+00  9.92576E-01
  2.96000E+01  3.98826E+00  9.92461E-01
  2.97000E+01  3.98678E+00  9.91987E-01
  2.98000E+01  3.98531E+00  9.91192E-01
  2.99000E+01  3.98383E+00  9.91089E-01
  3.00000E+01  3.98237E+00  9.90514E-01
  3.01000E+01  3.98090E+00  9.89711E-01
  3.02000E+01  3.97944E+00  9.89625E-01
  3.03000E+01  3.97799E+00  9.89363E-01
  3.04000E+01  3.97653E+00  9.88873E-01
  3.05000E+01  3.97509E+00  9.88306E-01
  3.06000E+01  3.97364E+00  9.87603E-01
  3.07000E+01  3.97220E+00  9.87293E-01
  3.08000E+01  3.97076E+00  9.87004E-01
  3.09000E+01  3.96932E+00  9.86582E-01
  3.10000E+01  3.96789E+00  9.86167E-01
  3.11000E+01  3.96647E+00  9.85573E-01
  3.12000E+01  3.96504E+00  9.84898E-01
  3.13000E+01  3.96362E+00  9.84585E-01
  3.14000E+01  3.96220E+00  9.84548E-01
  3.15000E+01  3.96079E+00  9.83824E-01
  3.16000E+01  3.95938E+00  9.83265E-01
  3.17000E+01  3.95797E+00  9.83340E-01
  3.18000E+01  3.95657E+00  9.82589E-01
  3.19000E+01  3.95517E+00  9.82211E-01
  3.20000E+01  3.95377E+00  9.81881E-01
  3.21000E+01  3.95238E+00  9.80892E-01
  3.22000E+01  3.95099E+00  9.80857E-01
  3.23000E+01  3.94960E+00  9.80787E-01
  3.24000E+01  3.94822E+00  9.79983E-01
  3.25000E+01  3.94684E+00  9.79420E-01
  3.26000E+01  3.94546E+00  9.79323E-01
  3.27000E+01  3.94408E+00  9.79210E-01
  3.28000E+01  3.94271E+00  9.78571E-01
  3.29000E+01  3.94135E+00  9.77705E-01
  3.30000E+01  3.93998E+00  9.77340E-01
  3.31000E+01  3.93862E+00  9.77208E-01
  3.32000E+01  3.93726E+00  9.77015E-01
  3.33000E+01  3.93591E+00  9.76472E-01
  3.34000E+01  3.93456E+00  9.75790E-01
  3.35000E+01  3.93321E+00  9.75694E-01
  3.36000E+01  3.93187E+00  9.75123E-01
  3.37000E+01  3.93052E+00  9.74640E-01
  3.38000E+01  3.92919E+00  9.74689E-01
  3.39000E+01  3.92785E+00  9.73846E-01
  3.40000E+01  3.92652E+00  9.73386E-01
  3.41000E+01  3.92519E+00  9.73384E-01
  3.42000E+01  3.92386E+00  9.72793E-01
  3.43000E+01  3.92254E+00  9.72385E-01
  3.44000E+01  3.92122E+00  9.71944E-01
  3.45000E+01  3.91990E+00  9.71566E-01
  3.46000E+01  3.91859E+00  9.71432E-01
  3.47000E+01  3.91728E+00  9.70684E-01
  3.48000E+01  3.91597E+00  9.70299E-01
  3.49000E+01  3.91466E+00  9.70324E-01
  3.50000E+01  3.91336E+00  9.69763E-01
  3.51000E+01  3.91206E+00  9.69421E-01
  3.52000E+01  3.91077E+00  9.68919E-01
  3.53000E+01  3.90947E+00  9.68481E-01
  3.54000E+01  3.90818E+00  9.68264E-01
  3.55000E+01  3.90690E+00  9.67793E-01
  3.56000E+01  3.90561E+00  9.67401E-01
  3.57000E+01  3.90433E+00  9.67024E-01
  3.58000E+01  3.90305E+00  9.66667E-01
  3.59000E+01  3.90178E+00  9.66468E-01
  3.60000E+01  3.90050E+00  9.66138E-01
  3.61000E+01  3.89923E+00  9.65277E-01
  3.62000E+01  3.89797E+00  9.64999E-01
  3.63000E+01  3.89670E+00  9.64999E-01
  3.64000E+01  3.89544E+00  9.64646E-01
  3.65000E+01  3.89418E+00  9.64208E-01
  3.66000E+01  3.89292E+00  9.63558E-01
  3.67000E+01  3.89167E+00  9.63305E-01
  3.68000E+01  3.89042E+00  9.63200E-01
  3.69000E+01  3.88917E+00  9.62766E-01
  3.70000E+01  3.88793E+00  9.62319E-01
  3.71000E+01  3.88669E+00  9.61924E-01
  3.72000E+01  3.88545E+00  9.61565E-01
  3.73000E+01  3.88421E+00  9.61241E-01
  3.74000E+01  3.88298E+00  9.60985E-01
  3.75000E+01  3.88174E+00  9.60527E-01
  3.76000E+01  3.88052E+00  9.59989E-01
  3.77000E+01  3.87929E+00  9.59968E-01
  3.78000E+01  3.87807E+00  9.59778E-01
  3.79000E+01  3.87685E+00  9.59058E-01
  3.80000E+01  3.87563E+00  9.58598E-01
  3.81000E+01  3.87441E+00  9.58416E-01
  3.82000E+01  3.87320E+00  9.58344E-01
  3.83000E+01  3.87199E+00  9.57966E-01
  3.84000E+01  3.87078E+00  9.57052E-01
  3.85000E+01  3.86958E+00  9.56781E-01
  3.86000E+01  3.86838E+00  9.56969E-01
  3.87000E+01  3.86718E+00  9.56429E-01
  3.88000E+01  3.86598E+00  9.55894E-01
  3.89000E+01  3.86478E+00  9.56013E-01
  3.90000E+01  3.86359E+00  9.55360E-01
  3.91000E+01  3.86240E+00  9.54835E-01
  3.92000E+01  3.86122E+00  9.54883E-01
  3.93000E+01  3.86003E+00  9.54442E-01
  3.94000E+01  3.85885E+00  9.54233E-01
  3.95000E+01  3.85767E+00  9.53581E-01
  3.96000E+01  3.85649E+00  9.52991E-01
  3.97000E+01  3.85532E+00  9.53015E-01
  3.98000E+01  3.85415E+00  9.52992E-01
  3.99000E+01  3.85298E+00  9.52688E-01
  4.00000E+01  3.85181E+00  9.52044E-01
  4.01000E+01  3.85065E+00  9.51550E-01
  4.02000E+01  3.84948E+00  9.51336E-01
  4.03000E+01  3.84832E+00  9.51090E-01
  4.04000E+01  3.84717E+00  9.50594E-01
  4.05000E+01  3.84601E+00  9.50344E-01
  4.06000E+01  3.84486E+00  9.50232E-01
  4.07000E+01  3.84371E+00  9.50087E-01
  4.08000E+01  3.84256E+00  9.49819E-01
  4.09000E+01  3.84142E+00  9.48931E-01
  4.10000E+01  3.84027E+00  9.48569E-01
  4.11000E+01  3.83913E+00  9.48752E-01
  4.12000E+01  3.83799E+00  9.48309E-01
  4.13000E+01  3.83686E+00  9.47760E-01
  4.14000E+01  3.83572E+00  9.47573E-01
  4.15000E+01  3.83459E+00  9.47473E-01
  4.16000E+01  3.83346E+00  9.46740E-01
  4.17000E+01  3.83234E+00  9.46522E-01
  4.18000E+01  3.83121E+00  9.46710E-01
  4.19000E+01  3.83009E+00  9.45941E-01
  4.20000E+01  3.82897E+00  9.45482E-01
  4.21000E+01  3.82785E+00  9.45469E-01
  4.22000E+01  3.82674E+00  9.45354E-01
  4.23000E+01  3.82562E+00  9.44862E-01
  4.24000E+01  3.82451E+00  9.44452E-01
  4.25000E+01  3.82341E+00  9.44189E-01
  4.26000E+01  3.82230E+00  9.43782E-01
  4.27000E+01  3.82119E+00  9.43535E-01
  4.28000E+01  3.82009E+00  9.43588E-01
  4.29000E+01  3.81899E+00  9.43187E-01
  4.30000E+01  3.81790E+00  9.42212E-01
  4.31000E+01  3.81680E+00  9.42454E-01
  4.32000E+01  3.81571E+00  9.42233E-01
  4.33000E+01  3.81462E+00  9.41574E-01
  4.34000E+01  3.81353E+00  9.41554E-01
  4.35000E+01  3.81244E+00  9.41287E-01
  4.36000E+01  3.81136E+00  9.41368E-01
  4.37000E+01  3.81027E+00  9.40647E-01
  4.38000E+01  3.80919E+00  9.39914E-01
  4.39000E+01  3.80812E+00  9.39965E-01
  4.40000E+01  3.80704E+00  9.39649E-01
  4.41000E+01  3.80597E+00  9.39305E-01
  4.42000E+01  3.80490E+00  9.39473E-01
  4.43000E+01  3.80383E+00  9.39394E-01
  4.44000E+01  3.80276E+00  9.38193E-01
  4.45000E+01  3.80169E+00  9.37807E-01
  4.46000E+01  3.80063E+00  9.38350E-01
  4.47000E+01  3.79957E+00  9.38194E-01
  4.48000E+01  3.79851E+00  9.37559E-01
  4.49000E+01  3.79745E+00  9.36956E-01
  4.50000E+01  3.79640E+00  9.36647E-01
  4.51000E+01  3.79534E+00  9.36146E-01
  4.52000E+01  3.79429E+00  9.36151E-01
  4.53000E+01  3.79324E+00  9.36663E-01
  4.54000E+01  3.79220E+00  9.35946E-01
  4.55000E+01  3.79115E+00  9.35159E-01
  4.56000E+01  3.79011E+00  9.35220E-01
  4.57000E+01  3.78907E+00  9.35249E-01
  4.58000E+01  3.78803E+00  9.34826E-01
  4.59000E+01  3.78699E+00  9.33915E-01
  4.60000E+01  3.78596E+00  9.33877E-01
  4.61000E+01  3.78493E+00  9.33958E-01
  4.62000E+01  3.78390E+00  9.33375E-01
  4.63000E+01  3.78287E+00  9.33417E-01
  4.64000E+01  3.78184E+00  9.33137E-01
  4.65000E+01  3.78081E+00  9.32658E-01
  4.66000E+01  3.77979E+00  9.32511E-01
  4.67000E+01  3.77877E+00  9.32095E-01
  4.68000E+01  3.77775E+00  9.31845E-01
  4.69000E+01  3.77673E+00  9.31782E-01
  4.70000E+01  3.77572E+00  9.31429E-01
  4.71000E+01  3.77470E+00  9.31028E-01
  4.72000E+01  3.77369E+00  9.30830E-01
  4.73000E+01  3.77268E+00  9.30540E-01
  4.74000E+01  3.77168E+00  9.30158E-01
  4.75000E+01  3.77067E+00  9.30004E-01
  4.76000E+01  3.76967E+00  9.30059E-01
  4.77000E+01  3.76866E+00  9.29412E-01
  4.78000E+01  3.76766E+00  9.29175E-01
  4.79000E+01  3.76666E+00  9.29166E-01
  4.80000E+01  3.76567E+00  9.28514E-01
  4.81000E+01  3.76467E+00  9.28869E-01
  4.82000E+01  3.76368E+00  9.28224E-01
  4.83000E+01  3.76269E+00  9.27438E-01
  4.84000E+01  3.76170E+00  9.28061E-01
  4.85000E+01  3.76071E+00  9.27543E-01
  4.86000E+01  3.75973E+00  9.26797E-01
  4.87000E+01  3.75874E+00  9.26540E-01
  4.88000E+01  3.75776E+00  9.26716E-01
  4.89000E+01  3.75678E+00  9.26772E-01
  4.90000E+01  3.75580E+00  9.26289E-01
  4.91000E+01  3.75483E+00  9.26023E-01
  4.92000E+01  3.75385E+00  9.25409E-01
  4.93000E+01  3.75288E+00  9.25057E-01
  4.94000E+01  3.75191E+00  9.25243E-01
  4.95000E+01  3.75094E+00  9.24992E-01
  4.96000E+01  3.74997E+00  9.24739E-01
  4.97000E+01  3.74901E+00  9.24359E-01
  4.98000E+01  3.74804E+00  9.24063E-01
  4.99000E+01  3.74708E+00  9.23767E-01
  5.00000E+01  3.74611E+00  9.23472E-01
