  0.00000E+00 -4.38811E-02
  1.00000E-01 -4.38086E-02
  2.00000E-01 -4.37362E-02
  3.00000E-01 -4.36637E-02
  4.00000E-01 -4.35919E-02
  5.00000E-01 -4.35208E-02
  6.00000E-01 -4.34504E-02
  7.00000E-01 -4.33807E-02
  8.00000E-01 -4.33116E-02
  9.00000E-01 -4.32432E-02
  1.00000E+00 -4.31754E-02
  1.10000E+00 -4.31082E-02
  1.20000E+00 -4.30416E-02
  1.30000E+00 -4.29757E-02
  1.40000E+00 -4.29103E-02
  1.50000E+00 -4.28455E-02
  1.60000E+00 -4.27813E-02
  1.70000E+00 -4.27177E-02
  1.80000E+00 -4.26546E-02
  1.90000E+00 -4.25921E-02
  2.00000E+00 -4.25301E-02
  2.10000E+00 -4.24686E-02
  2.20000E+00 -4.24077E-02
  2.30000E+00 -4.23473E-02
  2.40000E+00 -4.22874E-02
  2.50000E+00 -4.22280E-02
  2.60000E+00 -4.21691E-02
  2.70000E+00 -4.21107E-02
  2.80000E+00 -4.20527E-02
  2.90000E+00 -4.19953E-02
  3.00000E+00 -4.19383E-02
  3.10000E+00 -4.18817E-02
  3.20000E+00 -4.18256E-02
  3.30000E+00 -4.17700E-02
  3.40000E+00 -4.17148E-02
  3.50000E+00 -4.16600E-02
  3.60000E+00 -4.16056E-02
  3.70000E+00 -4.15517E-02
  3.80000E+00 -4.14982E-02
  3.90000E+00 -4.14451E-02
  4.00000E+00 -4.13924E-02
  4.10000E+00 -4.13401E-02
  4.20000E+00 -4.12882E-02
  4.30000E+00 -4.12367E-02
  4.40000E+00 -4.11856E-02
  4.50000E+00 -4.11348E-02
  4.60000E+00 -4.10844E-02
  4.70000E+00 -4.10344E-02
  4.80000E+00 -4.09848E-02
  4.90000E+00 -4.09355E-02
  5.00000E+00 -4.08865E-02
  5.10000E+00 -4.08379E-02
  5.20000E+00 -4.07897E-02
  5.30000E+00 -4.07418E-02
  5.40000E+00 -4.06942E-02
  5.50000E+00 -4.06470E-02
  5.60000E+00 -4.06001E-02
  5.70000E+00 -4.05535E-02
  5.80000E+00 -4.05072E-02
  5.90000E+00 -4.04613E-02
  6.00000E+00 -4.04156E-02
  6.10000E+00 -4.03703E-02
  6.20000E+00 -4.03253E-02
  6.30000E+00 -4.02806E-02
  6.40000E+00 -4.02361E-02
  6.50000E+00 -4.01920E-02
  6.60000E+00 -4.01481E-02
  6.70000E+00 -4.01046E-02
  6.80000E+00 -4.00613E-02
  6.90000E+00 -4.00183E-02
  7.00000E+00 -3.99756E-02
  7.10000E+00 -3.99331E-02
  7.20000E+00 -3.98910E-02
  7.30000E+00 -3.98491E-02
  7.40000E+00 -3.98074E-02
  7.50000E+00 -3.97660E-02
  7.60000E+00 -3.97249E-02
  7.70000E+00 -3.96840E-02
  7.80000E+00 -3.96434E-02
  7.90000E+00 -3.96030E-02
  8.00000E+00 -3.95629E-02
  8.10000E+00 -3.95230E-02
  8.20000E+00 -3.94834E-02
  8.30000E+00 -3.94440E-02
  8.40000E+00 -3.94048E-02
  8.50000E+00 -3.93659E-02
  8.60000E+00 -3.93272E-02
  8.70000E+00 -3.92887E-02
  8.80000E+00 -3.92505E-02
  8.90000E+00 -3.92125E-02
  9.00000E+00 -3.91747E-02
  9.10000E+00 -3.91371E-02
  9.20000E+00 -3.90997E-02
  9.30000E+00 -3.90626E-02
  9.40000E+00 -3.90256E-02
  9.50000E+00 -3.89889E-02
  9.60000E+00 -3.89524E-02
  9.70000E+00 -3.89161E-02
  9.80000E+00 -3.88800E-02
  9.90000E+00 -3.88441E-02
  1.00000E+01 -3.88083E-02
  1.01000E+01 -3.87728E-02
  1.02000E+01 -3.87375E-02
  1.03000E+01 -3.87024E-02
  1.04000E+01 -3.86675E-02
  1.05000E+01 -3.86327E-02
  1.06000E+01 -3.85982E-02
  1.07000E+01 -3.85638E-02
  1.08000E+01 -3.85296E-02
  1.09000E+01 -3.84956E-02
  1.10000E+01 -3.84618E-02
  1.11000E+01 -3.84281E-02
  1.12000E+01 -3.83947E-02
  1.13000E+01 -3.83614E-02
  1.14000E+01 -3.83283E-02
  1.15000E+01 -3.82953E-02
  1.16000E+01 -3.82625E-02
  1.17000E+01 -3.82299E-02
  1.18000E+01 -3.81975E-02
  1.19000E+01 -3.81652E-02
  1.20000E+01 -3.81331E-02
  1.21000E+01 -3.81012E-02
  1.22000E+01 -3.80694E-02
  1.23000E+01 -3.80377E-02
  1.24000E+01 -3.80063E-02
  1.25000E+01 -3.79750E-02
  1.26000E+01 -3.79438E-02
  1.27000E+01 -3.79128E-02
  1.28000E+01 -3.78819E-02
  1.29000E+01 -3.78512E-02
  1.30000E+01 -3.78207E-02
  1.31000E+01 -3.77903E-02
  1.32000E+01 -3.77600E-02
  1.33000E+01 -3.77299E-02
  1.34000E+01 -3.77000E-02
  1.35000E+01 -3.76701E-02
  1.36000E+01 -3.76405E-02
  1.37000E+01 -3.76109E-02
  1.38000E+01 -3.75815E-02
  1.39000E+01 -3.75523E-02
  1.40000E+01 -3.75231E-02
  1.41000E+01 -3.74941E-02
  1.42000E+01 -3.74653E-02
  1.43000E+01 -3.74366E-02
  1.44000E+01 -3.74080E-02
  1.45000E+01 -3.73795E-02
  1.46000E+01 -3.73512E-02
  1.47000E+01 -3.73230E-02
  1.48000E+01 -3.72949E-02
  1.49000E+01 -3.72670E-02
  1.50000E+01 -3.72392E-02
  1.51000E+01 -3.72115E-02
  1.52000E+01 -3.71839E-02
  1.53000E+01 -3.71564E-02
  1.54000E+01 -3.71291E-02
  1.55000E+01 -3.71019E-02
  1.56000E+01 -3.70748E-02
  1.57000E+01 -3.70479E-02
  1.58000E+01 -3.70210E-02
  1.59000E+01 -3.69943E-02
  1.60000E+01 -3.69677E-02
  1.61000E+01 -3.69412E-02
  1.62000E+01 -3.69148E-02
  1.63000E+01 -3.68885E-02
  1.64000E+01 -3.68623E-02
  1.65000E+01 -3.68363E-02
  1.66000E+01 -3.68103E-02
  1.67000E+01 -3.67845E-02
  1.68000E+01 -3.67588E-02
  1.69000E+01 -3.67332E-02
  1.70000E+01 -3.67077E-02
  1.71000E+01 -3.66823E-02
  1.72000E+01 -3.66570E-02
  1.73000E+01 -3.66318E-02
  1.74000E+01 -3.66067E-02
  1.75000E+01 -3.65817E-02
  1.76000E+01 -3.65568E-02
  1.77000E+01 -3.65321E-02
  1.78000E+01 -3.65074E-02
  1.79000E+01 -3.64828E-02
  1.80000E+01 -3.64583E-02
  1.81000E+01 -3.64339E-02
  1.82000E+01 -3.64096E-02
  1.83000E+01 -3.63855E-02
  1.84000E+01 -3.63614E-02
  1.85000E+01 -3.63374E-02
  1.86000E+01 -3.63135E-02
  1.87000E+01 -3.62897E-02
  1.88000E+01 -3.62659E-02
  1.89000E+01 -3.62423E-02
  1.90000E+01 -3.62188E-02
  1.91000E+01 -3.61954E-02
  1.92000E+01 -3.61720E-02
  1.93000E+01 -3.61488E-02
  1.94000E+01 -3.61256E-02
  1.95000E+01 -3.61025E-02
  1.96000E+01 -3.60795E-02
  1.97000E+01 -3.60566E-02
  1.98000E+01 -3.60338E-02
  1.99000E+01 -3.60111E-02
  2.00000E+01 -3.59884E-02
  2.01000E+01 -3.59659E-02
  2.02000E+01 -3.59434E-02
  2.03000E+01 -3.59210E-02
  2.04000E+01 -3.58987E-02
  2.05000E+01 -3.58765E-02
  2.06000E+01 -3.58543E-02
  2.07000E+01 -3.58323E-02
  2.08000E+01 -3.58103E-02
  2.09000E+01 -3.57884E-02
  2.10000E+01 -3.57666E-02
  2.11000E+01 -3.57448E-02
  2.12000E+01 -3.57232E-02
  2.13000E+01 -3.57016E-02
  2.14000E+01 -3.56801E-02
  2.15000E+01 -3.56586E-02
  2.16000E+01 -3.56373E-02
  2.17000E+01 -3.56160E-02
  2.18000E+01 -3.55948E-02
  2.19000E+01 -3.55737E-02
  2.20000E+01 -3.55526E-02
  2.21000E+01 -3.55317E-02
  2.22000E+01 -3.55108E-02
  2.23000E+01 -3.54899E-02
  2.24000E+01 -3.54692E-02
  2.25000E+01 -3.54485E-02
  2.26000E+01 -3.54279E-02
  2.27000E+01 -3.54073E-02
  2.28000E+01 -3.53869E-02
  2.29000E+01 -3.53665E-02
  2.30000E+01 -3.53461E-02
  2.31000E+01 -3.53259E-02
  2.32000E+01 -3.53057E-02
  2.33000E+01 -3.52856E-02
  2.34000E+01 -3.52655E-02
  2.35000E+01 -3.52455E-02
  2.36000E+01 -3.52256E-02
  2.37000E+01 -3.52058E-02
  2.38000E+01 -3.51860E-02
  2.39000E+01 -3.51662E-02
  2.40000E+01 -3.51466E-02
  2.41000E+01 -3.51270E-02
  2.42000E+01 -3.51075E-02
  2.43000E+01 -3.50880E-02
  2.44000E+01 -3.50686E-02
  2.45000E+01 -3.50493E-02
  2.46000E+01 -3.50300E-02
  2.47000E+01 -3.50108E-02
  2.48000E+01 -3.49917E-02
  2.49000E+01 -3.49726E-02
  2.50000E+01 -3.49536E-02
  2.51000E+01 -3.49346E-02
  2.52000E+01 -3.49157E-02
  2.53000E+01 -3.48969E-02
  2.54000E+01 -3.48781E-02
  2.55000E+01 -3.48594E-02
  2.56000E+01 -3.48407E-02
  2.57000E+01 -3.48221E-02
  2.58000E+01 -3.48036E-02
  2.59000E+01 -3.47851E-02
  2.60000E+01 -3.47667E-02
  2.61000E+01 -3.47483E-02
  2.62000E+01 -3.47300E-02
  2.63000E+01 -3.47117E-02
  2.64000E+01 -3.46935E-02
  2.65000E+01 -3.46754E-02
  2.66000E+01 -3.46573E-02
  2.67000E+01 -3.46393E-02
  2.68000E+01 -3.46213E-02
  2.69000E+01 -3.46034E-02
  2.70000E+01 -3.45855E-02
  2.71000E+01 -3.45677E-02
  2.72000E+01 -3.45500E-02
  2.73000E+01 -3.45322E-02
  2.74000E+01 -3.45146E-02
  2.75000E+01 -3.44970E-02
  2.76000E+01 -3.44795E-02
  2.77000E+01 -3.44620E-02
  2.78000E+01 -3.44445E-02
  2.79000E+01 -3.44272E-02
  2.80000E+01 -3.44098E-02
  2.81000E+01 -3.43925E-02
  2.82000E+01 -3.43753E-02
  2.83000E+01 -3.43581E-02
  2.84000E+01 -3.43410E-02
  2.85000E+01 -3.43239E-02
  2.86000E+01 -3.43069E-02
  2.87000E+01 -3.42899E-02
  2.88000E+01 -3.42730E-02
  2.89000E+01 -3.42561E-02
  2.90000E+01 -3.42393E-02
  2.91000E+01 -3.42225E-02
  2.92000E+01 -3.42057E-02
  2.93000E+01 -3.41891E-02
  2.94000E+01 -3.41724E-02
  2.95000E+01 -3.41558E-02
  2.96000E+01 -3.41393E-02
  2.97000E+01 -3.41228E-02
  2.98000E+01 -3.41063E-02
  2.99000E+01 -3.40899E-02
  3.00000E+01 -3.40736E-02
  3.01000E+01 -3.40572E-02
  3.02000E+01 -3.40410E-02
  3.03000E+01 -3.40248E-02
  3.04000E+01 -3.40086E-02
  3.05000E+01 -3.39924E-02
  3.06000E+01 -3.39764E-02
  3.07000E+01 -3.39603E-02
  3.08000E+01 -3.39443E-02
  3.09000E+01 -3.39284E-02
  3.10000E+01 -3.39125E-02
  3.11000E+01 -3.38966E-02
  3.12000E+01 -3.38808E-02
  3.13000E+01 -3.38650E-02
  3.14000E+01 -3.38492E-02
  3.15000E+01 -3.38336E-02
  3.16000E+01 -3.38179E-02
  3.17000E+01 -3.38023E-02
  3.18000E+01 -3.37867E-02
  3.19000E+01 -3.37712E-02
  3.20000E+01 -3.37557E-02
  3.21000E+01 -3.37403E-02
  3.22000E+01 -3.37249E-02
  3.23000E+01 -3.37095E-02
  3.24000E+01 -3.36942E-02
  3.25000E+01 -3.36789E-02
  3.26000E+01 -3.36637E-02
  3.27000E+01 -3.36485E-02
  3.28000E+01 -3.36333E-02
  3.29000E+01 -3.36182E-02
  3.30000E+01 -3.36031E-02
  3.31000E+01 -3.35881E-02
  3.32000E+01 -3.35731E-02
  3.33000E+01 -3.35581E-02
  3.34000E+01 -3.35432E-02
  3.35000E+01 -3.35283E-02
  3.36000E+01 -3.35134E-02
  3.37000E+01 -3.34986E-02
  3.38000E+01 -3.34839E-02
  3.39000E+01 -3.34691E-02
  3.40000E+01 -3.34544E-02
  3.41000E+01 -3.34398E-02
  3.42000E+01 -3.34252E-02
  3.43000E+01 -3.34106E-02
  3.44000E+01 -3.33960E-02
  3.45000E+01 -3.33815E-02
  3.46000E+01 -3.33670E-02
  3.47000E+01 -3.33526E-02
  3.48000E+01 -3.33382E-02
  3.49000E+01 -3.33238E-02
  3.50000E+01 -3.33095E-02
  3.51000E+01 -3.32952E-02
  3.52000E+01 -3.32810E-02
  3.53000E+01 -3.32667E-02
  3.54000E+01 -3.32526E-02
  3.55000E+01 -3.32384E-02
  3.56000E+01 -3.32243E-02
  3.57000E+01 -3.32102E-02
  3.58000E+01 -3.31962E-02
  3.59000E+01 -3.31821E-02
  3.60000E+01 -3.31682E-02
  3.61000E+01 -3.31542E-02
  3.62000E+01 -3.31403E-02
  3.63000E+01 -3.31264E-02
  3.64000E+01 -3.31126E-02
  3.65000E+01 -3.30988E-02
  3.66000E+01 -3.30850E-02
  3.67000E+01 -3.30712E-02
  3.68000E+01 -3.30575E-02
  3.69000E+01 -3.30438E-02
  3.70000E+01 -3.30302E-02
  3.71000E+01 -3.30166E-02
  3.72000E+01 -3.30030E-02
  3.73000E+01 -3.29894E-02
  3.74000E+01 -3.29759E-02
  3.75000E+01 -3.29624E-02
  3.76000E+01 -3.29490E-02
  3.77000E+01 -3.29356E-02
  3.78000E+01 -3.29222E-02
  3.79000E+01 -3.29088E-02
  3.80000E+01 -3.28955E-02
  3.81000E+01 -3.28822E-02
  3.82000E+01 -3.28689E-02
  3.83000E+01 -3.28557E-02
  3.84000E+01 -3.28425E-02
  3.85000E+01 -3.28293E-02
  3.86000E+01 -3.28162E-02
  3.87000E+01 -3.28030E-02
  3.88000E+01 -3.27900E-02
  3.89000E+01 -3.27769E-02
  3.90000E+01 -3.27639E-02
  3.91000E+01 -3.27509E-02
  3.92000E+01 -3.27379E-02
  3.93000E+01 -3.27250E-02
  3.94000E+01 -3.27121E-02
  3.95000E+01 -3.26992E-02
  3.96000E+01 -3.26863E-02
  3.97000E+01 -3.26735E-02
  3.98000E+01 -3.26607E-02
  3.99000E+01 -3.26480E-02
  4.00000E+01 -3.26352E-02
  4.01000E+01 -3.26225E-02
  4.02000E+01 -3.26098E-02
  4.03000E+01 -3.25972E-02
  4.04000E+01 -3.25846E-02
  4.05000E+01 -3.25720E-02
  4.06000E+01 -3.25594E-02
  4.07000E+01 -3.25469E-02
  4.08000E+01 -3.25344E-02
  4.09000E+01 -3.25219E-02
  4.10000E+01 -3.25094E-02
  4.11000E+01 -3.24970E-02
  4.12000E+01 -3.24846E-02
  4.13000E+01 -3.24722E-02
  4.14000E+01 -3.24599E-02
  4.15000E+01 -3.24475E-02
  4.16000E+01 -3.24352E-02
  4.17000E+01 -3.24230E-02
  4.18000E+01 -3.24107E-02
  4.19000E+01 -3.23985E-02
  4.20000E+01 -3.23863E-02
  4.21000E+01 -3.23742E-02
  4.22000E+01 -3.23620E-02
  4.23000E+01 -3.23499E-02
  4.24000E+01 -3.23378E-02
  4.25000E+01 -3.23258E-02
  4.26000E+01 -3.23137E-02
  4.27000E+01 -3.23017E-02
  4.28000E+01 -3.22897E-02
  4.29000E+01 -3.22778E-02
  4.30000E+01 -3.22658E-02
  4.31000E+01 -3.22539E-02
  4.32000E+01 -3.22420E-02
  4.33000E+01 -3.22302E-02
  4.34000E+01 -3.22183E-02
  4.35000E+01 -3.22065E-02
  4.36000E+01 -3.21947E-02
  4.37000E+01 -3.21830E-02
  4.38000E+01 -3.21712E-02
  4.39000E+01 -3.21595E-02
  4.40000E+01 -3.21478E-02
  4.41000E+01 -3.21362E-02
  4.42000E+01 -3.21245E-02
  4.43000E+01 -3.21129E-02
  4.44000E+01 -3.21013E-02
  4.45000E+01 -3.20898E-02
  4.46000E+01 -3.20782E-02
  4.47000E+01 -3.20667E-02
  4.48000E+01 -3.20552E-02
  4.49000E+01 -3.20437E-02
  4.50000E+01 -3.20323E-02
  4.51000E+01 -3.20208E-02
  4.52000E+01 -3.20094E-02
  4.53000E+01 -3.19980E-02
  4.54000E+01 -3.19867E-02
  4.55000E+01 -3.19753E-02
  4.56000E+01 -3.19640E-02
  4.57000E+01 -3.19527E-02
  4.58000E+01 -3.19415E-02
  4.59000E+01 -3.19302E-02
  4.60000E+01 -3.19190E-02
  4.61000E+01 -3.19078E-02
  4.62000E+01 -3.18966E-02
  4.63000E+01 -3.18854E-02
  4.64000E+01 -3.18743E-02
  4.65000E+01 -3.18632E-02
  4.66000E+01 -3.18521E-02
  4.67000E+01 -3.18410E-02
  4.68000E+01 -3.18300E-02
  4.69000E+01 -3.18189E-02
  4.70000E+01 -3.18079E-02
  4.71000E+01 -3.17969E-02
  4.72000E+01 -3.17860E-02
  4.73000E+01 -3.17750E-02
  4.74000E+01 -3.17641E-02
  4.75000E+01 -3.17532E-02
  4.76000E+01 -3.17423E-02
  4.77000E+01 -3.17315E-02
  4.78000E+01 -3.17206E-02
  4.79000E+01 -3.17098E-02
  4.80000E+01 -3.16990E-02
  4.81000E+01 -3.16882E-02
  4.82000E+01 -3.16775E-02
  4.83000E+01 -3.16667E-02
  4.84000E+01 -3.16560E-02
  4.85000E+01 -3.16453E-02
  4.86000E+01 -3.16346E-02
  4.87000E+01 -3.16240E-02
  4.88000E+01 -3.16133E-02
  4.89000E+01 -3.16027E-02
  4.90000E+01 -3.15921E-02
  4.91000E+01 -3.15816E-02
  4.92000E+01 -3.15710E-02
  4.93000E+01 -3.15605E-02
  4.94000E+01 -3.15499E-02
  4.95000E+01 -3.15394E-02
  4.96000E+01 -3.15290E-02
  4.97000E+01 -3.15185E-02
  4.98000E+01 -3.15081E-02
  4.99000E+01 -3.14976E-02
  5.00000E+01 -3.14872E-02
  5.01000E+01 -3.14769E-02
  5.02000E+01 -3.14665E-02
  5.03000E+01 -3.14561E-02
  5.04000E+01 -3.14458E-02
  5.05000E+01 -3.14355E-02
  5.06000E+01 -3.14252E-02
  5.07000E+01 -3.14150E-02
  5.08000E+01 -3.14047E-02
  5.09000E+01 -3.13945E-02
  5.10000E+01 -3.13843E-02
  5.11000E+01 -3.13741E-02
  5.12000E+01 -3.13639E-02
  5.13000E+01 -3.13537E-02
  5.14000E+01 -3.13436E-02
  5.15000E+01 -3.13335E-02
  5.16000E+01 -3.13234E-02
  5.17000E+01 -3.13133E-02
  5.18000E+01 -3.13032E-02
  5.19000E+01 -3.12932E-02
  5.20000E+01 -3.12831E-02
  5.21000E+01 -3.12731E-02
  5.22000E+01 -3.12631E-02
  5.23000E+01 -3.12531E-02
  5.24000E+01 -3.12432E-02
  5.25000E+01 -3.12332E-02
  5.26000E+01 -3.12233E-02
  5.27000E+01 -3.12134E-02
  5.28000E+01 -3.12035E-02
  5.29000E+01 -3.11936E-02
  5.30000E+01 -3.11838E-02
  5.31000E+01 -3.11739E-02
  5.32000E+01 -3.11641E-02
  5.33000E+01 -3.11543E-02
  5.34000E+01 -3.11445E-02
  5.35000E+01 -3.11347E-02
  5.36000E+01 -3.11250E-02
  5.37000E+01 -3.11152E-02
  5.38000E+01 -3.11055E-02
  5.39000E+01 -3.10958E-02
  5.40000E+01 -3.10861E-02
  5.41000E+01 -3.10764E-02
  5.42000E+01 -3.10668E-02
  5.43000E+01 -3.10572E-02
  5.44000E+01 -3.10475E-02
  5.45000E+01 -3.10379E-02
  5.46000E+01 -3.10283E-02
  5.47000E+01 -3.10188E-02
  5.48000E+01 -3.10092E-02
  5.49000E+01 -3.09997E-02
  5.50000E+01 -3.09901E-02
  5.51000E+01 -3.09806E-02
  5.52000E+01 -3.09711E-02
  5.53000E+01 -3.09617E-02
  5.54000E+01 -3.09522E-02
  5.55000E+01 -3.09428E-02
  5.56000E+01 -3.09333E-02
  5.57000E+01 -3.09239E-02
  5.58000E+01 -3.09145E-02
  5.59000E+01 -3.09051E-02
  5.60000E+01 -3.08958E-02
  5.61000E+01 -3.08864E-02
  5.62000E+01 -3.08771E-02
  5.63000E+01 -3.08678E-02
  5.64000E+01 -3.08584E-02
  5.65000E+01 -3.08492E-02
  5.66000E+01 -3.08399E-02
  5.67000E+01 -3.08306E-02
  5.68000E+01 -3.08214E-02
  5.69000E+01 -3.08121E-02
  5.70000E+01 -3.08029E-02
  5.71000E+01 -3.07937E-02
  5.72000E+01 -3.07846E-02
  5.73000E+01 -3.07754E-02
  5.74000E+01 -3.07662E-02
  5.75000E+01 -3.07571E-02
  5.76000E+01 -3.07480E-02
  5.77000E+01 -3.07389E-02
  5.78000E+01 -3.07298E-02
  5.79000E+01 -3.07207E-02
  5.80000E+01 -3.07116E-02
  5.81000E+01 -3.07026E-02
  5.82000E+01 -3.06935E-02
  5.83000E+01 -3.06845E-02
  5.84000E+01 -3.06755E-02
  5.85000E+01 -3.06665E-02
  5.86000E+01 -3.06575E-02
  5.87000E+01 -3.06486E-02
  5.88000E+01 -3.06396E-02
  5.89000E+01 -3.06307E-02
  5.90000E+01 -3.06217E-02
  5.91000E+01 -3.06128E-02
  5.92000E+01 -3.06039E-02
  5.93000E+01 -3.05951E-02
  5.94000E+01 -3.05862E-02
  5.95000E+01 -3.05773E-02
  5.96000E+01 -3.05685E-02
  5.97000E+01 -3.05597E-02
  5.98000E+01 -3.05509E-02
  5.99000E+01 -3.05421E-02
  6.00000E+01 -3.05333E-02
  6.01000E+01 -3.05245E-02
  6.02000E+01 -3.05158E-02
  6.03000E+01 -3.05070E-02
  6.04000E+01 -3.04983E-02
  6.05000E+01 -3.04896E-02
  6.06000E+01 -3.04809E-02
  6.07000E+01 -3.04722E-02
  6.08000E+01 -3.04635E-02
  6.09000E+01 -3.04548E-02
  6.10000E+01 -3.04462E-02
  6.11000E+01 -3.04376E-02
  6.12000E+01 -3.04289E-02
  6.13000E+01 -3.04203E-02
  6.14000E+01 -3.04117E-02
  6.15000E+01 -3.04031E-02
  6.16000E+01 -3.03946E-02
  6.17000E+01 -3.03860E-02
  6.18000E+01 -3.03775E-02
  6.19000E+01 -3.03689E-02
  6.20000E+01 -3.03604E-02
  6.21000E+01 -3.03519E-02
  6.22000E+01 -3.03434E-02
  6.23000E+01 -3.03349E-02
  6.24000E+01 -3.03265E-02
  6.25000E+01 -3.03180E-02
  6.26000E+01 -3.03096E-02
  6.27000E+01 -3.03011E-02
  6.28000E+01 -3.02927E-02
  6.29000E+01 -3.02843E-02
  6.30000E+01 -3.02759E-02
  6.31000E+01 -3.02676E-02
  6.32000E+01 -3.02592E-02
  6.33000E+01 -3.02508E-02
  6.34000E+01 -3.02425E-02
  6.35000E+01 -3.02342E-02
  6.36000E+01 -3.02258E-02
  6.37000E+01 -3.02175E-02
  6.38000E+01 -3.02092E-02
  6.39000E+01 -3.02010E-02
  6.40000E+01 -3.01927E-02
  6.41000E+01 -3.01844E-02
  6.42000E+01 -3.01762E-02
  6.43000E+01 -3.01680E-02
  6.44000E+01 -3.01597E-02
  6.45000E+01 -3.01515E-02
  6.46000E+01 -3.01433E-02
  6.47000E+01 -3.01352E-02
  6.48000E+01 -3.01270E-02
  6.49000E+01 -3.01188E-02
  6.50000E+01 -3.01107E-02
  6.51000E+01 -3.01025E-02
  6.52000E+01 -3.00944E-02
  6.53000E+01 -3.00863E-02
  6.54000E+01 -3.00782E-02
  6.55000E+01 -3.00701E-02
  6.56000E+01 -3.00620E-02
  6.57000E+01 -3.00540E-02
  6.58000E+01 -3.00459E-02
  6.59000E+01 -3.00379E-02
  6.60000E+01 -3.00298E-02
  6.61000E+01 -3.00218E-02
  6.62000E+01 -3.00138E-02
  6.63000E+01 -3.00058E-02
  6.64000E+01 -2.99978E-02
  6.65000E+01 -2.99898E-02
  6.66000E+01 -2.99819E-02
  6.67000E+01 -2.99739E-02
  6.68000E+01 -2.99660E-02
  6.69000E+01 -2.99580E-02
  6.70000E+01 -2.99501E-02
  6.71000E+01 -2.99422E-02
  6.72000E+01 -2.99343E-02
  6.73000E+01 -2.99264E-02
  6.74000E+01 -2.99185E-02
  6.75000E+01 -2.99107E-02
  6.76000E+01 -2.99028E-02
  6.77000E+01 -2.98950E-02
  6.78000E+01 -2.98872E-02
  6.79000E+01 -2.98793E-02
  6.80000E+01 -2.98715E-02
  6.81000E+01 -2.98637E-02
  6.82000E+01 -2.98559E-02
  6.83000E+01 -2.98482E-02
  6.84000E+01 -2.98404E-02
  6.85000E+01 -2.98326E-02
  6.86000E+01 -2.98249E-02
  6.87000E+01 -2.98171E-02
  6.88000E+01 -2.98094E-02
  6.89000E+01 -2.98017E-02
  6.90000E+01 -2.97940E-02
  6.91000E+01 -2.97863E-02
  6.92000E+01 -2.97786E-02
  6.93000E+01 -2.97710E-02
  6.94000E+01 -2.97633E-02
  6.95000E+01 -2.97556E-02
  6.96000E+01 -2.97480E-02
  6.97000E+01 -2.97404E-02
  6.98000E+01 -2.97328E-02
  6.99000E+01 -2.97251E-02
  7.00000E+01 -2.97175E-02
  7.01000E+01 -2.97100E-02
  7.02000E+01 -2.97024E-02
  7.03000E+01 -2.96948E-02
  7.04000E+01 -2.96872E-02
  7.05000E+01 -2.96797E-02
  7.06000E+01 -2.96722E-02
  7.07000E+01 -2.96646E-02
  7.08000E+01 -2.96571E-02
  7.09000E+01 -2.96496E-02
  7.10000E+01 -2.96421E-02
  7.11000E+01 -2.96346E-02
  7.12000E+01 -2.96271E-02
  7.13000E+01 -2.96197E-02
  7.14000E+01 -2.96122E-02
  7.15000E+01 -2.96048E-02
  7.16000E+01 -2.95973E-02
  7.17000E+01 -2.95899E-02
  7.18000E+01 -2.95825E-02
  7.19000E+01 -2.95751E-02
  7.20000E+01 -2.95677E-02
  7.21000E+01 -2.95603E-02
  7.22000E+01 -2.95529E-02
  7.23000E+01 -2.95455E-02
  7.24000E+01 -2.95381E-02
  7.25000E+01 -2.95308E-02
  7.26000E+01 -2.95235E-02
  7.27000E+01 -2.95161E-02
  7.28000E+01 -2.95088E-02
  7.29000E+01 -2.95015E-02
  7.30000E+01 -2.94942E-02
  7.31000E+01 -2.94869E-02
  7.32000E+01 -2.94796E-02
  7.33000E+01 -2.94723E-02
  7.34000E+01 -2.94651E-02
  7.35000E+01 -2.94578E-02
  7.36000E+01 -2.94505E-02
  7.37000E+01 -2.94433E-02
  7.38000E+01 -2.94361E-02
  7.39000E+01 -2.94289E-02
  7.40000E+01 -2.94216E-02
  7.41000E+01 -2.94144E-02
  7.42000E+01 -2.94072E-02
  7.43000E+01 -2.94001E-02
  7.44000E+01 -2.93929E-02
  7.45000E+01 -2.93857E-02
  7.46000E+01 -2.93786E-02
  7.47000E+01 -2.93714E-02
  7.48000E+01 -2.93643E-02
  7.49000E+01 -2.93572E-02
  7.50000E+01 -2.93500E-02
  7.51000E+01 -2.93429E-02
  7.52000E+01 -2.93358E-02
  7.53000E+01 -2.93287E-02
  7.54000E+01 -2.93216E-02
  7.55000E+01 -2.93146E-02
  7.56000E+01 -2.93075E-02
  7.57000E+01 -2.93004E-02
  7.58000E+01 -2.92934E-02
  7.59000E+01 -2.92863E-02
  7.60000E+01 -2.92793E-02
  7.61000E+01 -2.92723E-02
  7.62000E+01 -2.92653E-02
  7.63000E+01 -2.92583E-02
  7.64000E+01 -2.92513E-02
  7.65000E+01 -2.92443E-02
  7.66000E+01 -2.92373E-02
  7.67000E+01 -2.92303E-02
  7.68000E+01 -2.92234E-02
  7.69000E+01 -2.92164E-02
  7.70000E+01 -2.92095E-02
  7.71000E+01 -2.92025E-02
  7.72000E+01 -2.91956E-02
  7.73000E+01 -2.91887E-02
  7.74000E+01 -2.91818E-02
  7.75000E+01 -2.91749E-02
  7.76000E+01 -2.91680E-02
  7.77000E+01 -2.91611E-02
  7.78000E+01 -2.91542E-02
  7.79000E+01 -2.91474E-02
  7.80000E+01 -2.91405E-02
  7.81000E+01 -2.91336E-02
  7.82000E+01 -2.91268E-02
  7.83000E+01 -2.91200E-02
  7.84000E+01 -2.91131E-02
  7.85000E+01 -2.91063E-02
  7.86000E+01 -2.90995E-02
  7.87000E+01 -2.90927E-02
  7.88000E+01 -2.90859E-02
  7.89000E+01 -2.90791E-02
  7.90000E+01 -2.90723E-02
  7.91000E+01 -2.90656E-02
  7.92000E+01 -2.90588E-02
  7.93000E+01 -2.90520E-02
  7.94000E+01 -2.90453E-02
  7.95000E+01 -2.90386E-02
  7.96000E+01 -2.90318E-02
  7.97000E+01 -2.90251E-02
  7.98000E+01 -2.90184E-02
  7.99000E+01 -2.90117E-02
  8.00000E+01 -2.90050E-02
  8.01000E+01 -2.89983E-02
  8.02000E+01 -2.89916E-02
  8.03000E+01 -2.89849E-02
  8.04000E+01 -2.89783E-02
  8.05000E+01 -2.89716E-02
  8.06000E+01 -2.89650E-02
  8.07000E+01 -2.89583E-02
  8.08000E+01 -2.89517E-02
  8.09000E+01 -2.89451E-02
  8.10000E+01 -2.89384E-02
  8.11000E+01 -2.89318E-02
  8.12000E+01 -2.89252E-02
  8.13000E+01 -2.89186E-02
  8.14000E+01 -2.89120E-02
  8.15000E+01 -2.89055E-02
  8.16000E+01 -2.88989E-02
  8.17000E+01 -2.88923E-02
  8.18000E+01 -2.88858E-02
  8.19000E+01 -2.88792E-02
  8.20000E+01 -2.88727E-02
  8.21000E+01 -2.88661E-02
  8.22000E+01 -2.88596E-02
  8.23000E+01 -2.88531E-02
  8.24000E+01 -2.88466E-02
  8.25000E+01 -2.88401E-02
  8.26000E+01 -2.88336E-02
  8.27000E+01 -2.88271E-02
  8.28000E+01 -2.88206E-02
  8.29000E+01 -2.88141E-02
  8.30000E+01 -2.88077E-02
  8.31000E+01 -2.88012E-02
  8.32000E+01 -2.87947E-02
  8.33000E+01 -2.87883E-02
  8.34000E+01 -2.87819E-02
  8.35000E+01 -2.87754E-02
  8.36000E+01 -2.87690E-02
  8.37000E+01 -2.87626E-02
  8.38000E+01 -2.87562E-02
  8.39000E+01 -2.87498E-02
  8.40000E+01 -2.87434E-02
  8.41000E+01 -2.87370E-02
  8.42000E+01 -2.87306E-02
  8.43000E+01 -2.87242E-02
  8.44000E+01 -2.87179E-02
  8.45000E+01 -2.87115E-02
  8.46000E+01 -2.87052E-02
  8.47000E+01 -2.86988E-02
  8.48000E+01 -2.86925E-02
  8.49000E+01 -2.86861E-02
  8.50000E+01 -2.86798E-02
  8.51000E+01 -2.86735E-02
  8.52000E+01 -2.86672E-02
  8.53000E+01 -2.86609E-02
  8.54000E+01 -2.86546E-02
  8.55000E+01 -2.86483E-02
  8.56000E+01 -2.86420E-02
  8.57000E+01 -2.86357E-02
  8.58000E+01 -2.86295E-02
  8.59000E+01 -2.86232E-02
  8.60000E+01 -2.86170E-02
  8.61000E+01 -2.86107E-02
  8.62000E+01 -2.86045E-02
  8.63000E+01 -2.85982E-02
  8.64000E+01 -2.85920E-02
  8.65000E+01 -2.85858E-02
  8.66000E+01 -2.85796E-02
  8.67000E+01 -2.85734E-02
  8.68000E+01 -2.85672E-02
  8.69000E+01 -2.85610E-02
  8.70000E+01 -2.85548E-02
  8.71000E+01 -2.85486E-02
  8.72000E+01 -2.85425E-02
  8.73000E+01 -2.85363E-02
  8.74000E+01 -2.85301E-02
  8.75000E+01 -2.85240E-02
  8.76000E+01 -2.85178E-02
  8.77000E+01 -2.85117E-02
  8.78000E+01 -2.85056E-02
  8.79000E+01 -2.84994E-02
  8.80000E+01 -2.84933E-02
  8.81000E+01 -2.84872E-02
  8.82000E+01 -2.84811E-02
  8.83000E+01 -2.84750E-02
  8.84000E+01 -2.84689E-02
  8.85000E+01 -2.84628E-02
  8.86000E+01 -2.84567E-02
  8.87000E+01 -2.84507E-02
  8.88000E+01 -2.84446E-02
  8.89000E+01 -2.84385E-02
  8.90000E+01 -2.84325E-02
  8.91000E+01 -2.84264E-02
  8.92000E+01 -2.84204E-02
  8.93000E+01 -2.84144E-02
  8.94000E+01 -2.84083E-02
  8.95000E+01 -2.84023E-02
  8.96000E+01 -2.83963E-02
  8.97000E+01 -2.83903E-02
  8.98000E+01 -2.83843E-02
  8.99000E+01 -2.83783E-02
  9.00000E+01 -2.83723E-02
  9.01000E+01 -2.83663E-02
  9.02000E+01 -2.83604E-02
  9.03000E+01 -2.83544E-02
  9.04000E+01 -2.83484E-02
  9.05000E+01 -2.83425E-02
  9.06000E+01 -2.83365E-02
  9.07000E+01 -2.83306E-02
  9.08000E+01 -2.83246E-02
  9.09000E+01 -2.83187E-02
  9.10000E+01 -2.83128E-02
  9.11000E+01 -2.83069E-02
  9.12000E+01 -2.83009E-02
  9.13000E+01 -2.82950E-02
  9.14000E+01 -2.82891E-02
  9.15000E+01 -2.82832E-02
  9.16000E+01 -2.82773E-02
  9.17000E+01 -2.82715E-02
  9.18000E+01 -2.82656E-02
  9.19000E+01 -2.82597E-02
  9.20000E+01 -2.82538E-02
  9.21000E+01 -2.82480E-02
  9.22000E+01 -2.82421E-02
  9.23000E+01 -2.82363E-02
  9.24000E+01 -2.82304E-02
  9.25000E+01 -2.82246E-02
  9.26000E+01 -2.82188E-02
  9.27000E+01 -2.82130E-02
  9.28000E+01 -2.82071E-02
  9.29000E+01 -2.82013E-02
  9.30000E+01 -2.81955E-02
  9.31000E+01 -2.81897E-02
  9.32000E+01 -2.81839E-02
  9.33000E+01 -2.81781E-02
  9.34000E+01 -2.81724E-02
  9.35000E+01 -2.81666E-02
  9.36000E+01 -2.81608E-02
  9.37000E+01 -2.81551E-02
  9.38000E+01 -2.81493E-02
  9.39000E+01 -2.81435E-02
  9.40000E+01 -2.81378E-02
  9.41000E+01 -2.81321E-02
  9.42000E+01 -2.81263E-02
  9.43000E+01 -2.81206E-02
  9.44000E+01 -2.81149E-02
  9.45000E+01 -2.81092E-02
  9.46000E+01 -2.81034E-02
  9.47000E+01 -2.80977E-02
  9.48000E+01 -2.80920E-02
  9.49000E+01 -2.80863E-02
  9.50000E+01 -2.80806E-02
  9.51000E+01 -2.80750E-02
  9.52000E+01 -2.80693E-02
  9.53000E+01 -2.80636E-02
  9.54000E+01 -2.80580E-02
  9.55000E+01 -2.80523E-02
  9.56000E+01 -2.80466E-02
  9.57000E+01 -2.80410E-02
  9.58000E+01 -2.80353E-02
  9.59000E+01 -2.80297E-02
  9.60000E+01 -2.80241E-02
  9.61000E+01 -2.80184E-02
  9.62000E+01 -2.80128E-02
  9.63000E+01 -2.80072E-02
  9.64000E+01 -2.80016E-02
  9.65000E+01 -2.79960E-02
  9.66000E+01 -2.79904E-02
  9.67000E+01 -2.79848E-02
  9.68000E+01 -2.79792E-02
  9.69000E+01 -2.79736E-02
  9.70000E+01 -2.79681E-02
  9.71000E+01 -2.79625E-02
  9.72000E+01 -2.79569E-02
  9.73000E+01 -2.79514E-02
  9.74000E+01 -2.79458E-02
  9.75000E+01 -2.79403E-02
  9.76000E+01 -2.79347E-02
  9.77000E+01 -2.79292E-02
  9.78000E+01 -2.79236E-02
  9.79000E+01 -2.79181E-02
  9.80000E+01 -2.79126E-02
  9.81000E+01 -2.79071E-02
  9.82000E+01 -2.79016E-02
  9.83000E+01 -2.78960E-02
  9.84000E+01 -2.78905E-02
  9.85000E+01 -2.78850E-02
  9.86000E+01 -2.78796E-02
  9.87000E+01 -2.78741E-02
  9.88000E+01 -2.78686E-02
  9.89000E+01 -2.78631E-02
  9.90000E+01 -2.78576E-02
  9.91000E+01 -2.78522E-02
  9.92000E+01 -2.78467E-02
  9.93000E+01 -2.78413E-02
  9.94000E+01 -2.78358E-02
  9.95000E+01 -2.78304E-02
  9.96000E+01 -2.78249E-02
  9.97000E+01 -2.78195E-02
  9.98000E+01 -2.78141E-02
  9.99000E+01 -2.78087E-02
  1.00000E+02 -2.78032E-02
  1.00100E+02 -2.77978E-02
  1.00200E+02 -2.77924E-02
  1.00300E+02 -2.77870E-02
  1.00400E+02 -2.77816E-02
  1.00500E+02 -2.77762E-02
  1.00600E+02 -2.77708E-02
  1.00700E+02 -2.77655E-02
  1.00800E+02 -2.77601E-02
  1.00900E+02 -2.77547E-02
  1.01000E+02 -2.77493E-02
  1.01100E+02 -2.77440E-02
  1.01200E+02 -2.77386E-02
  1.01300E+02 -2.77333E-02
  1.01400E+02 -2.77279E-02
  1.01500E+02 -2.77226E-02
  1.01600E+02 -2.77173E-02
  1.01700E+02 -2.77119E-02
  1.01800E+02 -2.77066E-02
  1.01900E+02 -2.77013E-02
  1.02000E+02 -2.76960E-02
  1.02100E+02 -2.76906E-02
  1.02200E+02 -2.76853E-02
  1.02300E+02 -2.76800E-02
  1.02400E+02 -2.76747E-02
  1.02500E+02 -2.76695E-02
  1.02600E+02 -2.76642E-02
  1.02700E+02 -2.76589E-02
  1.02800E+02 -2.76536E-02
  1.02900E+02 -2.76483E-02
  1.03000E+02 -2.76431E-02
  1.03100E+02 -2.76378E-02
  1.03200E+02 -2.76325E-02
  1.03300E+02 -2.76273E-02
  1.03400E+02 -2.76220E-02
  1.03500E+02 -2.76168E-02
  1.03600E+02 -2.76116E-02
  1.03700E+02 -2.76063E-02
  1.03800E+02 -2.76011E-02
  1.03900E+02 -2.75959E-02
  1.04000E+02 -2.75907E-02
  1.04100E+02 -2.75854E-02
  1.04200E+02 -2.75802E-02
  1.04300E+02 -2.75750E-02
  1.04400E+02 -2.75698E-02
  1.04500E+02 -2.75646E-02
  1.04600E+02 -2.75595E-02
  1.04700E+02 -2.75543E-02
  1.04800E+02 -2.75491E-02
  1.04900E+02 -2.75439E-02
  1.05000E+02 -2.75387E-02
  1.05100E+02 -2.75336E-02
  1.05200E+02 -2.75284E-02
  1.05300E+02 -2.75233E-02
  1.05400E+02 -2.75181E-02
  1.05500E+02 -2.75130E-02
  1.05600E+02 -2.75078E-02
  1.05700E+02 -2.75027E-02
  1.05800E+02 -2.74975E-02
  1.05900E+02 -2.74924E-02
  1.06000E+02 -2.74873E-02
  1.06100E+02 -2.74822E-02
  1.06200E+02 -2.74770E-02
  1.06300E+02 -2.74719E-02
  1.06400E+02 -2.74668E-02
  1.06500E+02 -2.74617E-02
  1.06600E+02 -2.74566E-02
  1.06700E+02 -2.74515E-02
  1.06800E+02 -2.74464E-02
  1.06900E+02 -2.74414E-02
  1.07000E+02 -2.74363E-02
  1.07100E+02 -2.74312E-02
  1.07200E+02 -2.74261E-02
  1.07300E+02 -2.74211E-02
  1.07400E+02 -2.74160E-02
  1.07500E+02 -2.74110E-02
  1.07600E+02 -2.74059E-02
  1.07700E+02 -2.74009E-02
  1.07800E+02 -2.73958E-02
  1.07900E+02 -2.73908E-02
  1.08000E+02 -2.73857E-02
  1.08100E+02 -2.73807E-02
  1.08200E+02 -2.73757E-02
  1.08300E+02 -2.73707E-02
  1.08400E+02 -2.73656E-02
  1.08500E+02 -2.73606E-02
  1.08600E+02 -2.73556E-02
  1.08700E+02 -2.73506E-02
  1.08800E+02 -2.73456E-02
  1.08900E+02 -2.73406E-02
  1.09000E+02 -2.73356E-02
  1.09100E+02 -2.73307E-02
  1.09200E+02 -2.73257E-02
  1.09300E+02 -2.73207E-02
  1.09400E+02 -2.73157E-02
  1.09500E+02 -2.73108E-02
  1.09600E+02 -2.73058E-02
  1.09700E+02 -2.73008E-02
  1.09800E+02 -2.72959E-02
  1.09900E+02 -2.72909E-02
  1.10000E+02 -2.72860E-02
  1.10100E+02 -2.72810E-02
  1.10200E+02 -2.72761E-02
  1.10300E+02 -2.72712E-02
  1.10400E+02 -2.72662E-02
  1.10500E+02 -2.72613E-02
  1.10600E+02 -2.72564E-02
  1.10700E+02 -2.72515E-02
  1.10800E+02 -2.72466E-02
  1.10900E+02 -2.72416E-02
  1.11000E+02 -2.72367E-02
  1.11100E+02 -2.72318E-02
  1.11200E+02 -2.72269E-02
  1.11300E+02 -2.72221E-02
  1.11400E+02 -2.72172E-02
  1.11500E+02 -2.72123E-02
  1.11600E+02 -2.72074E-02
  1.11700E+02 -2.72025E-02
  1.11800E+02 -2.71977E-02
  1.11900E+02 -2.71928E-02
  1.12000E+02 -2.71879E-02
  1.12100E+02 -2.71831E-02
  1.12200E+02 -2.71782E-02
  1.12300E+02 -2.71734E-02
  1.12400E+02 -2.71685E-02
  1.12500E+02 -2.71637E-02
  1.12600E+02 -2.71588E-02
  1.12700E+02 -2.71540E-02
  1.12800E+02 -2.71492E-02
  1.12900E+02 -2.71444E-02
  1.13000E+02 -2.71395E-02
  1.13100E+02 -2.71347E-02
  1.13200E+02 -2.71299E-02
  1.13300E+02 -2.71251E-02
  1.13400E+02 -2.71203E-02
  1.13500E+02 -2.71155E-02
  1.13600E+02 -2.71107E-02
  1.13700E+02 -2.71059E-02
  1.13800E+02 -2.71011E-02
  1.13900E+02 -2.70963E-02
  1.14000E+02 -2.70915E-02
  1.14100E+02 -2.70868E-02
  1.14200E+02 -2.70820E-02
  1.14300E+02 -2.70772E-02
  1.14400E+02 -2.70725E-02
  1.14500E+02 -2.70677E-02
  1.14600E+02 -2.70629E-02
  1.14700E+02 -2.70582E-02
  1.14800E+02 -2.70534E-02
  1.14900E+02 -2.70487E-02
  1.15000E+02 -2.70439E-02
  1.15100E+02 -2.70392E-02
  1.15200E+02 -2.70345E-02
  1.15300E+02 -2.70297E-02
  1.15400E+02 -2.70250E-02
  1.15500E+02 -2.70203E-02
  1.15600E+02 -2.70156E-02
  1.15700E+02 -2.70109E-02
  1.15800E+02 -2.70062E-02
  1.15900E+02 -2.70014E-02
  1.16000E+02 -2.69967E-02
  1.16100E+02 -2.69920E-02
  1.16200E+02 -2.69873E-02
  1.16300E+02 -2.69827E-02
  1.16400E+02 -2.69780E-02
  1.16500E+02 -2.69733E-02
  1.16600E+02 -2.69686E-02
  1.16700E+02 -2.69639E-02
  1.16800E+02 -2.69593E-02
  1.16900E+02 -2.69546E-02
  1.17000E+02 -2.69499E-02
  1.17100E+02 -2.69453E-02
  1.17200E+02 -2.69406E-02
  1.17300E+02 -2.69360E-02
  1.17400E+02 -2.69313E-02
  1.17500E+02 -2.69267E-02
  1.17600E+02 -2.69220E-02
  1.17700E+02 -2.69174E-02
  1.17800E+02 -2.69128E-02
  1.17900E+02 -2.69081E-02
  1.18000E+02 -2.69035E-02
  1.18100E+02 -2.68989E-02
  1.18200E+02 -2.68943E-02
  1.18300E+02 -2.68896E-02
  1.18400E+02 -2.68850E-02
  1.18500E+02 -2.68804E-02
  1.18600E+02 -2.68758E-02
  1.18700E+02 -2.68712E-02
  1.18800E+02 -2.68666E-02
  1.18900E+02 -2.68620E-02
  1.19000E+02 -2.68574E-02
  1.19100E+02 -2.68529E-02
  1.19200E+02 -2.68483E-02
  1.19300E+02 -2.68437E-02
  1.19400E+02 -2.68391E-02
  1.19500E+02 -2.68345E-02
  1.19600E+02 -2.68300E-02
  1.19700E+02 -2.68254E-02
  1.19800E+02 -2.68209E-02
  1.19900E+02 -2.68163E-02
  1.20000E+02 -2.68117E-02
  1.20100E+02 -2.68072E-02
  1.20200E+02 -2.68027E-02
  1.20300E+02 -2.67981E-02
  1.20400E+02 -2.67936E-02
  1.20500E+02 -2.67890E-02
  1.20600E+02 -2.67845E-02
  1.20700E+02 -2.67800E-02
  1.20800E+02 -2.67755E-02
  1.20900E+02 -2.67709E-02
  1.21000E+02 -2.67664E-02
  1.21100E+02 -2.67619E-02
  1.21200E+02 -2.67574E-02
  1.21300E+02 -2.67529E-02
  1.21400E+02 -2.67484E-02
  1.21500E+02 -2.67439E-02
  1.21600E+02 -2.67394E-02
  1.21700E+02 -2.67349E-02
  1.21800E+02 -2.67304E-02
  1.21900E+02 -2.67259E-02
  1.22000E+02 -2.67214E-02
  1.22100E+02 -2.67170E-02
  1.22200E+02 -2.67125E-02
  1.22300E+02 -2.67080E-02
  1.22400E+02 -2.67036E-02
  1.22500E+02 -2.66991E-02
  1.22600E+02 -2.66946E-02
  1.22700E+02 -2.66902E-02
  1.22800E+02 -2.66857E-02
  1.22900E+02 -2.66813E-02
  1.23000E+02 -2.66768E-02
  1.23100E+02 -2.66724E-02
  1.23200E+02 -2.66679E-02
  1.23300E+02 -2.66635E-02
  1.23400E+02 -2.66591E-02
  1.23500E+02 -2.66546E-02
  1.23600E+02 -2.66502E-02
  1.23700E+02 -2.66458E-02
  1.23800E+02 -2.66414E-02
  1.23900E+02 -2.66370E-02
  1.24000E+02 -2.66325E-02
  1.24100E+02 -2.66281E-02
  1.24200E+02 -2.66237E-02
  1.24300E+02 -2.66193E-02
  1.24400E+02 -2.66149E-02
  1.24500E+02 -2.66105E-02
  1.24600E+02 -2.66061E-02
  1.24700E+02 -2.66017E-02
  1.24800E+02 -2.65974E-02
  1.24900E+02 -2.65930E-02
  1.25000E+02 -2.65886E-02
  1.25100E+02 -2.65842E-02
  1.25200E+02 -2.65799E-02
  1.25300E+02 -2.65755E-02
  1.25400E+02 -2.65711E-02
  1.25500E+02 -2.65668E-02
  1.25600E+02 -2.65624E-02
  1.25700E+02 -2.65580E-02
  1.25800E+02 -2.65537E-02
  1.25900E+02 -2.65493E-02
  1.26000E+02 -2.65450E-02
  1.26100E+02 -2.65407E-02
  1.26200E+02 -2.65363E-02
  1.26300E+02 -2.65320E-02
  1.26400E+02 -2.65276E-02
  1.26500E+02 -2.65233E-02
  1.26600E+02 -2.65190E-02
  1.26700E+02 -2.65147E-02
  1.26800E+02 -2.65103E-02
  1.26900E+02 -2.65060E-02
  1.27000E+02 -2.65017E-02
  1.27100E+02 -2.64974E-02
  1.27200E+02 -2.64931E-02
  1.27300E+02 -2.64888E-02
  1.27400E+02 -2.64845E-02
  1.27500E+02 -2.64802E-02
  1.27600E+02 -2.64759E-02
  1.27700E+02 -2.64716E-02
  1.27800E+02 -2.64673E-02
  1.27900E+02 -2.64630E-02
  1.28000E+02 -2.64588E-02
  1.28100E+02 -2.64545E-02
  1.28200E+02 -2.64502E-02
  1.28300E+02 -2.64459E-02
  1.28400E+02 -2.64417E-02
  1.28500E+02 -2.64374E-02
  1.28600E+02 -2.64331E-02
  1.28700E+02 -2.64289E-02
  1.28800E+02 -2.64246E-02
  1.28900E+02 -2.64204E-02
  1.29000E+02 -2.64161E-02
  1.29100E+02 -2.64119E-02
  1.29200E+02 -2.64076E-02
  1.29300E+02 -2.64034E-02
  1.29400E+02 -2.63992E-02
  1.29500E+02 -2.63949E-02
  1.29600E+02 -2.63907E-02
  1.29700E+02 -2.63865E-02
  1.29800E+02 -2.63823E-02
  1.29900E+02 -2.63780E-02
  1.30000E+02 -2.63738E-02
  1.30100E+02 -2.63696E-02
  1.30200E+02 -2.63654E-02
  1.30300E+02 -2.63612E-02
  1.30400E+02 -2.63570E-02
  1.30500E+02 -2.63528E-02
  1.30600E+02 -2.63486E-02
  1.30700E+02 -2.63444E-02
  1.30800E+02 -2.63402E-02
  1.30900E+02 -2.63360E-02
  1.31000E+02 -2.63318E-02
  1.31100E+02 -2.63276E-02
  1.31200E+02 -2.63234E-02
  1.31300E+02 -2.63193E-02
  1.31400E+02 -2.63151E-02
  1.31500E+02 -2.63109E-02
  1.31600E+02 -2.63067E-02
  1.31700E+02 -2.63026E-02
  1.31800E+02 -2.62984E-02
  1.31900E+02 -2.62943E-02
  1.32000E+02 -2.62901E-02
  1.32100E+02 -2.62859E-02
  1.32200E+02 -2.62818E-02
  1.32300E+02 -2.62777E-02
  1.32400E+02 -2.62735E-02
  1.32500E+02 -2.62694E-02
  1.32600E+02 -2.62652E-02
  1.32700E+02 -2.62611E-02
  1.32800E+02 -2.62570E-02
  1.32900E+02 -2.62528E-02
  1.33000E+02 -2.62487E-02
  1.33100E+02 -2.62446E-02
  1.33200E+02 -2.62405E-02
  1.33300E+02 -2.62363E-02
  1.33400E+02 -2.62322E-02
  1.33500E+02 -2.62281E-02
  1.33600E+02 -2.62240E-02
  1.33700E+02 -2.62199E-02
  1.33800E+02 -2.62158E-02
  1.33900E+02 -2.62117E-02
  1.34000E+02 -2.62076E-02
  1.34100E+02 -2.62035E-02
  1.34200E+02 -2.61994E-02
  1.34300E+02 -2.61953E-02
  1.34400E+02 -2.61912E-02
  1.34500E+02 -2.61871E-02
  1.34600E+02 -2.61831E-02
  1.34700E+02 -2.61790E-02
  1.34800E+02 -2.61749E-02
  1.34900E+02 -2.61708E-02
  1.35000E+02 -2.61668E-02
  1.35100E+02 -2.61627E-02
  1.35200E+02 -2.61586E-02
  1.35300E+02 -2.61546E-02
  1.35400E+02 -2.61505E-02
  1.35500E+02 -2.61465E-02
  1.35600E+02 -2.61424E-02
  1.35700E+02 -2.61384E-02
  1.35800E+02 -2.61343E-02
  1.35900E+02 -2.61303E-02
  1.36000E+02 -2.61262E-02
  1.36100E+02 -2.61222E-02
  1.36200E+02 -2.61182E-02
  1.36300E+02 -2.61141E-02
  1.36400E+02 -2.61101E-02
  1.36500E+02 -2.61061E-02
  1.36600E+02 -2.61021E-02
  1.36700E+02 -2.60980E-02
  1.36800E+02 -2.60940E-02
  1.36900E+02 -2.60900E-02
  1.37000E+02 -2.60860E-02
  1.37100E+02 -2.60820E-02
  1.37200E+02 -2.60780E-02
  1.37300E+02 -2.60740E-02
  1.37400E+02 -2.60700E-02
  1.37500E+02 -2.60660E-02
  1.37600E+02 -2.60620E-02
  1.37700E+02 -2.60580E-02
  1.37800E+02 -2.60540E-02
  1.37900E+02 -2.60500E-02
  1.38000E+02 -2.60460E-02
  1.38100E+02 -2.60421E-02
  1.38200E+02 -2.60381E-02
  1.38300E+02 -2.60341E-02
  1.38400E+02 -2.60301E-02
  1.38500E+02 -2.60262E-02
  1.38600E+02 -2.60222E-02
  1.38700E+02 -2.60182E-02
  1.38800E+02 -2.60143E-02
  1.38900E+02 -2.60103E-02
  1.39000E+02 -2.60063E-02
  1.39100E+02 -2.60024E-02
  1.39200E+02 -2.59984E-02
  1.39300E+02 -2.59945E-02
  1.39400E+02 -2.59906E-02
  1.39500E+02 -2.59866E-02
  1.39600E+02 -2.59827E-02
  1.39700E+02 -2.59787E-02
  1.39800E+02 -2.59748E-02
  1.39900E+02 -2.59709E-02
  1.40000E+02 -2.59669E-02
  1.40100E+02 -2.59630E-02
  1.40200E+02 -2.59591E-02
  1.40300E+02 -2.59552E-02
  1.40400E+02 -2.59512E-02
  1.40500E+02 -2.59473E-02
  1.40600E+02 -2.59434E-02
  1.40700E+02 -2.59395E-02
  1.40800E+02 -2.59356E-02
  1.40900E+02 -2.59317E-02
  1.41000E+02 -2.59278E-02
  1.41100E+02 -2.59239E-02
  1.41200E+02 -2.59200E-02
  1.41300E+02 -2.59161E-02
  1.41400E+02 -2.59122E-02
  1.41500E+02 -2.59083E-02
  1.41600E+02 -2.59044E-02
  1.41700E+02 -2.59005E-02
  1.41800E+02 -2.58967E-02
  1.41900E+02 -2.58928E-02
  1.42000E+02 -2.58889E-02
  1.42100E+02 -2.58850E-02
  1.42200E+02 -2.58812E-02
  1.42300E+02 -2.58773E-02
  1.42400E+02 -2.58734E-02
  1.42500E+02 -2.58696E-02
  1.42600E+02 -2.58657E-02
  1.42700E+02 -2.58618E-02
  1.42800E+02 -2.58580E-02
  1.42900E+02 -2.58541E-02
  1.43000E+02 -2.58503E-02
  1.43100E+02 -2.58464E-02
  1.43200E+02 -2.58426E-02
  1.43300E+02 -2.58387E-02
  1.43400E+02 -2.58349E-02
  1.43500E+02 -2.58311E-02
  1.43600E+02 -2.58272E-02
  1.43700E+02 -2.58234E-02
  1.43800E+02 -2.58196E-02
  1.43900E+02 -2.58157E-02
  1.44000E+02 -2.58119E-02
  1.44100E+02 -2.58081E-02
  1.44200E+02 -2.58043E-02
  1.44300E+02 -2.58004E-02
  1.44400E+02 -2.57966E-02
  1.44500E+02 -2.57928E-02
  1.44600E+02 -2.57890E-02
  1.44700E+02 -2.57852E-02
  1.44800E+02 -2.57814E-02
  1.44900E+02 -2.57776E-02
  1.45000E+02 -2.57738E-02
  1.45100E+02 -2.57700E-02
  1.45200E+02 -2.57662E-02
  1.45300E+02 -2.57624E-02
  1.45400E+02 -2.57586E-02
  1.45500E+02 -2.57548E-02
  1.45600E+02 -2.57510E-02
  1.45700E+02 -2.57473E-02
  1.45800E+02 -2.57435E-02
  1.45900E+02 -2.57397E-02
  1.46000E+02 -2.57359E-02
  1.46100E+02 -2.57322E-02
  1.46200E+02 -2.57284E-02
  1.46300E+02 -2.57246E-02
  1.46400E+02 -2.57209E-02
  1.46500E+02 -2.57171E-02
  1.46600E+02 -2.57133E-02
  1.46700E+02 -2.57096E-02
  1.46800E+02 -2.57058E-02
  1.46900E+02 -2.57021E-02
  1.47000E+02 -2.56983E-02
  1.47100E+02 -2.56946E-02
  1.47200E+02 -2.56908E-02
  1.47300E+02 -2.56871E-02
  1.47400E+02 -2.56833E-02
  1.47500E+02 -2.56796E-02
  1.47600E+02 -2.56759E-02
  1.47700E+02 -2.56721E-02
  1.47800E+02 -2.56684E-02
  1.47900E+02 -2.56647E-02
  1.48000E+02 -2.56609E-02
  1.48100E+02 -2.56572E-02
  1.48200E+02 -2.56535E-02
  1.48300E+02 -2.56498E-02
  1.48400E+02 -2.56461E-02
  1.48500E+02 -2.56423E-02
  1.48600E+02 -2.56386E-02
  1.48700E+02 -2.56349E-02
  1.48800E+02 -2.56312E-02
  1.48900E+02 -2.56275E-02
  1.49000E+02 -2.56238E-02
  1.49100E+02 -2.56201E-02
  1.49200E+02 -2.56164E-02
  1.49300E+02 -2.56127E-02
  1.49400E+02 -2.56090E-02
  1.49500E+02 -2.56053E-02
  1.49600E+02 -2.56016E-02
  1.49700E+02 -2.55980E-02
  1.49800E+02 -2.55943E-02
  1.49900E+02 -2.55906E-02
  1.50000E+02 -2.55869E-02
  1.50100E+02 -2.55832E-02
  1.50200E+02 -2.55796E-02
  1.50300E+02 -2.55759E-02
  1.50400E+02 -2.55722E-02
  1.50500E+02 -2.55685E-02
  1.50600E+02 -2.55649E-02
  1.50700E+02 -2.55612E-02
  1.50800E+02 -2.55576E-02
  1.50900E+02 -2.55539E-02
  1.51000E+02 -2.55502E-02
  1.51100E+02 -2.55466E-02
  1.51200E+02 -2.55429E-02
  1.51300E+02 -2.55393E-02
  1.51400E+02 -2.55356E-02
  1.51500E+02 -2.55320E-02
  1.51600E+02 -2.55284E-02
  1.51700E+02 -2.55247E-02
  1.51800E+02 -2.55211E-02
  1.51900E+02 -2.55174E-02
  1.52000E+02 -2.55138E-02
  1.52100E+02 -2.55102E-02
  1.52200E+02 -2.55066E-02
  1.52300E+02 -2.55029E-02
  1.52400E+02 -2.54993E-02
  1.52500E+02 -2.54957E-02
  1.52600E+02 -2.54921E-02
  1.52700E+02 -2.54885E-02
  1.52800E+02 -2.54848E-02
  1.52900E+02 -2.54812E-02
  1.53000E+02 -2.54776E-02
  1.53100E+02 -2.54740E-02
  1.53200E+02 -2.54704E-02
  1.53300E+02 -2.54668E-02
  1.53400E+02 -2.54632E-02
  1.53500E+02 -2.54596E-02
  1.53600E+02 -2.54560E-02
  1.53700E+02 -2.54524E-02
  1.53800E+02 -2.54488E-02
  1.53900E+02 -2.54452E-02
  1.54000E+02 -2.54416E-02
  1.54100E+02 -2.54381E-02
  1.54200E+02 -2.54345E-02
  1.54300E+02 -2.54309E-02
  1.54400E+02 -2.54273E-02
  1.54500E+02 -2.54237E-02
  1.54600E+02 -2.54202E-02
  1.54700E+02 -2.54166E-02
  1.54800E+02 -2.54130E-02
  1.54900E+02 -2.54094E-02
  1.55000E+02 -2.54059E-02
  1.55100E+02 -2.54023E-02
  1.55200E+02 -2.53988E-02
  1.55300E+02 -2.53952E-02
  1.55400E+02 -2.53916E-02
  1.55500E+02 -2.53881E-02
  1.55600E+02 -2.53845E-02
  1.55700E+02 -2.53810E-02
  1.55800E+02 -2.53774E-02
  1.55900E+02 -2.53739E-02
  1.56000E+02 -2.53703E-02
  1.56100E+02 -2.53668E-02
  1.56200E+02 -2.53633E-02
  1.56300E+02 -2.53597E-02
  1.56400E+02 -2.53562E-02
  1.56500E+02 -2.53527E-02
  1.56600E+02 -2.53491E-02
  1.56700E+02 -2.53456E-02
  1.56800E+02 -2.53421E-02
  1.56900E+02 -2.53386E-02
  1.57000E+02 -2.53350E-02
  1.57100E+02 -2.53315E-02
  1.57200E+02 -2.53280E-02
  1.57300E+02 -2.53245E-02
  1.57400E+02 -2.53210E-02
  1.57500E+02 -2.53175E-02
  1.57600E+02 -2.53139E-02
  1.57700E+02 -2.53104E-02
  1.57800E+02 -2.53069E-02
  1.57900E+02 -2.53034E-02
  1.58000E+02 -2.52999E-02
  1.58100E+02 -2.52964E-02
  1.58200E+02 -2.52929E-02
  1.58300E+02 -2.52894E-02
  1.58400E+02 -2.52859E-02
  1.58500E+02 -2.52825E-02
  1.58600E+02 -2.52790E-02
  1.58700E+02 -2.52755E-02
  1.58800E+02 -2.52720E-02
  1.58900E+02 -2.52685E-02
  1.59000E+02 -2.52650E-02
  1.59100E+02 -2.52616E-02
  1.59200E+02 -2.52581E-02
  1.59300E+02 -2.52546E-02
  1.59400E+02 -2.52511E-02
  1.59500E+02 -2.52477E-02
  1.59600E+02 -2.52442E-02
  1.59700E+02 -2.52407E-02
  1.59800E+02 -2.52373E-02
  1.59900E+02 -2.52338E-02
  1.60000E+02 -2.52304E-02
  1.60100E+02 -2.52269E-02
  1.60200E+02 -2.52234E-02
  1.60300E+02 -2.52200E-02
  1.60400E+02 -2.52165E-02
  1.60500E+02 -2.52131E-02
  1.60600E+02 -2.52096E-02
  1.60700E+02 -2.52062E-02
  1.60800E+02 -2.52028E-02
  1.60900E+02 -2.51993E-02
  1.61000E+02 -2.51959E-02
  1.61100E+02 -2.51924E-02
  1.61200E+02 -2.51890E-02
  1.61300E+02 -2.51856E-02
  1.61400E+02 -2.51821E-02
  1.61500E+02 -2.51787E-02
  1.61600E+02 -2.51753E-02
  1.61700E+02 -2.51719E-02
  1.61800E+02 -2.51684E-02
  1.61900E+02 -2.51650E-02
  1.62000E+02 -2.51616E-02
  1.62100E+02 -2.51582E-02
  1.62200E+02 -2.51548E-02
  1.62300E+02 -2.51514E-02
  1.62400E+02 -2.51480E-02
  1.62500E+02 -2.51445E-02
  1.62600E+02 -2.51411E-02
  1.62700E+02 -2.51377E-02
  1.62800E+02 -2.51343E-02
  1.62900E+02 -2.51309E-02
  1.63000E+02 -2.51275E-02
  1.63100E+02 -2.51241E-02
  1.63200E+02 -2.51207E-02
  1.63300E+02 -2.51174E-02
  1.63400E+02 -2.51140E-02
  1.63500E+02 -2.51106E-02
  1.63600E+02 -2.51072E-02
  1.63700E+02 -2.51038E-02
  1.63800E+02 -2.51004E-02
  1.63900E+02 -2.50970E-02
  1.64000E+02 -2.50937E-02
  1.64100E+02 -2.50903E-02
  1.64200E+02 -2.50869E-02
  1.64300E+02 -2.50835E-02
  1.64400E+02 -2.50802E-02
  1.64500E+02 -2.50768E-02
  1.64600E+02 -2.50734E-02
  1.64700E+02 -2.50701E-02
  1.64800E+02 -2.50667E-02
  1.64900E+02 -2.50634E-02
  1.65000E+02 -2.50600E-02
  1.65100E+02 -2.50566E-02
  1.65200E+02 -2.50533E-02
  1.65300E+02 -2.50499E-02
  1.65400E+02 -2.50466E-02
  1.65500E+02 -2.50432E-02
  1.65600E+02 -2.50399E-02
  1.65700E+02 -2.50365E-02
  1.65800E+02 -2.50332E-02
  1.65900E+02 -2.50299E-02
  1.66000E+02 -2.50265E-02
  1.66100E+02 -2.50232E-02
  1.66200E+02 -2.50198E-02
  1.66300E+02 -2.50165E-02
  1.66400E+02 -2.50132E-02
  1.66500E+02 -2.50098E-02
  1.66600E+02 -2.50065E-02
  1.66700E+02 -2.50032E-02
  1.66800E+02 -2.49999E-02
  1.66900E+02 -2.49965E-02
  1.67000E+02 -2.49932E-02
  1.67100E+02 -2.49899E-02
  1.67200E+02 -2.49866E-02
  1.67300E+02 -2.49833E-02
  1.67400E+02 -2.49800E-02
  1.67500E+02 -2.49767E-02
  1.67600E+02 -2.49733E-02
  1.67700E+02 -2.49700E-02
  1.67800E+02 -2.49667E-02
  1.67900E+02 -2.49634E-02
  1.68000E+02 -2.49601E-02
  1.68100E+02 -2.49568E-02
  1.68200E+02 -2.49535E-02
  1.68300E+02 -2.49502E-02
  1.68400E+02 -2.49469E-02
  1.68500E+02 -2.49437E-02
  1.68600E+02 -2.49404E-02
  1.68700E+02 -2.49371E-02
  1.68800E+02 -2.49338E-02
  1.68900E+02 -2.49305E-02
  1.69000E+02 -2.49272E-02
  1.69100E+02 -2.49239E-02
  1.69200E+02 -2.49207E-02
  1.69300E+02 -2.49174E-02
  1.69400E+02 -2.49141E-02
  1.69500E+02 -2.49108E-02
  1.69600E+02 -2.49076E-02
  1.69700E+02 -2.49043E-02
  1.69800E+02 -2.49010E-02
  1.69900E+02 -2.48978E-02
  1.70000E+02 -2.48945E-02
  1.70100E+02 -2.48912E-02
  1.70200E+02 -2.48880E-02
  1.70300E+02 -2.48847E-02
  1.70400E+02 -2.48815E-02
  1.70500E+02 -2.48782E-02
  1.70600E+02 -2.48750E-02
  1.70700E+02 -2.48717E-02
  1.70800E+02 -2.48685E-02
  1.70900E+02 -2.48652E-02
  1.71000E+02 -2.48620E-02
  1.71100E+02 -2.48587E-02
  1.71200E+02 -2.48555E-02
  1.71300E+02 -2.48522E-02
  1.71400E+02 -2.48490E-02
  1.71500E+02 -2.48458E-02
  1.71600E+02 -2.48425E-02
  1.71700E+02 -2.48393E-02
  1.71800E+02 -2.48361E-02
  1.71900E+02 -2.48328E-02
  1.72000E+02 -2.48296E-02
  1.72100E+02 -2.48264E-02
  1.72200E+02 -2.48232E-02
  1.72300E+02 -2.48199E-02
  1.72400E+02 -2.48167E-02
  1.72500E+02 -2.48135E-02
  1.72600E+02 -2.48103E-02
  1.72700E+02 -2.48071E-02
  1.72800E+02 -2.48038E-02
  1.72900E+02 -2.48006E-02
  1.73000E+02 -2.47974E-02
  1.73100E+02 -2.47942E-02
  1.73200E+02 -2.47910E-02
  1.73300E+02 -2.47878E-02
  1.73400E+02 -2.47846E-02
  1.73500E+02 -2.47814E-02
  1.73600E+02 -2.47782E-02
  1.73700E+02 -2.47750E-02
  1.73800E+02 -2.47718E-02
  1.73900E+02 -2.47686E-02
  1.74000E+02 -2.47654E-02
  1.74100E+02 -2.47622E-02
  1.74200E+02 -2.47590E-02
  1.74300E+02 -2.47559E-02
  1.74400E+02 -2.47527E-02
  1.74500E+02 -2.47495E-02
  1.74600E+02 -2.47463E-02
  1.74700E+02 -2.47431E-02
  1.74800E+02 -2.47399E-02
  1.74900E+02 -2.47368E-02
  1.75000E+02 -2.47336E-02
  1.75100E+02 -2.47304E-02
  1.75200E+02 -2.47273E-02
  1.75300E+02 -2.47241E-02
  1.75400E+02 -2.47209E-02
  1.75500E+02 -2.47177E-02
  1.75600E+02 -2.47146E-02
  1.75700E+02 -2.47114E-02
  1.75800E+02 -2.47083E-02
  1.75900E+02 -2.47051E-02
  1.76000E+02 -2.47019E-02
  1.76100E+02 -2.46988E-02
  1.76200E+02 -2.46956E-02
  1.76300E+02 -2.46925E-02
  1.76400E+02 -2.46893E-02
  1.76500E+02 -2.46862E-02
  1.76600E+02 -2.46830E-02
  1.76700E+02 -2.46799E-02
  1.76800E+02 -2.46767E-02
  1.76900E+02 -2.46736E-02
  1.77000E+02 -2.46705E-02
  1.77100E+02 -2.46673E-02
  1.77200E+02 -2.46642E-02
  1.77300E+02 -2.46611E-02
  1.77400E+02 -2.46579E-02
  1.77500E+02 -2.46548E-02
  1.77600E+02 -2.46517E-02
  1.77700E+02 -2.46485E-02
  1.77800E+02 -2.46454E-02
  1.77900E+02 -2.46423E-02
  1.78000E+02 -2.46392E-02
  1.78100E+02 -2.46360E-02
  1.78200E+02 -2.46329E-02
  1.78300E+02 -2.46298E-02
  1.78400E+02 -2.46267E-02
  1.78500E+02 -2.46236E-02
  1.78600E+02 -2.46204E-02
  1.78700E+02 -2.46173E-02
  1.78800E+02 -2.46142E-02
  1.78900E+02 -2.46111E-02
  1.79000E+02 -2.46080E-02
  1.79100E+02 -2.46049E-02
  1.79200E+02 -2.46018E-02
  1.79300E+02 -2.45987E-02
  1.79400E+02 -2.45956E-02
  1.79500E+02 -2.45925E-02
  1.79600E+02 -2.45894E-02
  1.79700E+02 -2.45863E-02
  1.79800E+02 -2.45832E-02
  1.79900E+02 -2.45801E-02
  1.80000E+02 -2.45770E-02
  1.80100E+02 -2.45739E-02
  1.80200E+02 -2.45709E-02
  1.80300E+02 -2.45678E-02
  1.80400E+02 -2.45647E-02
  1.80500E+02 -2.45616E-02
  1.80600E+02 -2.45585E-02
  1.80700E+02 -2.45554E-02
  1.80800E+02 -2.45524E-02
  1.80900E+02 -2.45493E-02
  1.81000E+02 -2.45462E-02
  1.81100E+02 -2.45431E-02
  1.81200E+02 -2.45401E-02
  1.81300E+02 -2.45370E-02
  1.81400E+02 -2.45339E-02
  1.81500E+02 -2.45309E-02
  1.81600E+02 -2.45278E-02
  1.81700E+02 -2.45247E-02
  1.81800E+02 -2.45217E-02
  1.81900E+02 -2.45186E-02
  1.82000E+02 -2.45156E-02
  1.82100E+02 -2.45125E-02
  1.82200E+02 -2.45095E-02
  1.82300E+02 -2.45064E-02
  1.82400E+02 -2.45034E-02
  1.82500E+02 -2.45003E-02
  1.82600E+02 -2.44973E-02
  1.82700E+02 -2.44942E-02
  1.82800E+02 -2.44912E-02
  1.82900E+02 -2.44881E-02
  1.83000E+02 -2.44851E-02
  1.83100E+02 -2.44820E-02
  1.83200E+02 -2.44790E-02
  1.83300E+02 -2.44760E-02
  1.83400E+02 -2.44729E-02
  1.83500E+02 -2.44699E-02
  1.83600E+02 -2.44669E-02
  1.83700E+02 -2.44638E-02
  1.83800E+02 -2.44608E-02
  1.83900E+02 -2.44578E-02
  1.84000E+02 -2.44548E-02
  1.84100E+02 -2.44517E-02
  1.84200E+02 -2.44487E-02
  1.84300E+02 -2.44457E-02
  1.84400E+02 -2.44427E-02
  1.84500E+02 -2.44396E-02
  1.84600E+02 -2.44366E-02
  1.84700E+02 -2.44336E-02
  1.84800E+02 -2.44306E-02
  1.84900E+02 -2.44276E-02
  1.85000E+02 -2.44246E-02
  1.85100E+02 -2.44216E-02
  1.85200E+02 -2.44186E-02
  1.85300E+02 -2.44156E-02
  1.85400E+02 -2.44126E-02
  1.85500E+02 -2.44095E-02
  1.85600E+02 -2.44065E-02
  1.85700E+02 -2.44035E-02
  1.85800E+02 -2.44006E-02
  1.85900E+02 -2.43976E-02
  1.86000E+02 -2.43946E-02
  1.86100E+02 -2.43916E-02
  1.86200E+02 -2.43886E-02
  1.86300E+02 -2.43856E-02
  1.86400E+02 -2.43826E-02
  1.86500E+02 -2.43796E-02
  1.86600E+02 -2.43766E-02
  1.86700E+02 -2.43736E-02
  1.86800E+02 -2.43707E-02
  1.86900E+02 -2.43677E-02
  1.87000E+02 -2.43647E-02
  1.87100E+02 -2.43617E-02
  1.87200E+02 -2.43587E-02
  1.87300E+02 -2.43558E-02
  1.87400E+02 -2.43528E-02
  1.87500E+02 -2.43498E-02
  1.87600E+02 -2.43469E-02
  1.87700E+02 -2.43439E-02
  1.87800E+02 -2.43409E-02
  1.87900E+02 -2.43380E-02
  1.88000E+02 -2.43350E-02
  1.88100E+02 -2.43320E-02
  1.88200E+02 -2.43291E-02
  1.88300E+02 -2.43261E-02
  1.88400E+02 -2.43231E-02
  1.88500E+02 -2.43202E-02
  1.88600E+02 -2.43172E-02
  1.88700E+02 -2.43143E-02
  1.88800E+02 -2.43113E-02
  1.88900E+02 -2.43084E-02
  1.89000E+02 -2.43054E-02
  1.89100E+02 -2.43025E-02
  1.89200E+02 -2.42995E-02
  1.89300E+02 -2.42966E-02
  1.89400E+02 -2.42936E-02
  1.89500E+02 -2.42907E-02
  1.89600E+02 -2.42878E-02
  1.89700E+02 -2.42848E-02
  1.89800E+02 -2.42819E-02
  1.89900E+02 -2.42790E-02
  1.90000E+02 -2.42760E-02
  1.90100E+02 -2.42731E-02
  1.90200E+02 -2.42702E-02
  1.90300E+02 -2.42672E-02
  1.90400E+02 -2.42643E-02
  1.90500E+02 -2.42614E-02
  1.90600E+02 -2.42584E-02
  1.90700E+02 -2.42555E-02
  1.90800E+02 -2.42526E-02
  1.90900E+02 -2.42497E-02
  1.91000E+02 -2.42468E-02
  1.91100E+02 -2.42438E-02
  1.91200E+02 -2.42409E-02
  1.91300E+02 -2.42380E-02
  1.91400E+02 -2.42351E-02
  1.91500E+02 -2.42322E-02
  1.91600E+02 -2.42293E-02
  1.91700E+02 -2.42264E-02
  1.91800E+02 -2.42235E-02
  1.91900E+02 -2.42205E-02
  1.92000E+02 -2.42176E-02
  1.92100E+02 -2.42147E-02
  1.92200E+02 -2.42118E-02
  1.92300E+02 -2.42089E-02
  1.92400E+02 -2.42060E-02
  1.92500E+02 -2.42031E-02
  1.92600E+02 -2.42002E-02
  1.92700E+02 -2.41973E-02
  1.92800E+02 -2.41945E-02
  1.92900E+02 -2.41916E-02
  1.93000E+02 -2.41887E-02
  1.93100E+02 -2.41858E-02
  1.93200E+02 -2.41829E-02
  1.93300E+02 -2.41800E-02
  1.93400E+02 -2.41771E-02
  1.93500E+02 -2.41742E-02
  1.93600E+02 -2.41714E-02
  1.93700E+02 -2.41685E-02
  1.93800E+02 -2.41656E-02
  1.93900E+02 -2.41627E-02
  1.94000E+02 -2.41598E-02
  1.94100E+02 -2.41570E-02
  1.94200E+02 -2.41541E-02
  1.94300E+02 -2.41512E-02
  1.94400E+02 -2.41484E-02
  1.94500E+02 -2.41455E-02
  1.94600E+02 -2.41426E-02
  1.94700E+02 -2.41397E-02
  1.94800E+02 -2.41369E-02
  1.94900E+02 -2.41340E-02
  1.95000E+02 -2.41312E-02
  1.95100E+02 -2.41283E-02
  1.95200E+02 -2.41254E-02
  1.95300E+02 -2.41226E-02
  1.95400E+02 -2.41197E-02
  1.95500E+02 -2.41169E-02
  1.95600E+02 -2.41140E-02
  1.95700E+02 -2.41112E-02
  1.95800E+02 -2.41083E-02
  1.95900E+02 -2.41055E-02
  1.96000E+02 -2.41026E-02
  1.96100E+02 -2.40998E-02
  1.96200E+02 -2.40969E-02
  1.96300E+02 -2.40941E-02
  1.96400E+02 -2.40912E-02
  1.96500E+02 -2.40884E-02
  1.96600E+02 -2.40856E-02
  1.96700E+02 -2.40827E-02
  1.96800E+02 -2.40799E-02
  1.96900E+02 -2.40770E-02
  1.97000E+02 -2.40742E-02
  1.97100E+02 -2.40714E-02
  1.97200E+02 -2.40685E-02
  1.97300E+02 -2.40657E-02
  1.97400E+02 -2.40629E-02
  1.97500E+02 -2.40601E-02
  1.97600E+02 -2.40572E-02
  1.97700E+02 -2.40544E-02
  1.97800E+02 -2.40516E-02
  1.97900E+02 -2.40488E-02
  1.98000E+02 -2.40459E-02
  1.98100E+02 -2.40431E-02
  1.98200E+02 -2.40403E-02
  1.98300E+02 -2.40375E-02
  1.98400E+02 -2.40347E-02
  1.98500E+02 -2.40319E-02
  1.98600E+02 -2.40290E-02
  1.98700E+02 -2.40262E-02
  1.98800E+02 -2.40234E-02
  1.98900E+02 -2.40206E-02
  1.99000E+02 -2.40178E-02
  1.99100E+02 -2.40150E-02
  1.99200E+02 -2.40122E-02
  1.99300E+02 -2.40094E-02
  1.99400E+02 -2.40066E-02
  1.99500E+02 -2.40038E-02
  1.99600E+02 -2.40010E-02
  1.99700E+02 -2.39982E-02
  1.99800E+02 -2.39954E-02
  1.99900E+02 -2.39926E-02
  2.00000E+02 -2.39898E-02
