@page size 600,600
@view 0.12,0.1,0.97,0.93
@subtitle "PHOENIX module phox, 01/25/18 at 13:39:13 -08:00"
@xaxes scale Normal
@yaxes scale Normal
@xaxis label "energy (meV)"
@yaxis label "data without elastic peak"
@s0 errorbar size 0.0
@type xydy
 -7.96489E+01 -8.65986E-01  0.00000E+00
 -7.93994E+01  2.04987E-01  1.41864E+00
 -7.91498E+01  1.31979E-01  1.50422E-01
 -7.89003E+01 -8.64286E-01  0.00000E+00
 -7.86508E+01 -8.28500E-01  1.00162E+00
 -7.84013E+01  1.09996E-01  3.31822E-01
 -7.81517E+01  1.18669E+00  1.68044E+00
 -7.79022E+01  1.05932E+00  1.08619E+00
 -7.76527E+01  2.21422E+00  1.97174E+00
 -7.74031E+01  2.22221E-01  4.37737E-01
 -7.71536E+01 -8.63955E-01  3.00734E-01
 -7.69041E+01 -7.50357E-01  9.77319E-01
 -7.66546E+01  6.77826E-02  0.00000E+00
 -7.64050E+01 -8.66216E-01  0.00000E+00
 -7.61555E+01 -8.65888E-01  0.00000E+00
 -7.59060E+01  1.03355E+00  1.37969E+00
 -7.56564E+01 -6.12277E-01  5.04241E-01
 -7.54069E+01 -8.65441E-01  1.83386E-01
 -7.51574E+01 -8.14142E-01  9.90860E-01
 -7.49078E+01  1.04347E-01  0.00000E+00
 -7.46583E+01 -8.66149E-01  0.00000E+00
 -7.44088E+01 -8.33616E-01  1.80058E-01
 -7.41593E+01  2.06869E-01  1.03709E+00
 -7.39097E+01  1.05493E+00  1.38910E+00
 -7.36602E+01 -8.01143E-01  2.55073E-01
 -7.34107E+01  1.13021E+00  1.47267E+00
 -7.31611E+01  2.63864E-01  1.36072E+00
 -7.29116E+01  2.65027E-02  6.40108E-02
 -7.26621E+01  1.27630E-01  9.99016E-01
 -7.24126E+01 -8.49820E-01  3.69544E-01
 -7.21630E+01 -7.43572E-01  9.63729E-01
 -7.19135E+01  6.03529E-02  0.00000E+00
 -7.16640E+01 -8.65490E-01  0.00000E+00
 -7.14144E+01 -7.49024E-01  3.42796E-01
 -7.11649E+01  1.02134E+00  1.37647E+00
 -7.09154E+01  2.40897E-01  1.05314E+00
 -7.06659E+01  1.02672E+00  1.38027E+00
 -7.04163E+01  2.68219E-01  1.06518E+00
 -7.01668E+01  1.05054E+00  1.39076E+00
 -6.99173E+01 -7.36514E-01  3.32265E-01
 -6.96677E+01  7.18929E-02  9.71206E-01
 -6.94182E+01 -7.49466E-01  3.50396E-01
 -6.91687E+01  1.15333E+00  1.42869E+00
 -6.89191E+01  7.06345E-02  9.54026E-01
 -6.86696E+01 -7.22122E-01  3.78845E-01
 -6.84201E+01  2.15251E+00  1.74311E+00
 -6.81706E+01  1.13252E+00  1.40894E+00
 -6.79210E+01  1.97420E-01  1.03843E+00
 -6.76715E+01  3.52422E-01  1.11562E+00
 -6.74220E+01  1.87595E+00  1.65796E+00
 -6.71724E+01 -7.36682E-01  3.11330E-01
 -6.69229E+01  8.10479E-02  9.83632E-01
 -6.66734E+01  1.11927E+00  1.40305E+00
 -6.64239E+01 -8.21074E-01  2.11600E-01
 -6.61743E+01  1.10981E+00  1.41001E+00
 -6.59248E+01 -6.04518E-01  5.34064E-01
 -6.56753E+01  2.97242E+00  1.97599E+00
 -6.54257E+01  1.27537E-01  9.54461E-01
 -6.51762E+01 -2.86334E-02  9.11347E-01
 -6.49267E+01 -4.43074E-01  6.51387E-01
 -6.46771E+01  2.01078E+00  1.70326E+00
 -6.44276E+01  1.06007E+00  1.39756E+00
 -6.41781E+01  5.90547E-02  9.42847E-01
 -6.39286E+01 -8.66037E-01  0.00000E+00
 -6.36790E+01 -8.66142E-01  0.00000E+00
 -6.34295E+01 -7.11018E-01  4.18506E-01
 -6.31800E+01  1.94335E+00  1.69335E+00
 -6.29304E+01 -7.12315E-01  2.77574E-01
 -6.26809E+01  1.91489E+00  1.69552E+00
 -6.24314E+01  1.47259E+00  1.52725E+00
 -6.21819E+01  4.11307E+00  2.25956E+00
 -6.19323E+01  2.78053E+00  1.88593E+00
 -6.16828E+01 -5.22169E-01  4.48028E-01
 -6.14333E+01  1.79641E+00  1.65636E+00
 -6.11837E+01 -3.88516E-01  6.98266E-01
 -6.09342E+01  2.72720E+00  1.92687E+00
 -6.06847E+01  4.22707E-01  1.05196E+00
 -6.04351E+01  9.86558E-01  1.40679E+00
 -6.01856E+01  1.54737E-01  9.66444E-01
 -5.99361E+01  1.27611E+00  1.46376E+00
 -5.96866E+01  3.40828E+00  2.09364E+00
 -5.94370E+01  3.61930E+00  2.09902E+00
 -5.91875E+01 -5.77785E-01  5.32223E-01
 -5.89380E+01  2.98029E+00  1.99393E+00
 -5.86884E+01  1.88925E+00  1.64407E+00
 -5.84389E+01 -4.76907E-01  5.50257E-01
 -5.81894E+01  2.72405E+00  1.92882E+00
 -5.79399E+01  5.55217E-01  1.15109E+00
 -5.76903E+01  2.80203E+00  1.91648E+00
 -5.74408E+01  1.79883E+00  1.64898E+00
 -5.71913E+01  4.63894E+00  2.37950E+00
 -5.69417E+01  2.54721E+00  1.79887E+00
 -5.66922E+01  3.87203E+00  2.20895E+00
 -5.64427E+01  1.98109E+00  1.65231E+00
 -5.61931E+01  2.90418E-01  1.05485E+00
 -5.59436E+01  2.03142E+00  1.70225E+00
 -5.56941E+01  1.24238E+00  1.44171E+00
 -5.54446E+01  2.10437E+00  1.75880E+00
 -5.51950E+01  2.03532E+00  1.71690E+00
 -5.49455E+01  1.11139E+00  1.39063E+00
 -5.46960E+01  2.42143E+00  1.80849E+00
 -5.44464E+01  7.11767E+00  2.85900E+00
 -5.41969E+01  2.27365E+00  1.76014E+00
 -5.39474E+01  4.36114E+00  2.28299E+00
 -5.36979E+01  4.11099E+00  2.23022E+00
 -5.34483E+01  6.05242E+00  2.67486E+00
 -5.31988E+01  6.07203E+00  2.62583E+00
 -5.29493E+01  7.79542E+00  2.97651E+00
 -5.26997E+01  3.77571E+00  2.02505E+00
 -5.24502E+01  3.50269E+00  2.12402E+00
 -5.22007E+01  8.97640E-02  8.67016E-01
 -5.19512E+01  4.51492E-01  1.16150E+00
 -5.17016E+01  2.98440E+00  2.00051E+00
 -5.14521E+01  3.56041E+00  2.10573E+00
 -5.12026E+01  5.62661E+00  2.59607E+00
 -5.09530E+01  3.44856E+00  1.98840E+00
 -5.07035E+01  4.15813E+00  2.24756E+00
 -5.04540E+01  2.79217E+00  1.93127E+00
 -5.02044E+01  1.53359E+00  1.53523E+00
 -4.99549E+01  5.99811E+00  2.66043E+00
 -4.97054E+01  5.76012E+00  2.59146E+00
 -4.94559E+01  6.02118E+00  2.64508E+00
 -4.92063E+01  6.58770E+00  2.69650E+00
 -4.89568E+01  5.29843E+00  2.44127E+00
 -4.87073E+01  5.38173E-01  1.06662E+00
 -4.84577E+01  7.61226E+00  2.96921E+00
 -4.82082E+01  4.56507E+00  2.28564E+00
 -4.79587E+01  6.58748E+00  2.77747E+00
 -4.77092E+01  5.57156E+00  2.53473E+00
 -4.74596E+01  8.75887E+00  3.12779E+00
 -4.72101E+01  7.12431E+00  2.84674E+00
 -4.69606E+01  8.07153E+00  2.97952E+00
 -4.67110E+01  8.86918E+00  3.09105E+00
 -4.64615E+01  8.74913E+00  3.13349E+00
 -4.62120E+01  1.87973E+00  1.56556E+00
 -4.59624E+01  6.04745E+00  2.74400E+00
 -4.57129E+01  1.05095E+01  3.37489E+00
 -4.54634E+01  1.51496E+01  3.94456E+00
 -4.52139E+01  5.87913E+00  2.60271E+00
 -4.49643E+01  6.44178E+00  2.67278E+00
 -4.47148E+01  6.92044E+00  2.81569E+00
 -4.44653E+01  5.25948E+00  2.43532E+00
 -4.42157E+01  4.80798E+00  2.39015E+00
 -4.39662E+01  1.13072E+01  3.57778E+00
 -4.37167E+01  4.86729E+00  2.17820E+00
 -4.34672E+01  5.73453E+00  2.69799E+00
 -4.32176E+01  7.31570E+00  2.81908E+00
 -4.29681E+01  7.66519E+00  2.94894E+00
 -4.27186E+01  1.18398E+01  3.62866E+00
 -4.24690E+01  7.48473E+00  2.84155E+00
 -4.22195E+01  1.03276E+01  3.35484E+00
 -4.19700E+01  1.58157E+01  4.13049E+00
 -4.17204E+01  1.38332E+01  3.81532E+00
 -4.14709E+01  1.26355E+01  3.67335E+00
 -4.12214E+01  1.56266E+01  4.10039E+00
 -4.09719E+01  1.30122E+01  3.70134E+00
 -4.07223E+01  1.47677E+01  3.89479E+00
 -4.04728E+01  1.84383E+01  4.43525E+00
 -4.02233E+01  6.92431E+00  2.68203E+00
 -3.99737E+01  1.23691E+01  3.70932E+00
 -3.97242E+01  1.92357E+01  4.60623E+00
 -3.94747E+01  2.07444E+01  4.57656E+00
 -3.92252E+01  1.91597E+01  4.44128E+00
 -3.89756E+01  1.89430E+01  4.48089E+00
 -3.87261E+01  2.28620E+01  4.90390E+00
 -3.84766E+01  2.06160E+01  4.58945E+00
 -3.82270E+01  2.81636E+01  5.45031E+00
 -3.79775E+01  2.50099E+01  5.15017E+00
 -3.77280E+01  2.43888E+01  4.94480E+00
 -3.74785E+01  2.62353E+01  5.34490E+00
 -3.72289E+01  3.98976E+01  6.46704E+00
 -3.69794E+01  3.80042E+01  6.20555E+00
 -3.67299E+01  4.13788E+01  6.46309E+00
 -3.64803E+01  4.72771E+01  6.91705E+00
 -3.62308E+01  5.64099E+01  7.74986E+00
 -3.59813E+01  5.16218E+01  7.26077E+00
 -3.57317E+01  7.09557E+01  8.54640E+00
 -3.54822E+01  7.21420E+01  8.54859E+00
 -3.52327E+01  7.95287E+01  8.92290E+00
 -3.49832E+01  7.91682E+01  9.04684E+00
 -3.47336E+01  8.59101E+01  9.39649E+00
 -3.44841E+01  9.75402E+01  9.89531E+00
 -3.42346E+01  8.93476E+01  9.47594E+00
 -3.39850E+01  9.14157E+01  9.57632E+00
 -3.37355E+01  9.70238E+01  9.93100E+00
 -3.34860E+01  9.08009E+01  9.55957E+00
 -3.32365E+01  8.59593E+01  9.27445E+00
 -3.29869E+01  7.85580E+01  8.95680E+00
 -3.27374E+01  8.20153E+01  9.11256E+00
 -3.24879E+01  9.50890E+01  9.84094E+00
 -3.22383E+01  9.89293E+01  1.00678E+01
 -3.19888E+01  8.42963E+01  9.17058E+00
 -3.17393E+01  8.41397E+01  9.18126E+00
 -3.14897E+01  9.19870E+01  9.62068E+00
 -3.12402E+01  8.47905E+01  9.28966E+00
 -3.09907E+01  1.01138E+02  1.01462E+01
 -3.07412E+01  9.86611E+01  9.93213E+00
 -3.04916E+01  9.83026E+01  9.96563E+00
 -3.02421E+01  9.73085E+01  9.77987E+00
 -2.99926E+01  9.21757E+01  9.83966E+00
 -2.97430E+01  9.42504E+01  9.72316E+00
 -2.94935E+01  9.73305E+01  9.98477E+00
 -2.92440E+01  1.10962E+02  1.06376E+01
 -2.89945E+01  1.18242E+02  1.08130E+01
 -2.87449E+01  1.24999E+02  1.14449E+01
 -2.84954E+01  1.28109E+02  1.13648E+01
 -2.82459E+01  1.47515E+02  1.22036E+01
 -2.79963E+01  1.32144E+02  1.15016E+01
 -2.77468E+01  1.37488E+02  1.16950E+01
 -2.74973E+01  1.54018E+02  1.25306E+01
 -2.72477E+01  1.54255E+02  1.25272E+01
 -2.69982E+01  1.47577E+02  1.21053E+01
 -2.67487E+01  1.59089E+02  1.28014E+01
 -2.64992E+01  1.37101E+02  1.15408E+01
 -2.62496E+01  1.43482E+02  1.21642E+01
 -2.60001E+01  1.63421E+02  1.29635E+01
 -2.57506E+01  1.77632E+02  1.32776E+01
 -2.55010E+01  1.61413E+02  1.26453E+01
 -2.52515E+01  1.66363E+02  1.30772E+01
 -2.50020E+01  1.71617E+02  1.32697E+01
 -2.47525E+01  1.80636E+02  1.33923E+01
 -2.45029E+01  1.91816E+02  1.39568E+01
 -2.42534E+01  1.94720E+02  1.39813E+01
 -2.40039E+01  1.69032E+02  1.29665E+01
 -2.37543E+01  1.80065E+02  1.34325E+01
 -2.35048E+01  1.77232E+02  1.34633E+01
 -2.32553E+01  1.83946E+02  1.35097E+01
 -2.30057E+01  1.90175E+02  1.37818E+01
 -2.27562E+01  1.88720E+02  1.39590E+01
 -2.25067E+01  2.13570E+02  1.46795E+01
 -2.22572E+01  2.04673E+02  1.42245E+01
 -2.20076E+01  2.65881E+02  1.65629E+01
 -2.17581E+01  2.42012E+02  1.54594E+01
 -2.15086E+01  2.39033E+02  1.55365E+01
 -2.12590E+01  2.44034E+02  1.56685E+01
 -2.10095E+01  2.56695E+02  1.61162E+01
 -2.07600E+01  2.29953E+02  1.51320E+01
 -2.05105E+01  2.55071E+02  1.62218E+01
 -2.02609E+01  2.54776E+02  1.58974E+01
 -2.00114E+01  2.54610E+02  1.59871E+01
 -1.97619E+01  2.43571E+02  1.56020E+01
 -1.95123E+01  2.62087E+02  1.63506E+01
 -1.92628E+01  2.43940E+02  1.56556E+01
 -1.90133E+01  2.49346E+02  1.57264E+01
 -1.87638E+01  2.41927E+02  1.55409E+01
 -1.85142E+01  2.44279E+02  1.57598E+01
 -1.82647E+01  2.46416E+02  1.56605E+01
 -1.80152E+01  2.49324E+02  1.58606E+01
 -1.77656E+01  2.37613E+02  1.55456E+01
 -1.75161E+01  2.62160E+02  1.62267E+01
 -1.72666E+01  2.62699E+02  1.63621E+01
 -1.70170E+01  2.82153E+02  1.67445E+01
 -1.67675E+01  2.62401E+02  1.61778E+01
 -1.65180E+01  2.45810E+02  1.57204E+01
 -1.62685E+01  2.36127E+02  1.52601E+01
 -1.60189E+01  2.52504E+02  1.59668E+01
 -1.57694E+01  2.37383E+02  1.54532E+01
 -1.55199E+01  2.37426E+02  1.53693E+01
 -1.52703E+01  2.58483E+02  1.62230E+01
 -1.50208E+01  2.60978E+02  1.62772E+01
 -1.47713E+01  2.69928E+02  1.63397E+01
 -1.45218E+01  2.38841E+02  1.54388E+01
 -1.42722E+01  2.37691E+02  1.53027E+01
 -1.40227E+01  2.40339E+02  1.55676E+01
 -1.37732E+01  2.39552E+02  1.54823E+01
 -1.35236E+01  2.38554E+02  1.55157E+01
 -1.32741E+01  2.37864E+02  1.54580E+01
 -1.30246E+01  2.19866E+02  1.47178E+01
 -1.27750E+01  2.29863E+02  1.53298E+01
 -1.25255E+01  2.48019E+02  1.58092E+01
 -1.22760E+01  2.37081E+02  1.53771E+01
 -1.20265E+01  2.51555E+02  1.59385E+01
 -1.17769E+01  2.50864E+02  1.58178E+01
 -1.15274E+01  2.20741E+02  1.48030E+01
 -1.12779E+01  2.18632E+02  1.49766E+01
 -1.10283E+01  2.10299E+02  1.43062E+01
 -1.07788E+01  2.51574E+02  1.60580E+01
 -1.05293E+01  2.55585E+02  1.61380E+01
 -1.02798E+01  2.60357E+02  1.60190E+01
 -1.00302E+01  2.36005E+02  1.54858E+01
 -9.78070E+00  2.46774E+02  1.61475E+01
 -9.53117E+00  2.32515E+02  1.55378E+01
 -9.28164E+00  2.56258E+02  1.62667E+01
 -9.03211E+00  2.43858E+02  1.59695E+01
 -8.78258E+00  2.33611E+02  1.58632E+01
 -8.53305E+00  2.49635E+02  1.59913E+01
 -8.28352E+00  2.51327E+02  1.58966E+01
 -8.03399E+00  2.37551E+02  1.58414E+01
 -7.78446E+00  2.52948E+02  1.62391E+01
 -7.53493E+00  2.41539E+02  1.56064E+01
 -7.28540E+00  2.25056E+02  1.54800E+01
 -7.03587E+00  2.40467E+02  1.60800E+01
 -6.78634E+00  2.56693E+02  1.65386E+01
 -6.53681E+00  2.80023E+02  1.71930E+01
 -6.28728E+00  2.73535E+02  1.68246E+01
 -6.03776E+00  2.84489E+02  1.74161E+01
 -5.78823E+00  2.47756E+02  1.62736E+01
 -5.53870E+00  2.52004E+02  1.64789E+01
 -5.28917E+00  2.58878E+02  1.63457E+01
 -5.03964E+00  2.67455E+02  1.72901E+01
 -4.79011E+00  2.51131E+02  1.67918E+01
 -4.54058E+00  2.71469E+02  1.75273E+01
 -4.29105E+00  2.47963E+02  1.73206E+01
 -4.04152E+00  2.78426E+02  1.81525E+01
 -3.79199E+00  2.77996E+02  1.81990E+01
 -3.54246E+00  2.61613E+02  1.93716E+01
 -3.29293E+00  2.79922E+02  2.09610E+01
 -3.04340E+00  2.68974E+02  2.18891E+01
 -2.79387E+00  2.72530E+02  2.36552E+01
 -2.54434E+00  2.76017E+02  2.46416E+01
 -2.29482E+00  2.83227E+02  2.72983E+01
 -2.04529E+00  2.95483E+02  3.13316E+01
 -1.79576E+00  3.09096E+02  3.54170E+01
 -1.54623E+00  3.14028E+02  4.06645E+01
 -1.29670E+00  3.03659E+02  4.93604E+01
 -1.04717E+00  2.86810E+02  6.17187E+01
 -7.97639E-01  2.77106E+02  8.57133E+01
 -5.48110E-01  2.79011E+02  1.18774E+02
 -2.98581E-01  2.87288E+02  1.44057E+02
 -4.90514E-02  2.92587E+02  1.54414E+02
  2.00478E-01  2.92417E+02  1.44742E+02
  4.50007E-01  2.86964E+02  1.16998E+02
  6.99537E-01  2.80962E+02  8.47442E+01
  9.49066E-01  2.79018E+02  6.02511E+01
  1.19860E+00  2.84305E+02  4.59680E+01
  1.44812E+00  2.96687E+02  3.67471E+01
  1.69765E+00  3.12538E+02  3.14987E+01
  1.94718E+00  3.24788E+02  2.63282E+01
  2.19671E+00  3.30174E+02  2.41585E+01
  2.44624E+00  3.28256E+02  2.21051E+01
  2.69577E+00  3.21472E+02  2.09646E+01
  2.94530E+00  3.12956E+02  1.99998E+01
  3.19483E+00  2.75134E+02  1.82934E+01
  3.44436E+00  2.87856E+02  1.88106E+01
  3.69389E+00  3.27748E+02  1.95483E+01
  3.94342E+00  3.00284E+02  1.81082E+01
  4.19295E+00  2.74431E+02  1.75907E+01
  4.44248E+00  3.19153E+02  1.85697E+01
  4.69201E+00  3.07933E+02  1.81489E+01
  4.94154E+00  3.17653E+02  1.84885E+01
  5.19106E+00  2.96559E+02  1.76931E+01
  5.44059E+00  3.01162E+02  1.78164E+01
  5.69012E+00  2.92956E+02  1.73304E+01
  5.93965E+00  3.21027E+02  1.86093E+01
  6.18918E+00  3.33714E+02  1.87084E+01
  6.43871E+00  3.40189E+02  1.88396E+01
  6.68824E+00  3.37100E+02  1.84926E+01
  6.93777E+00  3.23334E+02  1.83769E+01
  7.18730E+00  3.33558E+02  1.85190E+01
  7.43683E+00  3.21893E+02  1.81964E+01
  7.68636E+00  3.34338E+02  1.84806E+01
  7.93589E+00  3.20353E+02  1.81695E+01
  8.18542E+00  3.53910E+02  1.95474E+01
  8.43495E+00  3.48705E+02  1.86597E+01
  8.68447E+00  3.51177E+02  1.90943E+01
  8.93400E+00  3.47738E+02  1.85223E+01
  9.18353E+00  3.50457E+02  1.92672E+01
  9.43306E+00  3.38161E+02  1.84971E+01
  9.68259E+00  3.46981E+02  1.91798E+01
  9.93212E+00  3.73168E+02  1.95892E+01
  1.01817E+01  3.45943E+02  1.85334E+01
  1.04312E+01  3.64023E+02  1.93971E+01
  1.06807E+01  3.44783E+02  1.84881E+01
  1.09302E+01  3.42910E+02  1.92029E+01
  1.11798E+01  3.67871E+02  1.97344E+01
  1.14293E+01  3.77394E+02  1.93100E+01
  1.16788E+01  3.95190E+02  2.00141E+01
  1.19284E+01  4.24645E+02  2.03384E+01
  1.21779E+01  3.59450E+02  1.89501E+01
  1.24274E+01  3.77882E+02  1.94631E+01
  1.26769E+01  3.88249E+02  1.98175E+01
  1.29265E+01  3.85181E+02  1.96614E+01
  1.31760E+01  4.06742E+02  2.03223E+01
  1.34255E+01  3.90724E+02  1.99157E+01
  1.36751E+01  4.13993E+02  2.02295E+01
  1.39246E+01  4.43375E+02  2.11007E+01
  1.41741E+01  4.02975E+02  2.00968E+01
  1.44236E+01  4.50302E+02  2.16451E+01
  1.46732E+01  4.48179E+02  2.06946E+01
  1.49227E+01  4.28487E+02  2.06907E+01
  1.51722E+01  4.31714E+02  2.11258E+01
  1.54218E+01  4.20262E+02  2.03475E+01
  1.56713E+01  4.38660E+02  2.11566E+01
  1.59208E+01  4.62112E+02  2.14952E+01
  1.61704E+01  4.90945E+02  2.22323E+01
  1.64199E+01  4.93952E+02  2.21919E+01
  1.66694E+01  4.82073E+02  2.19707E+01
  1.69189E+01  4.65139E+02  2.14422E+01
  1.71685E+01  4.77720E+02  2.19734E+01
  1.74180E+01  5.17815E+02  2.30759E+01
  1.76675E+01  5.10382E+02  2.20858E+01
  1.79171E+01  5.05642E+02  2.28067E+01
  1.81666E+01  5.32006E+02  2.29114E+01
  1.84161E+01  4.91729E+02  2.21542E+01
  1.86656E+01  5.07916E+02  2.25298E+01
  1.89152E+01  5.34234E+02  2.33258E+01
  1.91647E+01  5.13883E+02  2.25793E+01
  1.94142E+01  5.42316E+02  2.32386E+01
  1.96638E+01  5.16782E+02  2.25838E+01
  1.99133E+01  5.31224E+02  2.33782E+01
  2.01628E+01  5.54698E+02  2.34065E+01
  2.04124E+01  5.69133E+02  2.40875E+01
  2.06619E+01  5.62971E+02  2.36219E+01
  2.09114E+01  5.58109E+02  2.34324E+01
  2.11609E+01  5.30188E+02  2.30776E+01
  2.14105E+01  5.23930E+02  2.28530E+01
  2.16600E+01  5.25275E+02  2.28808E+01
  2.19095E+01  5.14493E+02  2.26692E+01
  2.21591E+01  5.04886E+02  2.24243E+01
  2.24086E+01  5.03313E+02  2.23530E+01
  2.26581E+01  5.30564E+02  2.31954E+01
  2.29076E+01  5.09112E+02  2.23162E+01
  2.31572E+01  4.87340E+02  2.21621E+01
  2.34067E+01  4.61768E+02  2.11581E+01
  2.36562E+01  4.44060E+02  2.12122E+01
  2.39058E+01  4.51292E+02  2.15000E+01
  2.41553E+01  4.78026E+02  2.17576E+01
  2.44048E+01  4.60481E+02  2.14749E+01
  2.46544E+01  4.53939E+02  2.13651E+01
  2.49039E+01  4.90462E+02  2.20253E+01
  2.51534E+01  4.76767E+02  2.20107E+01
  2.54029E+01  4.67331E+02  2.11503E+01
  2.56525E+01  4.35819E+02  2.08520E+01
  2.59020E+01  4.33532E+02  2.10509E+01
  2.61515E+01  4.37435E+02  2.08827E+01
  2.64011E+01  4.36558E+02  2.07278E+01
  2.66506E+01  4.39053E+02  2.08467E+01
  2.69001E+01  4.07821E+02  2.05103E+01
  2.71496E+01  4.42948E+02  2.09926E+01
  2.73992E+01  4.10976E+02  1.98909E+01
  2.76487E+01  4.11221E+02  2.03405E+01
  2.78982E+01  4.06496E+02  1.99567E+01
  2.81478E+01  4.02508E+02  2.02389E+01
  2.83973E+01  3.93209E+02  1.98470E+01
  2.86468E+01  3.83643E+02  1.95203E+01
  2.88964E+01  3.82728E+02  1.94400E+01
  2.91459E+01  3.75827E+02  1.95051E+01
  2.93954E+01  3.66952E+02  1.86884E+01
  2.96449E+01  3.25889E+02  1.81683E+01
  2.98945E+01  3.30222E+02  1.82624E+01
  3.01440E+01  3.36833E+02  1.78103E+01
  3.03935E+01  3.31040E+02  1.85425E+01
  3.06431E+01  3.36267E+02  1.83734E+01
  3.08926E+01  3.04975E+02  1.72371E+01
  3.11421E+01  3.07000E+02  1.75704E+01
  3.13916E+01  3.03492E+02  1.73519E+01
  3.16412E+01  3.14174E+02  1.76200E+01
  3.18907E+01  2.85476E+02  1.69863E+01
  3.21402E+01  2.99421E+02  1.75080E+01
  3.23898E+01  3.11748E+02  1.78136E+01
  3.26393E+01  3.15017E+02  1.74683E+01
  3.28888E+01  3.03485E+02  1.77277E+01
  3.31383E+01  3.24799E+02  1.80773E+01
  3.33879E+01  3.45302E+02  1.84327E+01
  3.36374E+01  3.58122E+02  1.92121E+01
  3.38869E+01  3.42714E+02  1.84247E+01
  3.41365E+01  3.38054E+02  1.83999E+01
  3.43860E+01  3.37759E+02  1.80170E+01
  3.46355E+01  3.38516E+02  1.83326E+01
  3.48851E+01  3.25997E+02  1.84687E+01
  3.51346E+01  3.32317E+02  1.76960E+01
  3.53841E+01  3.04824E+02  1.74021E+01
  3.56336E+01  2.87571E+02  1.69464E+01
  3.58832E+01  2.49129E+02  1.54282E+01
  3.61327E+01  2.08740E+02  1.42190E+01
  3.63822E+01  1.79744E+02  1.31166E+01
  3.66318E+01  1.70105E+02  1.27511E+01
  3.68813E+01  1.39417E+02  1.19089E+01
  3.71308E+01  1.24188E+02  1.08189E+01
  3.73803E+01  1.13715E+02  1.07232E+01
  3.76299E+01  1.10761E+02  1.05585E+01
  3.78794E+01  9.62547E+01  9.53935E+00
  3.81289E+01  9.41230E+01  9.75456E+00
  3.83785E+01  9.67938E+01  1.01349E+01
  3.86280E+01  1.06471E+02  1.04804E+01
  3.88775E+01  9.84183E+01  9.76990E+00
  3.91271E+01  9.19094E+01  9.68843E+00
  3.93766E+01  8.81073E+01  8.89183E+00
  3.96261E+01  8.39594E+01  9.56283E+00
  3.98756E+01  7.92244E+01  8.64705E+00
  4.01252E+01  8.56921E+01  9.72101E+00
  4.03747E+01  8.16251E+01  8.20344E+00
  4.06242E+01  4.95769E+01  7.34112E+00
  4.08738E+01  5.75965E+01  7.79422E+00
  4.11233E+01  5.79008E+01  7.47452E+00
  4.13728E+01  5.00177E+01  7.06702E+00
  4.16223E+01  4.20231E+01  6.45444E+00
  4.18719E+01  5.86596E+01  7.83988E+00
  4.21214E+01  4.95757E+01  6.97361E+00
  4.23709E+01  4.22720E+01  6.30138E+00
  4.26205E+01  3.73385E+01  6.32487E+00
  4.28700E+01  3.77397E+01  6.31033E+00
  4.31195E+01  3.78206E+01  6.19396E+00
  4.33691E+01  4.16225E+01  6.62389E+00
  4.36186E+01  3.83651E+01  6.16663E+00
  4.38681E+01  4.01371E+01  6.26871E+00
  4.41176E+01  3.16863E+01  5.37671E+00
  4.43672E+01  2.94756E+01  5.69846E+00
  4.46167E+01  3.10727E+01  5.45431E+00
  4.48662E+01  4.10703E+01  6.80211E+00
  4.51158E+01  3.44459E+01  5.57174E+00
  4.53653E+01  3.05326E+01  5.94456E+00
  4.56148E+01  3.87211E+01  6.27675E+00
  4.58643E+01  3.11406E+01  5.35642E+00
  4.61139E+01  3.37378E+01  5.60844E+00
  4.63634E+01  2.97665E+01  5.84615E+00
  4.66129E+01  2.69077E+01  5.36676E+00
  4.68625E+01  3.44306E+01  6.16455E+00
  4.71120E+01  3.84274E+01  5.82616E+00
  4.73615E+01  2.55159E+01  5.14650E+00
  4.76110E+01  2.82541E+01  5.77810E+00
  4.78606E+01  3.46407E+01  5.89663E+00
  4.81101E+01  3.27136E+01  5.49191E+00
  4.83596E+01  2.13116E+01  4.65855E+00
  4.86092E+01  2.65750E+01  5.53425E+00
  4.88587E+01  2.68643E+01  5.21290E+00
  4.91082E+01  2.91284E+01  5.69191E+00
  4.93578E+01  3.42290E+01  5.94484E+00
  4.96073E+01  3.24379E+01  5.47425E+00
  4.98568E+01  2.21524E+01  4.74876E+00
  5.01063E+01  2.72266E+01  5.46516E+00
  5.03559E+01  2.83459E+01  5.33895E+00
  5.06054E+01  2.74718E+01  4.94444E+00
  5.08549E+01  2.32647E+01  5.38040E+00
  5.11045E+01  2.92523E+01  5.10923E+00
  5.13540E+01  2.16596E+01  4.75923E+00
  5.16035E+01  2.68379E+01  5.49131E+00
  5.18530E+01  2.64592E+01  5.04725E+00
  5.21026E+01  1.55444E+01  3.71512E+00
  5.23521E+01  2.52384E+01  5.44948E+00
  5.26016E+01  2.76121E+01  5.22053E+00
  5.28512E+01  2.60737E+01  5.51637E+00
  5.31007E+01  3.01714E+01  5.16446E+00
  5.33502E+01  2.21529E+01  4.76240E+00
  5.35998E+01  1.77595E+01  4.20503E+00
  5.38493E+01  1.73219E+01  4.40348E+00
  5.40988E+01  2.42198E+01  5.28560E+00
  5.43483E+01  2.55393E+01  4.59829E+00
  5.45979E+01  2.21274E+01  5.30879E+00
  5.48474E+01  2.39546E+01  4.63346E+00
  5.50969E+01  2.34063E+01  4.60103E+00
  5.53465E+01  1.38219E+01  3.91088E+00
  5.55960E+01  2.04470E+01  4.89524E+00
  5.58455E+01  2.54118E+01  5.42541E+00
  5.60950E+01  1.69174E+01  3.43847E+00
  5.63446E+01  1.13157E+01  3.75344E+00
  5.65941E+01  1.85105E+01  4.23455E+00
  5.68436E+01  1.44535E+01  4.19518E+00
  5.70932E+01  2.01875E+01  4.74815E+00
  5.73427E+01  1.59571E+01  3.85448E+00
  5.75922E+01  1.55684E+01  3.98884E+00
  5.78418E+01  1.42642E+01  3.68241E+00
  5.80913E+01  9.41889E+00  2.89154E+00
  5.83408E+01  1.31034E+01  4.23826E+00
  5.85903E+01  1.32543E+01  3.58195E+00
  5.88399E+01  1.89014E+01  4.63277E+00
  5.90894E+01  2.09034E+01  4.51939E+00
  5.93389E+01  1.23383E+01  3.07560E+00
  5.95885E+01  7.30172E+00  3.32214E+00
  5.98380E+01  1.37761E+01  3.94152E+00
  6.00875E+01  1.79102E+01  4.29737E+00
  6.03370E+01  1.33505E+01  3.64061E+00
  6.05866E+01  1.73593E+01  4.45201E+00
  6.08361E+01  1.57685E+01  3.83906E+00
  6.10856E+01  1.25587E+01  3.78493E+00
  6.13352E+01  1.56695E+01  4.02398E+00
  6.15847E+01  1.07007E+01  3.01764E+00
  6.18342E+01  1.16689E+01  3.69331E+00
  6.20838E+01  1.00643E+01  3.24690E+00
  6.23333E+01  7.44144E+00  3.41887E+00
  6.25828E+01  1.33019E+01  3.30447E+00
  6.28323E+01  1.08576E+01  3.44113E+00
  6.30819E+01  9.21177E+00  2.99737E+00
  6.33314E+01  7.52060E+00  2.98168E+00
  6.35809E+01  8.18491E+00  2.80821E+00
  6.38305E+01  9.14469E+00  3.32616E+00
  6.40800E+01  9.34592E+00  3.54701E+00
  6.43295E+01  9.06957E+00  3.14206E+00
  6.45790E+01  7.04959E+00  2.06226E+00
  6.48286E+01  5.88709E+00  2.80838E+00
  6.50781E+01  6.59483E+00  2.99382E+00
  6.53276E+01  6.27358E+00  2.03113E+00
  6.55772E+01  5.31522E+00  2.95498E+00
  6.58267E+01  4.34289E+00  1.77403E+00
  6.60762E+01  5.18720E+00  2.49479E+00
  6.63257E+01  5.79124E+00  2.51852E+00
  6.65753E+01  7.77387E-02  5.56311E-01
  6.68248E+01  4.79656E+00  2.84879E+00
  6.70743E+01  8.33962E+00  3.00745E+00
  6.73239E+01  6.62103E+00  2.79946E+00
  6.75734E+01  5.35943E+00  2.20338E+00
  6.78229E+01  3.47083E+00  2.01441E+00
  6.80725E+01  2.01410E+00  1.99959E+00
  6.83220E+01  4.29260E+00  1.99224E+00
  6.85715E+01  3.99737E+00  2.42784E+00
  6.88210E+01  4.91904E+00  1.82716E+00
  6.90706E+01  4.41156E+00  2.60877E+00
  6.93201E+01  3.52660E+00  2.18976E+00
  6.95696E+01  2.74264E+00  1.75375E+00
  6.98192E+01  4.05051E+00  2.45995E+00
  7.00687E+01  5.44989E+00  2.21637E+00
  7.03182E+01  1.57765E+00  1.39301E+00
  7.05677E+01  5.04663E-01  1.41251E+00
  7.08173E+01  1.81399E+00  1.42417E+00
  7.10668E+01  1.02374E+00  1.52377E+00
  7.13163E+01  1.54998E+00  2.06359E+00
  7.15659E+01  4.83757E+00  2.35510E+00
  7.18154E+01  2.51069E+00  1.05054E+00
  7.20649E+01  4.24561E+00  2.41766E+00
  7.23145E+01  1.85271E+00  1.46278E+00
  7.25640E+01  1.46423E+00  1.70253E+00
  7.28135E+01  5.67070E+00  2.41494E+00
  7.30630E+01  1.09974E+00  1.52479E+00
  7.33126E+01  2.36563E+00  2.21000E+00
  7.35621E+01  3.51781E+00  1.71720E+00
  7.38116E+01  3.84578E+00  2.19488E+00
  7.40612E+01  3.76366E+00  2.18287E+00
  7.43107E+01  1.89659E+00  1.99708E+00
  7.45602E+01  3.09338E+00  1.73236E+00
  7.48097E+01  2.02665E+00  9.99945E-01
  7.50593E+01  1.84423E-01  1.02421E+00
  7.53088E+01  1.04916E+00  1.38287E+00
  7.55583E+01 -7.73640E-01  3.02870E-01
  7.58079E+01  2.80619E+00  2.21511E+00
  7.60574E+01  1.85786E+00  1.44104E+00
  7.63069E+01  1.44895E+00  1.73648E+00
  7.65565E+01  2.21359E+00  1.73586E+00
  7.68060E+01  3.13013E+00  1.96712E+00
  7.70555E+01  1.71428E+00  1.49145E+00
  7.73050E+01  2.00182E+00  1.96999E+00
  7.75546E+01  3.10513E+00  1.42115E+00
  7.78041E+01  4.39737E-01  1.42292E+00
  7.80536E+01  7.30845E-01  1.03278E+00
  7.83032E+01  8.80282E-01  1.71065E+00
  7.85527E+01  1.46030E+00  9.97458E-01
  7.88022E+01  2.31806E+00  1.96657E+00
  7.90517E+01  4.82093E-02  5.32744E-01
  7.93013E+01 -5.70057E-01  1.00485E+00
  7.95508E+01  2.88536E-01  1.00685E+00
  7.98003E+01  7.52724E-01  9.85798E-01
  8.00499E+01 -8.32369E-01  1.68411E-01
  8.02994E+01  4.58067E-01  1.41462E+00
  8.05489E+01  1.23830E+00  1.41645E+00
  8.07985E+01  6.63049E-01  1.00244E+00
  8.10480E+01  1.12173E+00  1.99089E+00
  8.12975E+01  2.65543E+00  1.42678E+00
  8.15470E+01  7.79658E-02  1.01793E+00
  8.17966E+01  1.14794E+00  1.37028E+00
  8.20461E+01  7.36104E-01  1.00382E+00
  8.22956E+01  2.10836E-01  1.11555E+00
  8.25452E+01  1.32482E+00  1.95318E+00
  8.27947E+01  1.19314E+00  5.00080E-01
  8.30442E+01  1.45028E-01  1.68453E+00
  8.32937E+01  1.20113E+00  1.33894E-01
  8.35433E+01  2.40137E-01  1.39747E+00
  8.37928E+01  1.23697E+00  1.43131E+00
  8.40423E+01  2.56412E-01  1.02702E+00
  8.42919E+01 -1.25887E-01  2.34823E-01
  8.45414E+01  9.41660E-02  9.84375E-01
  8.47909E+01 -5.59428E-01  1.03207E+00
  8.50404E+01  1.51737E+00  1.72082E+00
  8.52900E+01  8.92757E-01  1.01660E+00
  8.55395E+01  2.44984E-01  1.04320E+00
  8.57890E+01  1.77590E+00  1.39856E+00
  8.60386E+01 -8.33787E-01  1.15803E-01
  8.62881E+01  2.43074E+00  1.98391E+00
  8.65376E+01 -1.13357E-01  3.52607E-01
  8.67872E+01 -5.26560E-01  9.81952E-01
  8.70367E+01  8.51109E-01  9.95812E-01
  8.72862E+01 -8.26740E-01  2.88214E-01
  8.75357E+01 -4.94436E-01  9.83427E-01
  8.77853E+01  2.73806E+00  1.69572E+00
  8.80348E+01 -6.32161E-01  4.83984E-01
  8.82843E+01 -8.33914E-01  3.36323E-01
  8.85339E+01  7.98771E-01  1.69742E+00
  8.87834E+01  1.67307E+00  1.02525E+00
  8.90329E+01 -7.55779E-01  3.32335E-01
  8.92824E+01 -8.66079E-01  0.00000E+00
  8.95320E+01 -8.65354E-01  4.81162E-02
  8.97815E+01 -5.87071E-01  1.00402E+00
  9.00310E+01  2.37656E-01  1.00323E+00
  9.02806E+01  5.91040E-01  0.00000E+00
  9.05301E+01 -8.65986E-01  0.00000E+00
