@page size 600,600
@view 0.12,0.1,0.97,0.93
@subtitle "PHOENIX module phox, 01/24/18 at 17:16:19 -08:00"
@xaxes scale Normal
@yaxes scale Normal
@xaxis label "energy (meV)"
@yaxis label "partial phonon DOS (1/eV)"
@s0 errorbar size 0.0
@type xydy
  0.00000E+00  0.00000E+00  0.00000E+00
  2.47882E-01  4.28706E-03  4.42148E-03
  4.95763E-01  1.60909E-02  1.38499E-02
  7.43645E-01  3.52181E-02  2.19264E-02
  9.91527E-01  6.50413E-02  2.68012E-02
  1.23941E+00  1.07477E-01  3.11373E-02
  1.48729E+00  1.59119E-01  3.51893E-02
  1.73517E+00  2.15283E-01  4.01257E-02
  1.98305E+00  2.72966E-01  4.70438E-02
  2.23093E+00  3.32934E-01  5.25711E-02
  2.47882E+00  4.03384E-01  5.75195E-02
  2.72670E+00  4.89649E-01  7.09730E-02
  2.97458E+00  5.91640E-01  8.29715E-02
  3.22246E+00  6.98020E-01  9.30675E-02
  3.47034E+00  7.84892E-01  1.03100E-01
  3.71822E+00  8.76707E-01  1.17985E-01
  3.96611E+00  1.00897E+00  1.36996E-01
  4.21399E+00  1.15541E+00  1.50106E-01
  4.46187E+00  1.30225E+00  1.61398E-01
  4.70975E+00  1.47341E+00  1.85332E-01
  4.95763E+00  1.65468E+00  2.06647E-01
  5.20551E+00  1.84159E+00  2.19465E-01
  5.45340E+00  2.03613E+00  2.29459E-01
  5.70128E+00  2.15077E+00  2.45483E-01
  5.94916E+00  2.23128E+00  2.77675E-01
  6.19704E+00  2.45172E+00  3.11752E-01
  6.44492E+00  2.69415E+00  3.26999E-01
  6.69280E+00  2.86271E+00  3.16705E-01
  6.94069E+00  3.21188E+00  3.70441E-01
  7.18857E+00  3.72280E+00  4.23563E-01
  7.43645E+00  4.11683E+00  4.40374E-01
  7.68433E+00  4.29784E+00  4.62471E-01
  7.93221E+00  4.29610E+00  4.74370E-01
  8.18009E+00  4.39093E+00  4.94856E-01
  8.42798E+00  4.66594E+00  5.20949E-01
  8.67586E+00  4.90127E+00  5.70607E-01
  8.92374E+00  5.14451E+00  6.10084E-01
  9.17162E+00  5.60469E+00  6.56332E-01
  9.41950E+00  6.29795E+00  6.94068E-01
  9.66738E+00  6.93667E+00  7.33802E-01
  9.91527E+00  7.37573E+00  7.86288E-01
  1.01631E+01  7.72195E+00  8.33923E-01
  1.04110E+01  7.91273E+00  8.45977E-01
  1.06589E+01  8.10291E+00  8.58110E-01
  1.09068E+01  8.38611E+00  9.12458E-01
  1.11547E+01  8.35619E+00  9.04140E-01
  1.14026E+01  8.07351E+00  9.14487E-01
  1.16504E+01  8.11219E+00  9.53460E-01
  1.18983E+01  8.75879E+00  9.92843E-01
  1.21462E+01  9.61291E+00  1.07906E+00
  1.23941E+01  1.03886E+01  1.12392E+00
  1.26420E+01  1.13036E+01  1.14072E+00
  1.28898E+01  1.22675E+01  1.19237E+00
  1.31377E+01  1.27418E+01  1.24105E+00
  1.33856E+01  1.28411E+01  1.32493E+00
  1.36335E+01  1.32128E+01  1.41488E+00
  1.38814E+01  1.38338E+01  1.48525E+00
  1.41293E+01  1.40707E+01  1.42213E+00
  1.43771E+01  1.40643E+01  1.41224E+00
  1.46250E+01  1.49362E+01  1.50542E+00
  1.48729E+01  1.69836E+01  1.70907E+00
  1.51208E+01  1.91012E+01  1.85259E+00
  1.53687E+01  1.99665E+01  1.84345E+00
  1.56165E+01  2.00360E+01  1.84346E+00
  1.58644E+01  2.07896E+01  1.91449E+00
  1.61123E+01  2.21591E+01  2.00947E+00
  1.63602E+01  2.35012E+01  2.08839E+00
  1.66081E+01  2.42970E+01  2.14422E+00
  1.68560E+01  2.41670E+01  2.14639E+00
  1.71038E+01  2.41620E+01  2.20639E+00
  1.73517E+01  2.50777E+01  2.38854E+00
  1.75996E+01  2.62931E+01  2.39878E+00
  1.78475E+01  2.77503E+01  2.46980E+00
  1.80954E+01  3.00556E+01  2.73175E+00
  1.83432E+01  3.24388E+01  2.73114E+00
  1.85911E+01  3.31391E+01  2.63592E+00
  1.88390E+01  3.32968E+01  2.77971E+00
  1.90869E+01  3.56974E+01  2.99611E+00
  1.93348E+01  3.82490E+01  3.04725E+00
  1.95827E+01  3.81817E+01  3.04573E+00
  1.98305E+01  3.94713E+01  3.31069E+00
  2.00784E+01  4.44148E+01  3.58688E+00
  2.03263E+01  4.84462E+01  3.62435E+00
  2.05742E+01  5.05175E+01  3.68611E+00
  2.08221E+01  5.39802E+01  3.96221E+00
  2.10699E+01  5.80179E+01  4.17412E+00
  2.13178E+01  6.12457E+01  4.30132E+00
  2.15657E+01  6.44938E+01  4.38050E+00
  2.18136E+01  6.62436E+01  4.45715E+00
  2.20615E+01  6.71861E+01  4.67437E+00
  2.23093E+01  7.14085E+01  4.76913E+00
  2.25572E+01  7.89624E+01  5.15163E+00
  2.28051E+01  8.55159E+01  5.37993E+00
  2.30530E+01  8.85991E+01  5.39843E+00
  2.33009E+01  9.13878E+01  5.46571E+00
  2.35488E+01  9.56176E+01  5.63020E+00
  2.37966E+01  1.00878E+02  5.95449E+00
  2.40445E+01  1.06663E+02  6.21770E+00
  2.42924E+01  1.11351E+02  6.41898E+00
  2.45403E+01  1.15551E+02  6.55428E+00
  2.47882E+01  1.20412E+02  6.70553E+00
  2.50360E+01  1.23868E+02  6.74092E+00
  2.52839E+01  1.25784E+02  6.80707E+00
  2.55318E+01  1.27268E+02  6.85784E+00
  2.57797E+01  1.25923E+02  6.87255E+00
  2.60276E+01  1.24168E+02  6.84379E+00
  2.62755E+01  1.25705E+02  7.05726E+00
  2.65233E+01  1.26067E+02  7.14999E+00
  2.67712E+01  1.21450E+02  6.96042E+00
  2.70191E+01  1.15357E+02  6.85549E+00
  2.72670E+01  1.12334E+02  6.82029E+00
  2.75149E+01  1.12551E+02  6.96708E+00
  2.77627E+01  1.12435E+02  6.95425E+00
  2.80106E+01  1.10957E+02  6.83343E+00
  2.82585E+01  1.10467E+02  6.95924E+00
  2.85064E+01  1.09421E+02  7.06972E+00
  2.87543E+01  1.05666E+02  6.79697E+00
  2.90022E+01  9.89093E+01  6.41150E+00
  2.92500E+01  9.42925E+01  6.65327E+00
  2.94979E+01  9.59898E+01  6.88240E+00
  2.97458E+01  9.71439E+01  6.87355E+00
  2.99937E+01  9.54300E+01  6.86468E+00
  3.02416E+01  9.56244E+01  6.80593E+00
  3.04894E+01  9.55743E+01  6.90945E+00
  3.07373E+01  9.16135E+01  6.86315E+00
  3.09852E+01  8.99876E+01  6.96473E+00
  3.12331E+01  9.50214E+01  7.30752E+00
  3.14810E+01  9.88102E+01  7.37886E+00
  3.17289E+01  9.53674E+01  7.11237E+00
  3.19767E+01  9.20818E+01  6.96873E+00
  3.22246E+01  9.39222E+01  7.39048E+00
  3.24725E+01  9.52331E+01  7.59994E+00
  3.27204E+01  9.28772E+01  7.17432E+00
  3.29683E+01  9.11815E+01  7.46967E+00
  3.32161E+01  9.28125E+01  7.69060E+00
  3.34640E+01  9.81362E+01  7.85994E+00
  3.37119E+01  1.03099E+02  8.07458E+00
  3.39598E+01  1.00500E+02  7.65568E+00
  3.42077E+01  9.44575E+01  7.22422E+00
  3.44555E+01  9.47658E+01  7.62122E+00
  3.47034E+01  9.94275E+01  7.97708E+00
  3.49513E+01  9.96706E+01  7.89176E+00
  3.51992E+01  9.78008E+01  7.75690E+00
  3.54471E+01  9.75991E+01  7.78106E+00
  3.56950E+01  9.51073E+01  7.88332E+00
  3.59428E+01  9.25296E+01  7.79577E+00
  3.61907E+01  9.41940E+01  7.92869E+00
  3.64386E+01  9.82423E+01  8.29103E+00
  3.66865E+01  9.96233E+01  8.11429E+00
  3.69344E+01  9.33273E+01  7.76081E+00
  3.71822E+01  8.44525E+01  7.48077E+00
  3.74301E+01  8.13473E+01  7.51480E+00
  3.76780E+01  8.53270E+01  7.92206E+00
  3.79259E+01  9.13221E+01  8.05174E+00
  3.81738E+01  9.18459E+01  8.05139E+00
  3.84217E+01  8.60044E+01  7.92632E+00
  3.86695E+01  8.13333E+01  7.93730E+00
  3.89174E+01  8.28182E+01  8.23532E+00
  3.91653E+01  8.64044E+01  8.28742E+00
  3.94132E+01  8.61161E+01  7.97766E+00
  3.96611E+01  8.28431E+01  7.93078E+00
  3.99089E+01  8.16537E+01  7.91253E+00
  4.01568E+01  8.13335E+01  8.02052E+00
  4.04047E+01  8.18611E+01  8.17048E+00
  4.06526E+01  8.73053E+01  8.33552E+00
  4.09005E+01  9.34009E+01  8.64715E+00
  4.11484E+01  9.50921E+01  8.72857E+00
  4.13962E+01  9.40710E+01  8.78109E+00
  4.16441E+01  9.52887E+01  9.12515E+00
  4.18920E+01  9.94754E+01  9.32032E+00
  4.21399E+01  1.00486E+02  8.85224E+00
  4.23878E+01  9.94083E+01  9.13377E+00
  4.26356E+01  1.04649E+02  9.89222E+00
  4.28835E+01  1.14693E+02  9.98299E+00
  4.31314E+01  1.23474E+02  1.03891E+01
  4.33793E+01  1.28700E+02  1.05332E+01
  4.36272E+01  1.31462E+02  1.07844E+01
  4.38751E+01  1.34057E+02  1.11719E+01
  4.41229E+01  1.37415E+02  1.11781E+01
  4.43708E+01  1.36518E+02  1.09976E+01
  4.46187E+01  1.29552E+02  1.03608E+01
  4.48666E+01  1.29590E+02  1.07360E+01
  4.51145E+01  1.36130E+02  1.13749E+01
  4.53623E+01  1.33459E+02  1.10390E+01
  4.56102E+01  1.21284E+02  1.05676E+01
  4.58581E+01  1.07663E+02  9.95928E+00
  4.61060E+01  9.64535E+01  9.72284E+00
  4.63539E+01  8.57199E+01  9.19926E+00
  4.66017E+01  7.43649E+01  8.35582E+00
  4.68496E+01  6.45889E+01  7.89255E+00
  4.70975E+01  5.63811E+01  7.43267E+00
  4.73454E+01  4.74243E+01  6.98946E+00
  4.75933E+01  4.02901E+01  6.58735E+00
  4.78412E+01  3.86508E+01  7.22798E+00
  4.80890E+01  3.64694E+01  6.97069E+00
  4.83369E+01  2.86753E+01  5.95060E+00
  4.85848E+01  2.08883E+01  5.50995E+00
  4.88327E+01  1.87601E+01  5.83334E+00
  4.90806E+01  1.98101E+01  5.69337E+00
  4.93284E+01  2.04629E+01  5.49207E+00
  4.95763E+01  1.86530E+01  5.36742E+00
  4.98242E+01  1.48752E+01  5.06883E+00
  5.00721E+01  1.28039E+01  5.02376E+00
  5.03200E+01  1.20998E+01  4.62723E+00
  5.05679E+01  1.03116E+01  4.46311E+00
  5.08157E+01  7.89789E+00  4.44849E+00
  5.10636E+01  6.92162E+00  4.32807E+00
  5.13115E+01  7.06567E+00  4.36553E+00
  5.15594E+01  6.60769E+00  4.22700E+00
  5.18073E+01  7.36416E+00  4.36786E+00
  5.20551E+01  1.10525E+01  4.85978E+00
  5.23030E+01  1.41631E+01  5.26012E+00
  5.25509E+01  1.22493E+01  4.76460E+00
  5.27988E+01  8.84098E+00  4.78478E+00
  5.30467E+01  7.02563E+00  4.53388E+00
  5.32946E+01  3.92014E+00  4.12168E+00
  5.35424E+01  1.14930E+00  3.99725E+00
  5.37903E+01  1.13646E+00  4.01228E+00
  5.40382E+01  2.72889E+00  4.66889E+00
  5.42861E+01  3.47769E+00  4.60082E+00
  5.45340E+01  2.22756E+00  3.87819E+00
  5.47818E+01  1.56928E+00  3.84481E+00
  5.50297E+01  2.48191E+00  4.61376E+00
  5.52776E+01  2.32553E+00  4.57201E+00
  5.55255E+01  1.12092E+00  4.33972E+00
  5.57734E+01  1.05279E+00  4.08873E+00
  5.60213E+01  1.35787E+00  4.34514E+00
  5.62691E+01 -4.56470E-01  3.89584E+00
  5.65170E+01 -2.49662E+00  3.21088E+00
  5.67649E+01 -1.38222E-02  4.43781E+00
  5.70128E+01  5.65472E+00  5.16954E+00
  5.72607E+01  7.25570E+00  5.00807E+00
  5.75085E+01  4.35630E+00  4.54946E+00
  5.77564E+01  1.70421E+00  4.65517E+00
  5.80043E+01  8.79460E-01  4.43415E+00
  5.82522E+01  2.19384E+00  4.06949E+00
  5.85001E+01  3.63195E+00  4.78165E+00
  5.87480E+01  2.18564E+00  4.96751E+00
  5.89958E+01  2.24586E-01  4.41788E+00
  5.92437E+01  7.70277E-01  4.58883E+00
  5.94916E+01  1.30089E+00  4.61324E+00
  5.97395E+01 -9.92863E-01  3.83279E+00
  5.99874E+01 -2.89227E+00  3.35528E+00
  6.02352E+01  1.66803E-01  4.83391E+00
  6.04831E+01  4.35114E+00  5.29457E+00
  6.07310E+01  4.44579E+00  4.91093E+00
  6.09789E+01  1.92607E+00  4.12746E+00
  6.12268E+01  1.56857E+00  4.13775E+00
  6.14746E+01  3.47696E+00  5.48839E+00
  6.17225E+01  3.71484E+00  4.72939E+00
  6.19704E+01  3.53046E+00  4.33799E+00
  6.22183E+01  5.17917E+00  4.92037E+00
  6.24662E+01  6.26278E+00  5.30512E+00
  6.27141E+01  5.48119E+00  5.26109E+00
  6.29619E+01  3.38114E+00  4.35453E+00
  6.32098E+01  2.66038E-01  4.45171E+00
  6.34577E+01 -1.67876E+00  4.71132E+00
  6.37056E+01 -1.80364E-01  5.25195E+00
  6.39535E+01  8.72553E-01  4.87549E+00
  6.42013E+01 -6.15609E-01  3.82731E+00
  6.44492E+01 -6.78005E-02  4.42601E+00
  6.46971E+01  1.92877E+00  5.23961E+00
  6.49450E+01  2.52968E-01  4.75573E+00
  6.51929E+01 -3.82477E+00  4.18113E+00
  6.54408E+01 -3.63226E+00  4.56496E+00
  6.56886E+01  3.62390E-01  5.56517E+00
  6.59365E+01  2.98294E+00  5.18765E+00
  6.61844E+01  3.35263E+00  4.92922E+00
  6.64323E+01  3.21121E+00  5.09893E+00
  6.66802E+01  1.84158E+00  4.73419E+00
  6.69280E+01 -1.47090E+00  4.23889E+00
  6.71759E+01 -3.97552E+00  3.97270E+00
  6.74238E+01 -1.63590E+00  5.31791E+00
  6.76717E+01  3.75323E+00  5.50026E+00
  6.79196E+01  4.88224E+00  4.76671E+00
  6.81675E+01  8.02789E-02  4.17866E+00
  6.84153E+01 -4.32103E+00  3.45256E+00
  6.86632E+01 -2.51831E+00  4.34246E+00
  6.89111E+01  5.68850E-01  5.13572E+00
  6.91590E+01 -1.25492E+00  5.21175E+00
  6.94069E+01 -3.96517E+00  4.36682E+00
  6.96547E+01  2.48829E-01  4.59562E+00
  6.99026E+01  3.49603E+00  5.94695E+00
  7.01505E+01  5.22396E+00  5.65198E+00
  7.03984E+01  1.31181E+00  4.26293E+00
  7.06463E+01 -2.03614E+00  3.90101E+00
  7.08942E+01  8.37046E-01  5.12664E+00
  7.11420E+01  3.92901E+00  5.78549E+00
  7.13899E+01  2.45774E+00  4.83246E+00
  7.16378E+01 -4.11885E-01  4.28535E+00
  7.18857E+01 -1.64661E+00  4.49911E+00
  7.21336E+01 -2.13178E+00  4.19707E+00
  7.23814E+01 -2.49544E+00  4.53246E+00
  7.26293E+01 -2.65240E+00  4.15670E+00
  7.28772E+01 -3.70466E+00  3.49970E+00
  7.31251E+01 -3.55233E+00  4.12230E+00
  7.33730E+01 -1.26986E+00  4.60791E+00
  7.36208E+01  1.66650E+00  5.03609E+00
  7.38687E+01  4.09137E+00  5.37134E+00
  7.41166E+01  4.04127E+00  5.02717E+00
  7.43645E+01  1.32804E+00  4.47163E+00
  7.46124E+01 -8.94882E-01  4.31138E+00
  7.48603E+01 -1.71453E+00  4.07225E+00
  7.51081E+01 -2.81198E+00  3.87988E+00
  7.53560E+01 -3.80033E+00  3.84704E+00
  7.56039E+01 -2.89855E+00  4.35037E+00
  7.58518E+01 -7.48236E-01  4.17944E+00
  7.60997E+01  3.14003E-01  4.27576E+00
  7.63475E+01 -2.42118E-01  4.73903E+00
  7.65954E+01 -1.85359E+00  4.07184E+00
  7.68433E+01 -3.16897E+00  3.37859E+00
  7.70912E+01 -1.56193E+00  4.37651E+00
  7.73391E+01  2.07691E+00  5.22692E+00
  7.75870E+01  2.70307E+00  4.90708E+00
  7.78348E+01 -8.42007E-02  3.87827E+00
  7.80827E+01 -1.48484E+00  4.09400E+00
  7.83306E+01 -1.64659E-01  4.81026E+00
  7.85785E+01 -1.04570E+00  3.95733E+00
  7.88264E+01 -4.27037E+00  2.54996E+00
  7.90742E+01 -5.11455E+00  3.38548E+00
  7.93221E+01 -2.08869E+00  4.17735E+00
  7.95700E+01  1.18931E+00  4.76398E+00
  7.98179E+01  7.25380E-01  4.23126E+00
  8.00658E+01 -4.09618E-02  4.80024E+00
  8.03137E+01  1.10712E+00  5.00924E+00
  8.05615E+01  1.05715E+00  4.20518E+00
  8.08094E+01 -9.06463E-01  3.93571E+00
  8.10573E+01 -3.58491E+00  3.32842E+00
  8.13052E+01 -4.37060E+00  3.07613E+00
  8.15531E+01 -2.58936E+00  3.89814E+00
  8.18009E+01 -1.09922E+00  4.27073E+00
  8.20488E+01 -6.60668E-01  4.50317E+00
  8.22967E+01  5.41811E-01  4.38398E+00
  8.25446E+01  2.48651E+00  4.98695E+00
  8.27925E+01  2.38508E+00  4.99465E+00
  8.30404E+01  2.94057E-01  3.90942E+00
  8.32882E+01  2.22840E-03  3.67691E+00
  8.35361E+01  2.76297E+00  5.35271E+00
  8.37840E+01  4.64280E+00  5.84865E+00
  8.40319E+01  2.82804E+00  4.50982E+00
  8.42798E+01 -1.33155E+00  2.62380E+00
  8.45276E+01 -4.67613E+00  2.89734E+00
  8.47755E+01 -5.42771E+00  3.43172E+00
  8.50234E+01 -4.84236E+00  3.15645E+00
  8.52713E+01 -3.01027E+00  3.95345E+00
  8.55192E+01 -3.58468E-01  4.55557E+00
  8.57671E+01  1.33691E+00  4.55812E+00
  8.60149E+01  1.70709E+00  4.78905E+00
  8.62628E+01  1.01966E+00  4.21260E+00
  8.65107E+01 -7.67658E-01  3.62442E+00
  8.67586E+01 -1.83885E+00  3.98422E+00
  8.70065E+01 -8.34820E-01  4.63182E+00
  8.72543E+01 -2.84104E-01  4.12389E+00
  8.75022E+01 -2.34899E+00  2.91224E+00
  8.77501E+01 -4.13999E+00  3.47291E+00
  8.79980E+01 -2.63654E+00  4.12997E+00
  8.82459E+01  5.38197E-01  4.71136E+00
  8.84937E+01  2.23969E+00  5.12123E+00
  8.87416E+01  5.82147E-01  3.89685E+00
  8.89895E+01 -3.00410E+00  2.96209E+00
  8.92374E+01 -4.08756E+00  3.81486E+00
  8.94853E+01 -1.31157E+00  4.16759E+00
  8.97332E+01  1.54659E+00  5.12213E+00
  8.99810E+01  1.20233E+00  4.30833E+00
  9.02289E+01 -2.92879E-01  3.22055E+00
  9.04768E+01 -2.40493E-01  4.57307E+00
  9.07247E+01 -7.17116E-01  4.27928E+00
  9.09726E+01 -2.01823E+00  3.49925E+00
  9.12204E+01 -2.07452E+00  3.91920E+00
  9.14683E+01 -1.29707E+00  4.15920E+00
  9.17162E+01 -1.94480E+00  3.35889E+00
  9.19641E+01 -4.34043E+00  2.51685E+00
  9.22120E+01 -6.01016E+00  1.81810E+00
  9.24599E+01 -4.73079E+00  3.67104E+00
  9.27077E+01 -6.16567E-01  4.71865E+00
  9.29556E+01  4.16211E+00  5.44505E+00
  9.32035E+01  7.92034E+00  6.31990E+00
  9.34514E+01  1.00083E+01  6.03464E+00
  9.36993E+01  8.79236E+00  5.55576E+00
  9.39471E+01  3.27910E+00  4.49827E+00
  9.41950E+01 -1.77404E+00  2.47644E+00
  9.44429E+01 -1.56278E+00  4.20769E+00
  9.46908E+01  2.02285E-01  4.63792E+00
  9.49387E+01 -2.46680E-01  3.95164E+00
  9.51866E+01 -1.24770E-01  4.32524E+00
  9.54344E+01  1.99002E+00  5.48559E+00
  9.56823E+01  1.77529E+00  4.25899E+00
  9.59302E+01 -7.65026E-01  2.81383E+00
  9.61781E+01 -5.91216E-01  4.59560E+00
  9.64260E+01  4.02719E-02  4.15399E+00
  9.66738E+01 -7.87673E-01  3.75005E+00
  9.69217E+01 -6.01289E-01  4.34827E+00
  9.71696E+01 -6.21559E-02  4.52408E+00
  9.74175E+01  5.69962E-01  4.57591E+00
  9.76654E+01  2.14869E+00  4.83662E+00
  9.79133E+01  3.09946E+00  4.75243E+00
  9.81611E+01  1.93566E+00  4.13295E+00
  9.84090E+01  1.04531E+00  5.04187E+00
  9.86569E+01  2.53355E+00  5.26224E+00
  9.89048E+01  4.61587E+00  5.67401E+00
  9.91527E+01  4.15902E+00  5.13917E+00
  9.94005E+01  1.81227E+00  4.28962E+00
  9.96484E+01  1.27182E+00  6.03076E+00
  9.98963E+01  3.99104E+00  7.56284E+00
  1.00144E+02  5.23569E+00  6.15682E+00
  1.00392E+02  1.50643E+00  2.90661E+00
  1.00640E+02 -1.54119E+00  6.18420E+00
  1.00888E+02 -4.86572E-01  8.19048E+00
  1.01136E+02 -2.84257E-01  5.49928E+00
  1.01384E+02 -2.58666E+00  1.54767E+00
