#
#
#  Date of conversion : September 30, 2014
#  Time of conversion : 13h 36min 54sec
#
#
# Fit function for dominant peak is variable shape exponential.
#  asymmetry factor :  1.00   shape coefficient :  1.60
#
# det.bal. Chi**2   peak   FWHM    pos.  %bkgr.    input file
#
#    ??    11.27 9.38E-05  0.96  -9.605   1.19   3idb_0115.mda
#    ??    12.80 9.38E-05  0.93  -9.743   1.20   3idb_0116.mda
#    ??    10.64 1.02E-04  0.96 -10.245   1.14   3idb_0117.mda
#    ??     8.07 1.07E-04  0.96 -10.866   1.25   3idb_0118.mda
#
#
 -7.95430E+01  0.00000E+00  0.00000E+00
 -7.92952E+01  3.94531E+00  3.94531E+00
 -7.90475E+01  8.90676E-03  1.32594E-01
 -7.87997E+01  1.24859E+00  1.30735E+00
 -7.85519E+01  1.35504E+00  1.32496E+00
 -7.83042E+01  1.37125E+00  1.31670E+00
 -7.80564E+01  1.16079E+00  1.04758E+00
 -7.78086E+01  2.02156E+00  1.42909E+00
 -7.75609E+01  1.36812E+00  1.42965E+00
 -7.73131E+01  9.60806E-01  3.72037E-01
 -7.70654E+01  1.04460E+00  1.38120E+00
 -7.68176E+01  1.09248E+00  2.90478E-01
 -7.65698E+01  9.33989E-01  1.01343E+00
 -7.63221E+01  8.98190E-01  1.05688E+00
 -7.60743E+01  2.04133E+00  1.41501E+00
 -7.58265E+01  9.79009E-01  9.78382E-01
 -7.55788E+01  2.09275E+00  1.41675E+00
 -7.53310E+01  9.40014E-01  1.04069E+00
 -7.50832E+01  1.10893E+00  1.07533E+00
 -7.48355E+01  3.88800E+00  2.41837E+00
 -7.45877E+01  6.30999E+00  1.96325E+00
 -7.43400E+01  2.19533E+00  1.42295E+00
 -7.40922E+01  1.96198E+00  1.40076E+00
 -7.38444E+01  2.15232E+00  1.74974E+00
 -7.35967E+01  2.10707E+00  9.95811E-01
 -7.33489E+01  1.73269E+00  1.42601E+00
 -7.31011E+01  4.76558E-01  3.40337E-01
 -7.28534E+01  1.35061E-02  0.00000E+00
 -7.26056E+01  7.89579E-01  1.00491E+00
 -7.23578E+01  3.73130E-01  2.86669E-01
 -7.21101E+01  9.55243E-01  1.03006E+00
 -7.18623E+01  8.01779E-01  9.95692E-01
 -7.16145E+01  1.26314E+00  1.04566E+00
 -7.13668E+01  1.72002E+00  1.36066E+00
 -7.11190E+01  4.39043E-01  4.53898E-01
 -7.08713E+01  2.24212E+00  1.72674E+00
 -7.06235E+01  3.29045E+00  1.73063E+00
 -7.03757E+01  8.72470E-01  1.00307E+00
 -7.01280E+01  1.62312E+00  1.04671E+00
 -6.98802E+01  2.25531E+00  1.37978E+00
 -6.96324E+01  3.69522E-02  2.19736E-01
 -6.93847E+01  1.73916E+00  1.41854E+00
 -6.91369E+01  1.07636E+00  1.02066E+00
 -6.88891E+01  1.02154E+00  1.02042E+00
 -6.86414E+01  1.97232E+00  1.41116E+00
 -6.83936E+01  1.35177E+00  9.97822E-01
 -6.81459E+01  1.66005E+00  1.41465E+00
 -6.78981E+01  3.89483E+00  1.97799E+00
 -6.76503E+01  6.13901E-01  3.12347E-01
 -6.74026E+01  9.88465E-02  2.96608E-01
 -6.71548E+01  2.02919E+00  1.46748E+00
 -6.69070E+01  3.75887E+00  1.97553E+00
 -6.66593E+01  1.94619E+00  1.37645E+00
 -6.64115E+01  1.26107E+00  9.88119E-01
 -6.61637E+01  9.96160E-01  9.91443E-01
 -6.59160E+01  1.10783E+00  1.10417E+00
 -6.56682E+01  2.05771E+00  1.71220E+00
 -6.54205E+01  2.99390E+00  1.39395E+00
 -6.51727E+01  8.33889E-01  1.03573E+00
 -6.49249E+01  1.08471E+00  9.81133E-01
 -6.46772E+01  2.89879E-01  1.64334E-01
 -6.44294E+01  9.36701E-01  1.02724E+00
 -6.41816E+01  1.78355E+00  1.40475E+00
 -6.39339E+01  1.50020E+00  1.01840E+00
 -6.36861E+01  2.35746E+00  2.20996E+00
 -6.34383E+01  5.03113E+00  1.95522E+00
 -6.31906E+01  4.00869E+00  1.74996E+00
 -6.29428E+01  3.17369E+00  1.93093E+00
 -6.26950E+01  2.09190E+00  9.83548E-01
 -6.24473E+01  1.12750E+00  1.12266E+00
 -6.21995E+01  2.64259E+00  1.70930E+00
 -6.19518E+01  1.50231E+00  1.35730E+00
 -6.17040E+01  9.58388E-01  2.77354E-01
 -6.14562E+01  1.01241E+00  1.44850E+00
 -6.12085E+01  2.97914E+00  1.74380E+00
 -6.09607E+01  2.66093E+00  1.45239E+00
 -6.07129E+01  2.57527E+00  1.69789E+00
 -6.04652E+01  2.11942E+00  1.44379E+00
 -6.02174E+01  2.19994E+00  1.71307E+00
 -5.99696E+01  1.96503E+00  1.00246E+00
 -5.97219E+01  3.52957E+00  1.70836E+00
 -5.94741E+01  5.38101E-01  2.20811E-01
 -5.92264E+01  1.00897E-01  1.00363E+00
 -5.89786E+01  1.82676E+00  9.90263E-01
 -5.87308E+01  1.21019E+00  1.01930E+00
 -5.84831E+01  1.64659E+00  1.41280E+00
 -5.82353E+01  9.59065E-01  8.94732E-01
 -5.79875E+01  5.28677E-01  6.84577E-01
 -5.77398E+01  4.05031E+00  2.20133E+00
 -5.74920E+01  2.74941E+00  1.44284E+00
 -5.72442E+01  1.65183E+00  1.69283E+00
 -5.69965E+01  4.68488E+00  1.82794E+00
 -5.67487E+01  3.01474E+00  2.17018E+00
 -5.65010E+01  4.56257E+00  1.69729E+00
 -5.62532E+01  7.22819E-01  4.27275E-01
 -5.60054E+01  1.06814E+00  1.73184E+00
 -5.57577E+01  2.80176E+00  1.45231E+00
 -5.55099E+01  2.93655E+00  1.70200E+00
 -5.52621E+01  1.88760E+00  7.01581E-01
 -5.50144E+01  4.58508E+00  2.36123E+00
 -5.47666E+01  1.11093E+00  3.12503E-02
 -5.45188E+01  8.84593E-01  1.01579E+00
 -5.42711E+01  1.22057E+00  1.00538E+00
 -5.40233E+01  9.29750E-01  1.01583E+00
 -5.37755E+01  9.91692E-01  1.45156E+00
 -5.35278E+01  4.26833E+00  2.12398E+00
 -5.32800E+01  3.70701E+00  1.52455E+00
 -5.30323E+01  3.11396E+00  1.71534E+00
 -5.27845E+01  2.59478E+00  1.70676E+00
 -5.25367E+01  1.43622E+00  1.68023E+00
 -5.22890E+01  1.99350E+00  3.47653E-01
 -5.20412E+01  6.85497E-01  1.06599E+00
 -5.17934E+01  1.32362E+00  1.50173E+00
 -5.15457E+01  3.34594E+00  1.96074E+00
 -5.12979E+01  3.08833E+00  1.02927E+00
 -5.10501E+01  1.83203E+00  1.79972E+00
 -5.08024E+01  4.73126E+00  2.18263E+00
 -5.05546E+01  3.07176E+00  1.42473E+00
 -5.03069E+01  2.04555E+00  1.39714E+00
 -5.00591E+01  2.57241E+00  1.73847E+00
 -4.98113E+01  2.86849E+00  2.04862E+00
 -4.95636E+01  4.56046E+00  2.02326E+00
 -4.93158E+01  2.43193E+00  1.53980E+00
 -4.90680E+01  3.55219E+00  2.21968E+00
 -4.88203E+01  5.28915E+00  1.95488E+00
 -4.85725E+01  1.88242E+00  1.37696E+00
 -4.83247E+01  2.73440E+00  1.81150E+00
 -4.80770E+01  4.49560E+00  2.17080E+00
 -4.78292E+01  3.83687E+00  1.71512E+00
 -4.75815E+01  2.45561E+00  1.84576E+00
 -4.73337E+01  5.47195E+00  2.37932E+00
 -4.70859E+01  1.35294E+00  1.18388E-01
 -4.68382E+01  1.02327E+00  1.02893E+00
 -4.65904E+01  2.12575E+00  1.46955E+00
 -4.63426E+01  3.09457E+00  1.79781E+00
 -4.60949E+01  4.16693E+00  2.21299E+00
 -4.58471E+01  3.29041E+00  1.70013E+00
 -4.55993E+01  3.31128E+00  1.77145E+00
 -4.53516E+01  3.41386E+00  1.76016E+00
 -4.51038E+01  6.75584E+00  2.82422E+00
 -4.48560E+01  7.56072E+00  2.46459E+00
 -4.46083E+01  4.55120E+00  2.21284E+00
 -4.43605E+01  6.11033E+00  2.87089E+00
 -4.41128E+01  5.76034E+00  1.57354E+00
 -4.38650E+01  2.41305E+00  2.06454E+00
 -4.36172E+01  8.84333E+00  2.94556E+00
 -4.33695E+01  5.22786E+00  2.06933E+00
 -4.31217E+01  5.85512E+00  2.45243E+00
 -4.28739E+01  4.75464E+00  2.14822E+00
 -4.26262E+01  1.90796E+00  1.34164E+00
 -4.23784E+01  3.33717E+00  1.93426E+00
 -4.21306E+01  7.52836E+00  2.68136E+00
 -4.18829E+01  3.19331E+00  1.84389E+00
 -4.16351E+01  5.39409E+00  2.17081E+00
 -4.13874E+01  3.16895E+00  2.03097E+00
 -4.11396E+01  8.89999E+00  3.31583E+00
 -4.08918E+01  1.27239E+01  3.48174E+00
 -4.06441E+01  6.74104E+00  2.27877E+00
 -4.03963E+01  1.21584E+01  3.74903E+00
 -4.01485E+01  1.25805E+01  3.48802E+00
 -3.99008E+01  1.62345E+01  4.18582E+00
 -3.96530E+01  1.60850E+01  3.99736E+00
 -3.94052E+01  2.33897E+01  4.83888E+00
 -3.91575E+01  2.27916E+01  4.81481E+00
 -3.89097E+01  2.29614E+01  4.84174E+00
 -3.86620E+01  2.69760E+01  5.28148E+00
 -3.84142E+01  3.26361E+01  5.51229E+00
 -3.81664E+01  2.60695E+01  5.40463E+00
 -3.79187E+01  2.97512E+01  5.66924E+00
 -3.76709E+01  4.07019E+01  6.42525E+00
 -3.74231E+01  4.10481E+01  6.24803E+00
 -3.71754E+01  3.95932E+01  6.26044E+00
 -3.69276E+01  2.74713E+01  5.37095E+00
 -3.66798E+01  3.29601E+01  5.65805E+00
 -3.64321E+01  3.02524E+01  5.20491E+00
 -3.61843E+01  2.96696E+01  5.97917E+00
 -3.59365E+01  3.79490E+01  5.66088E+00
 -3.56888E+01  2.21244E+01  4.70141E+00
 -3.54410E+01  1.97266E+01  4.30398E+00
 -3.51933E+01  2.60451E+01  5.40773E+00
 -3.49455E+01  2.95699E+01  5.24293E+00
 -3.46977E+01  1.97322E+01  4.30167E+00
 -3.44500E+01  2.87905E+01  5.83513E+00
 -3.42022E+01  3.22602E+01  5.45352E+00
 -3.39544E+01  2.11594E+01  4.34818E+00
 -3.37067E+01  2.22973E+01  4.84738E+00
 -3.34589E+01  2.79384E+01  5.34653E+00
 -3.32111E+01  2.53529E+01  5.11610E+00
 -3.29634E+01  3.19185E+01  5.59225E+00
 -3.27156E+01  3.12275E+01  5.61398E+00
 -3.24679E+01  3.75934E+01  6.46919E+00
 -3.22201E+01  3.43791E+01  5.57041E+00
 -3.19723E+01  3.07403E+01  5.62474E+00
 -3.17246E+01  3.93157E+01  6.30251E+00
 -3.14768E+01  3.57145E+01  5.88396E+00
 -3.12290E+01  2.70194E+01  4.91052E+00
 -3.09813E+01  2.72924E+01  5.47089E+00
 -3.07335E+01  4.18733E+01  6.76743E+00
 -3.04857E+01  3.72824E+01  5.90715E+00
 -3.02380E+01  3.77249E+01  6.49664E+00
 -2.99902E+01  4.80853E+01  7.21899E+00
 -2.97425E+01  4.53878E+01  5.99631E+00
 -2.94947E+01  3.22804E+01  5.82621E+00
 -2.92469E+01  3.88396E+01  6.61851E+00
 -2.89992E+01  5.67691E+01  7.75284E+00
 -2.87514E+01  5.59971E+01  7.46561E+00
 -2.85036E+01  5.82227E+01  7.53010E+00
 -2.82559E+01  5.79388E+01  7.77149E+00
 -2.80081E+01  5.83551E+01  7.30823E+00
 -2.77603E+01  5.69622E+01  7.66864E+00
 -2.75126E+01  5.47269E+01  7.19730E+00
 -2.72648E+01  5.78744E+01  7.83675E+00
 -2.70170E+01  5.78540E+01  7.44613E+00
 -2.67693E+01  5.58221E+01  7.57168E+00
 -2.65215E+01  5.16187E+01  7.19187E+00
 -2.62738E+01  6.05293E+01  7.68595E+00
 -2.60260E+01  5.68968E+01  7.65455E+00
 -2.57782E+01  5.58197E+01  7.49940E+00
 -2.55305E+01  5.93905E+01  7.64752E+00
 -2.52827E+01  7.34067E+01  8.86730E+00
 -2.50349E+01  7.69232E+01  8.62266E+00
 -2.47872E+01  6.00655E+01  7.82640E+00
 -2.45394E+01  6.70054E+01  8.56047E+00
 -2.42916E+01  7.59073E+01  8.45434E+00
 -2.40439E+01  7.27409E+01  8.62860E+00
 -2.37961E+01  7.93352E+01  8.99687E+00
 -2.35484E+01  7.76521E+01  8.68365E+00
 -2.33006E+01  8.06922E+01  9.16792E+00
 -2.30528E+01  8.32252E+01  9.34272E+00
 -2.28051E+01  9.07508E+01  9.43044E+00
 -2.25573E+01  9.43728E+01  9.76066E+00
 -2.23095E+01  8.10388E+01  8.58605E+00
 -2.20618E+01  8.59171E+01  9.63059E+00
 -2.18140E+01  9.60710E+01  1.02550E+01
 -2.15662E+01  1.10293E+02  1.02337E+01
 -2.13185E+01  1.07284E+02  9.99176E+00
 -2.10707E+01  7.82357E+01  8.22720E+00
 -2.08230E+01  7.06154E+01  8.74553E+00
 -2.05752E+01  9.11513E+01  9.94398E+00
 -2.03274E+01  8.47194E+01  8.98728E+00
 -2.00797E+01  9.04710E+01  9.44335E+00
 -1.98319E+01  7.57807E+01  8.43538E+00
 -1.95841E+01  7.86766E+01  8.94017E+00
 -1.93364E+01  7.75786E+01  8.79153E+00
 -1.90886E+01  8.28762E+01  9.26178E+00
 -1.88408E+01  7.79071E+01  8.90441E+00
 -1.85931E+01  8.10085E+01  8.83686E+00
 -1.83453E+01  9.17395E+01  9.69368E+00
 -1.80975E+01  7.99246E+01  8.76940E+00
 -1.78498E+01  7.02009E+01  8.21937E+00
 -1.76020E+01  6.46821E+01  8.09973E+00
 -1.73543E+01  5.70035E+01  7.24244E+00
 -1.71065E+01  5.95081E+01  8.01970E+00
 -1.68587E+01  7.11769E+01  8.57029E+00
 -1.66110E+01  7.72726E+01  9.03960E+00
 -1.63632E+01  8.10366E+01  8.71755E+00
 -1.61154E+01  8.14832E+01  9.15754E+00
 -1.58677E+01  9.08563E+01  9.69091E+00
 -1.56199E+01  8.08348E+01  8.59759E+00
 -1.53721E+01  6.17139E+01  7.56485E+00
 -1.51244E+01  6.47585E+01  8.70031E+00
 -1.48766E+01  8.17489E+01  8.64577E+00
 -1.46289E+01  6.84810E+01  8.23338E+00
 -1.43811E+01  7.97805E+01  9.09354E+00
 -1.41333E+01  6.91448E+01  8.27889E+00
 -1.38856E+01  7.68145E+01  9.10990E+00
 -1.36378E+01  7.58185E+01  7.92167E+00
 -1.33900E+01  6.70501E+01  8.68927E+00
 -1.31423E+01  7.80847E+01  9.16504E+00
 -1.28945E+01  7.31823E+01  7.94195E+00
 -1.26467E+01  7.45594E+01  9.14313E+00
 -1.23990E+01  8.40528E+01  9.07531E+00
 -1.21512E+01  7.61514E+01  8.35566E+00
 -1.19035E+01  6.34962E+01  7.94805E+00
 -1.16557E+01  7.19377E+01  8.48878E+00
 -1.14079E+01  7.02749E+01  8.63246E+00
 -1.11602E+01  6.86374E+01  7.85783E+00
 -1.09124E+01  6.57917E+01  8.83469E+00
 -1.06646E+01  8.65000E+01  9.34068E+00
 -1.04169E+01  9.14082E+01  9.46252E+00
 -1.01691E+01  8.04954E+01  8.31949E+00
 -9.92134E+00  7.28667E+01  8.84262E+00
 -9.67358E+00  7.74351E+01  9.52145E+00
 -9.42581E+00  9.50243E+01  9.44534E+00
 -9.17805E+00  8.44798E+01  8.99275E+00
 -8.93028E+00  8.55581E+01  9.22598E+00
 -8.68252E+00  7.82683E+01  8.63676E+00
 -8.43476E+00  7.50538E+01  8.62350E+00
 -8.18699E+00  7.52763E+01  8.50722E+00
 -7.93923E+00  7.26397E+01  8.92640E+00
 -7.69146E+00  8.60961E+01  9.49751E+00
 -7.44370E+00  8.18793E+01  8.73111E+00
 -7.19594E+00  7.36730E+01  8.41786E+00
 -6.94817E+00  7.69189E+01  9.30457E+00
 -6.70041E+00  8.26491E+01  8.84727E+00
 -6.45264E+00  8.17542E+01  8.91356E+00
 -6.20488E+00  8.17838E+01  9.14024E+00
 -5.95712E+00  8.59102E+01  9.29777E+00
 -5.70935E+00  8.38239E+01  8.93350E+00
 -5.46159E+00  8.93284E+01  9.59570E+00
 -5.21383E+00  8.76739E+01  9.49924E+00
 -4.96606E+00  8.51729E+01  9.02883E+00
 -4.71830E+00  8.32173E+01  9.33057E+00
 -4.47053E+00  7.50869E+01  8.30239E+00
 -4.22277E+00  8.28987E+01  9.47628E+00
 -3.97501E+00  8.71401E+01  8.80394E+00
 -3.72724E+00  8.59939E+01  9.88981E+00
 -3.47948E+00  9.26885E+01  9.60749E+00
 -3.23171E+00  9.49060E+01  9.70673E+00
 -2.98395E+00  8.80850E+01  9.76262E+00
 -2.73619E+00  1.03329E+02  1.01116E+01
 -2.48842E+00  1.04327E+02  1.03088E+01
 -2.24066E+00  1.16487E+02  1.13879E+01
 -1.99289E+00  1.46058E+02  1.26566E+01
 -1.74513E+00  1.86762E+02  1.45718E+01
 -1.49737E+00  2.49991E+02  1.81306E+01
 -1.24960E+00  4.41234E+02  2.61426E+01
 -1.00184E+00  1.12784E+03  4.22026E+01
 -7.54075E-01  2.95484E+03  6.53039E+01
 -5.06311E-01  6.35377E+03  8.94719E+01
 -2.58547E-01  1.00156E+04  1.04468E+02
 -1.07836E-02  1.12825E+04  1.03677E+02
  2.36980E-01  9.55187E+03  8.98261E+01
  4.84744E-01  6.00687E+03  6.68963E+01
  7.32508E-01  2.94020E+03  4.72788E+01
  9.80272E-01  1.51196E+03  3.49353E+01
  1.22804E+00  9.20623E+02  2.81253E+01
  1.47580E+00  6.61883E+02  2.35619E+01
  1.72356E+00  4.36897E+02  1.95921E+01
  1.97133E+00  3.16766E+02  1.65009E+01
  2.21909E+00  2.25514E+02  1.45531E+01
  2.46686E+00  1.91493E+02  1.30430E+01
  2.71462E+00  1.52752E+02  1.20742E+01
  2.96238E+00  1.31432E+02  1.08615E+01
  3.21015E+00  1.20067E+02  1.15355E+01
  3.45791E+00  1.23039E+02  1.07233E+01
  3.70567E+00  1.18955E+02  1.08028E+01
  3.95344E+00  1.05802E+02  9.81571E+00
  4.20120E+00  9.17793E+01  9.57116E+00
  4.44897E+00  9.40857E+01  9.79510E+00
  4.69673E+00  9.78824E+01  1.02561E+01
  4.94449E+00  1.08963E+02  1.03855E+01
  5.19226E+00  1.07349E+02  1.00016E+01
  5.44002E+00  9.68646E+01  9.99671E+00
  5.68779E+00  9.40142E+01  9.40727E+00
  5.93555E+00  9.07505E+01  9.74128E+00
  6.18331E+00  9.54965E+01  9.30818E+00
  6.43108E+00  7.56102E+01  8.88441E+00
  6.67884E+00  8.88017E+01  9.50864E+00
  6.92661E+00  9.38236E+01  1.02526E+01
  7.17437E+00  1.14460E+02  1.02745E+01
  7.42213E+00  9.87735E+01  1.01903E+01
  7.66990E+00  9.50981E+01  9.16824E+00
  7.91766E+00  9.43618E+01  1.01929E+01
  8.16542E+00  1.01214E+02  9.66220E+00
  8.41319E+00  9.23779E+01  1.00894E+01
  8.66095E+00  1.03160E+02  1.00120E+01
  8.90872E+00  1.10397E+02  1.06758E+01
  9.15648E+00  9.96123E+01  9.83402E+00
  9.40424E+00  9.57801E+01  1.00231E+01
  9.65201E+00  1.01361E+02  1.00110E+01
  9.89977E+00  9.75303E+01  9.16200E+00
  1.01475E+01  8.94504E+01  9.86635E+00
  1.03953E+01  9.31458E+01  9.90387E+00
  1.06431E+01  1.01511E+02  1.02748E+01
  1.08908E+01  1.01696E+02  9.71028E+00
  1.11386E+01  9.46589E+01  1.01668E+01
  1.13864E+01  1.13170E+02  1.06738E+01
  1.16341E+01  1.23234E+02  1.06983E+01
  1.18819E+01  1.07474E+02  1.01583E+01
  1.21296E+01  9.63233E+01  1.03786E+01
  1.23774E+01  1.08996E+02  1.00772E+01
  1.26252E+01  1.00395E+02  1.03331E+01
  1.28729E+01  1.04765E+02  1.04033E+01
  1.31207E+01  1.29289E+02  1.16698E+01
  1.33685E+01  1.21800E+02  1.13387E+01
  1.36162E+01  1.32380E+02  1.07435E+01
  1.38640E+01  1.06140E+02  1.01680E+01
  1.41118E+01  1.01077E+02  9.71823E+00
  1.43595E+01  1.05208E+02  1.10569E+01
  1.46073E+01  1.17061E+02  1.06298E+01
  1.48550E+01  1.06160E+02  1.05258E+01
  1.51028E+01  1.19033E+02  1.08935E+01
  1.53506E+01  1.28220E+02  1.16921E+01
  1.55983E+01  1.25455E+02  1.09512E+01
  1.58461E+01  1.35631E+02  1.16907E+01
  1.60939E+01  1.32774E+02  1.15341E+01
  1.63416E+01  1.24092E+02  1.19236E+01
  1.65894E+01  1.43010E+02  1.13830E+01
  1.68372E+01  1.41226E+02  1.21040E+01
  1.70849E+01  1.52785E+02  1.28027E+01
  1.73327E+01  1.49351E+02  1.20884E+01
  1.75805E+01  1.46231E+02  1.23969E+01
  1.78282E+01  1.63685E+02  1.26062E+01
  1.80760E+01  1.48019E+02  1.21370E+01
  1.83237E+01  1.50210E+02  1.21526E+01
  1.85715E+01  1.50898E+02  1.24321E+01
  1.88193E+01  1.58979E+02  1.28628E+01
  1.90670E+01  1.66699E+02  1.25627E+01
  1.93148E+01  1.78376E+02  1.36745E+01
  1.95626E+01  1.54544E+02  1.20907E+01
  1.98103E+01  1.57125E+02  1.28633E+01
  2.00581E+01  1.88348E+02  1.37914E+01
  2.03059E+01  1.75814E+02  1.33895E+01
  2.05536E+01  1.79258E+02  1.34919E+01
  2.08014E+01  1.76569E+02  1.33266E+01
  2.10491E+01  1.85167E+02  1.32003E+01
  2.12969E+01  1.87470E+02  1.37744E+01
  2.15447E+01  1.65457E+02  1.28450E+01
  2.17924E+01  1.86905E+02  1.40495E+01
  2.20402E+01  1.80442E+02  1.30926E+01
  2.22880E+01  1.91294E+02  1.43512E+01
  2.25357E+01  2.12027E+02  1.45249E+01
  2.27835E+01  1.78947E+02  1.27769E+01
  2.30313E+01  1.76976E+02  1.35836E+01
  2.32790E+01  1.83843E+02  1.33623E+01
  2.35268E+01  1.70302E+02  1.29599E+01
  2.37745E+01  1.61342E+02  1.28491E+01
  2.40223E+01  1.55760E+02  1.20915E+01
  2.42701E+01  1.52812E+02  1.26289E+01
  2.45178E+01  1.45713E+02  1.21629E+01
  2.47656E+01  1.64424E+02  1.28350E+01
  2.50134E+01  1.54126E+02  1.21044E+01
  2.52611E+01  1.49795E+02  1.25874E+01
  2.55089E+01  1.59183E+02  1.24143E+01
  2.57567E+01  1.41722E+02  1.16834E+01
  2.60044E+01  1.47575E+02  1.22924E+01
  2.62522E+01  1.47061E+02  1.22397E+01
  2.65000E+01  1.39419E+02  1.19149E+01
  2.67477E+01  1.52531E+02  1.27371E+01
  2.69955E+01  1.40145E+02  1.07461E+01
  2.72432E+01  1.39372E+02  1.23806E+01
  2.74910E+01  1.49453E+02  1.18748E+01
  2.77388E+01  1.21017E+02  1.10303E+01
  2.79865E+01  1.42026E+02  1.21470E+01
  2.82343E+01  1.40916E+02  1.14753E+01
  2.84821E+01  1.36977E+02  1.17706E+01
  2.87298E+01  1.26653E+02  1.12599E+01
  2.89776E+01  1.28502E+02  1.16074E+01
  2.92254E+01  1.37071E+02  1.14953E+01
  2.94731E+01  1.23349E+02  1.10829E+01
  2.97209E+01  1.19616E+02  1.09251E+01
  2.99686E+01  1.29930E+02  1.12770E+01
  3.02164E+01  1.14370E+02  1.09466E+01
  3.04642E+01  1.20650E+02  1.03122E+01
  3.07119E+01  1.09305E+02  1.05343E+01
  3.09597E+01  1.14538E+02  1.06158E+01
  3.12075E+01  1.03210E+02  1.04321E+01
  3.14552E+01  1.09164E+02  1.03368E+01
  3.17030E+01  9.73176E+01  9.90736E+00
  3.19508E+01  9.54596E+01  9.79007E+00
  3.21985E+01  9.22409E+01  9.46006E+00
  3.24463E+01  1.00093E+02  1.03583E+01
  3.26940E+01  1.12062E+02  1.03234E+01
  3.29418E+01  9.39040E+01  9.56905E+00
  3.31896E+01  9.71482E+01  9.97519E+00
  3.34373E+01  9.13576E+01  9.34330E+00
  3.36851E+01  9.27385E+01  9.59864E+00
  3.39329E+01  8.75751E+01  9.33949E+00
  3.41806E+01  8.84651E+01  9.57983E+00
  3.44284E+01  8.89739E+01  9.13985E+00
  3.46762E+01  8.24765E+01  9.01158E+00
  3.49239E+01  7.89005E+01  8.93791E+00
  3.51717E+01  8.27292E+01  9.42810E+00
  3.54195E+01  9.15055E+01  9.36201E+00
  3.56672E+01  9.05503E+01  9.84752E+00
  3.59150E+01  9.79579E+01  9.71542E+00
  3.61627E+01  9.26514E+01  9.62473E+00
  3.64105E+01  1.00638E+02  1.06103E+01
  3.66583E+01  1.23497E+02  1.15082E+01
  3.69060E+01  1.26586E+02  1.07917E+01
  3.71538E+01  1.13476E+02  1.04850E+01
  3.74016E+01  1.13318E+02  1.12357E+01
  3.76493E+01  1.29414E+02  1.10384E+01
  3.78971E+01  1.28247E+02  1.15237E+01
  3.81449E+01  1.27120E+02  1.12262E+01
  3.83926E+01  1.30335E+02  1.16437E+01
  3.86404E+01  1.29327E+02  1.05046E+01
  3.88881E+01  9.00702E+01  9.46066E+00
  3.91359E+01  9.28902E+01  9.60202E+00
  3.93837E+01  7.87686E+01  8.61837E+00
  3.96314E+01  7.72112E+01  8.80034E+00
  3.98792E+01  6.20445E+01  7.50315E+00
  4.01270E+01  5.32731E+01  6.74027E+00
  4.03747E+01  4.31485E+01  6.57967E+00
  4.06225E+01  4.16691E+01  6.30514E+00
  4.08703E+01  3.12531E+01  5.46832E+00
  4.11180E+01  3.26565E+01  5.85878E+00
  4.13658E+01  3.37004E+01  5.47804E+00
  4.16135E+01  2.44261E+01  4.70420E+00
  4.18613E+01  1.66870E+01  4.23133E+00
  4.21091E+01  2.11595E+01  4.29443E+00
  4.23568E+01  1.26927E+01  3.15345E+00
  4.26046E+01  1.62366E+01  4.69684E+00
  4.28524E+01  1.71289E+01  3.51507E+00
  4.31001E+01  1.25706E+01  3.94742E+00
  4.33479E+01  1.58977E+01  3.79292E+00
  4.35957E+01  9.88179E+00  2.84826E+00
  4.38434E+01  7.78721E+00  2.66693E+00
  4.40912E+01  8.57268E+00  3.01518E+00
  4.43390E+01  1.09101E+01  3.32433E+00
  4.45867E+01  1.02128E+01  3.04137E+00
  4.48345E+01  1.23651E+01  3.80947E+00
  4.50822E+01  9.77410E+00  3.33870E+00
  4.53300E+01  1.23162E+01  3.44837E+00
  4.55778E+01  1.13450E+01  3.35136E+00
  4.58255E+01  1.23797E+01  3.66248E+00
  4.60733E+01  1.47479E+01  3.44054E+00
  4.63211E+01  1.19774E+01  3.47014E+00
  4.65688E+01  8.36280E+00  2.79634E+00
  4.68166E+01  9.80181E+00  3.76231E+00
  4.70644E+01  1.57862E+01  3.53596E+00
  4.73121E+01  9.89958E+00  3.35788E+00
  4.75599E+01  1.21579E+01  3.44775E+00
  4.78076E+01  1.18460E+01  3.02542E+00
  4.80554E+01  8.73020E+00  3.47120E+00
  4.83032E+01  1.07668E+01  3.16475E+00
  4.85509E+01  1.54947E+01  4.00888E+00
  4.87987E+01  1.13219E+01  2.99493E+00
  4.90465E+01  7.85394E+00  2.71515E+00
  4.92942E+01  8.99712E+00  2.63885E+00
  4.95420E+01  4.33428E+00  2.39688E+00
  4.97898E+01  5.21617E+00  2.43843E+00
  5.00375E+01  7.59437E+00  2.96850E+00
  5.02853E+01  1.12001E+01  3.45706E+00
  5.05330E+01  1.08472E+01  3.16398E+00
  5.07808E+01  1.04635E+01  3.42445E+00
  5.10286E+01  9.67707E+00  3.02673E+00
  5.12763E+01  1.15648E+01  3.29171E+00
  5.15241E+01  9.50342E+00  3.16649E+00
  5.17719E+01  9.02016E+00  2.98070E+00
  5.20196E+01  8.89311E+00  3.07576E+00
  5.22674E+01  9.33704E+00  3.06517E+00
  5.25152E+01  1.03864E+01  2.93458E+00
  5.27629E+01  7.72660E+00  3.27446E+00
  5.30107E+01  9.60301E+00  2.37902E+00
  5.32585E+01  9.56915E+00  3.27990E+00
  5.35062E+01  6.22872E+00  2.20960E+00
  5.37540E+01  4.32380E+00  2.39437E+00
  5.40017E+01  7.08596E+00  2.70369E+00
  5.42495E+01  9.26498E+00  3.38226E+00
  5.44973E+01  1.18690E+01  2.81643E+00
  5.47450E+01  4.70614E+00  2.23872E+00
  5.49928E+01  6.02682E+00  2.80900E+00
  5.52406E+01  7.38552E+00  2.41645E+00
  5.54883E+01  8.06899E+00  3.05319E+00
  5.57361E+01  7.37592E+00  2.38955E+00
  5.59839E+01  4.64947E+00  2.38259E+00
  5.62316E+01  6.25207E+00  2.19188E+00
  5.64794E+01  3.29814E+00  1.79705E+00
  5.67271E+01  5.29174E+00  2.67379E+00
  5.69749E+01  7.77407E+00  2.32139E+00
  5.72227E+01  8.15929E+00  3.01491E+00
  5.74704E+01  8.26245E+00  2.83393E+00
  5.77182E+01  7.86498E+00  3.29039E+00
  5.79660E+01  9.33341E+00  2.63092E+00
  5.82137E+01  8.76956E+00  2.96774E+00
  5.84615E+01  7.54789E+00  3.01853E+00
  5.87093E+01  6.53843E+00  2.27628E+00
  5.89570E+01  6.46068E+00  2.79069E+00
  5.92048E+01  8.57046E+00  2.46842E+00
  5.94525E+01  7.14494E+00  3.34571E+00
  5.97003E+01  9.62165E+00  2.82581E+00
  5.99481E+01  7.17319E+00  2.18527E+00
  6.01958E+01  4.23543E+00  1.77780E+00
  6.04436E+01  3.39492E+00  2.31448E+00
  6.06914E+01  8.17061E+00  2.91246E+00
  6.09391E+01  8.36396E+00  3.09352E+00
  6.11869E+01  5.88697E+00  1.94444E+00
  6.14347E+01  4.07944E+00  1.84710E+00
  6.16824E+01  4.50463E+00  2.43386E+00
  6.19302E+01  5.32908E+00  2.73803E+00
  6.21780E+01  1.06242E+01  3.45333E+00
  6.24257E+01  1.04628E+01  2.57811E+00
  6.26735E+01  5.65721E+00  2.51099E+00
  6.29212E+01  8.37615E+00  2.82512E+00
  6.31690E+01  8.23618E+00  2.82075E+00
  6.34168E+01  6.19272E+00  2.38550E+00
  6.36645E+01  3.30171E+00  1.73461E+00
  6.39123E+01  2.16632E+00  1.05507E+00
  6.41601E+01  4.93988E+00  2.76111E+00
  6.44078E+01  9.18469E+00  2.67584E+00
  6.46556E+01  5.29547E+00  2.47877E+00
  6.49034E+01  8.24135E+00  2.94325E+00
  6.51511E+01  1.03339E+01  3.27869E+00
  6.53989E+01  8.26771E+00  2.87396E+00
  6.56466E+01  4.36827E+00  1.41665E+00
  6.58944E+01  2.48765E+00  1.74322E+00
  6.61422E+01  4.15572E+00  2.00089E+00
  6.63899E+01  2.87751E+00  2.00352E+00
  6.66377E+01  4.12003E+00  1.70360E+00
  6.68855E+01  3.72062E+00  2.00062E+00
  6.71332E+01  4.05328E+00  1.98466E+00
  6.73810E+01  2.97239E+00  1.39975E+00
  6.76288E+01  3.13568E+00  1.99031E+00
  6.78765E+01  3.29354E+00  2.02669E+00
  6.81243E+01  4.26160E+00  2.03598E+00
  6.83720E+01  3.81734E+00  1.47115E+00
  6.86198E+01  4.57314E+00  2.40453E+00
  6.88676E+01  5.48778E+00  2.02933E+00
  6.91153E+01  3.29379E+00  2.42043E+00
  6.93631E+01  3.33801E+00  5.54167E-01
  6.96109E+01  1.67477E+00  2.22952E+00
  6.98586E+01  4.00442E+00  1.44895E+00
  7.01064E+01  3.31207E+00  2.01664E+00
  7.03542E+01  3.96927E+00  1.99575E+00
  7.06019E+01  4.08654E+00  1.71219E+00
  7.08497E+01  1.95985E+00  1.06958E+00
  7.10975E+01  1.97247E+00  1.38142E+00
  7.13452E+01  4.55553E-01  2.59336E-01
  7.15930E+01  1.57829E+00  1.43005E+00
  7.18407E+01  1.36207E+00  9.39612E-01
  7.20885E+01  5.27228E-01  1.06433E+00
  7.23363E+01  3.68878E+00  1.99927E+00
  7.25840E+01  2.02147E+00  1.03184E+00
  7.28318E+01  1.50992E+00  1.71642E+00
  7.30796E+01  4.61982E+00  2.20635E+00
  7.33273E+01  3.81412E+00  2.46943E+00
  7.35751E+01  6.16930E+00  2.67642E+00
  7.38229E+01  6.14612E+00  1.73421E+00
  7.40706E+01  3.11800E+00  1.38639E+00
  7.43184E+01  2.52900E+00  1.94342E+00
  7.45661E+01  2.69400E+00  1.15086E+00
  7.48139E+01  1.78313E+00  2.18177E+00
  7.50617E+01  4.23970E+00  6.46464E-01
  7.53094E+01  2.81355E+00  1.90750E+00
  7.55572E+01  1.17987E+00  1.05685E+00
  7.58050E+01  2.90717E+00  1.68999E+00
  7.60527E+01  1.91759E+00  1.42245E+00
  7.63005E+01  3.11173E+00  2.64178E+00
  7.65483E+01  7.55556E+00  1.74278E+00
  7.67960E+01  6.03103E-01  2.75088E-01
  7.70438E+01  4.30344E-01  1.99756E+00
  7.72915E+01  5.43278E+00  1.76372E+00
  7.75393E+01  1.36301E+00  2.43363E-01
  7.77871E+01  3.27621E+00  2.41155E+00
  7.80348E+01  3.16313E+00  1.78523E+00
  7.82826E+01  3.92631E+00  2.01858E+00
  7.85304E+01  4.94688E+00  1.73611E+00
  7.87781E+01  2.32600E+00  1.50736E+00
  7.90259E+01  2.23810E+00  1.69972E+00
  7.92737E+01  2.66100E+00  1.41604E+00
  7.95214E+01  1.37216E+00  1.44074E+00
  7.97692E+01  3.02524E+00  1.72998E+00
  8.00170E+01  3.84559E+00  1.42424E+00
  8.02647E+01  2.17862E+00  1.69989E+00
  8.05125E+01  2.73357E+00  1.36464E+00
  8.07602E+01  1.14298E+00  1.77303E+00
  8.10080E+01  4.34682E+00  2.22304E+00
  8.12558E+01  3.08247E+00  1.73812E+00
  8.15035E+01  2.82205E+00  2.75803E-01
  8.17513E+01  1.53512E+00  1.73654E+00
  8.19991E+01  2.16866E+00  1.05952E+00
  8.22468E+01  6.10300E-01  2.43935E-01
  8.24946E+01  9.94555E-01  1.38336E+00
  8.27424E+01  1.06918E+00  1.75276E+00
  8.29901E+01  3.85945E+00  1.01291E+00
  8.32379E+01  1.13048E+00  1.73072E+00
  8.34856E+01  4.07980E+00  1.94697E+00
  8.37334E+01  1.81369E+00  3.53363E-01
  8.39812E+01  1.08866E+00  1.42500E+00
  8.42289E+01  1.95203E+00  1.39146E+00
  8.44767E+01  1.02414E+00  1.06959E+00
  8.47245E+01  1.24175E+00  1.36778E+00
  8.49722E+01  1.76142E+00  4.28816E-01
  8.52200E+01  4.02055E-01  1.36992E+00
  8.54678E+01  2.74156E+00  1.02029E+00
  8.57155E+01  1.99681E+00  1.41172E+00
  8.59633E+01  1.98641E+00  1.75091E+00
  8.62110E+01  1.36185E+00  1.00459E+00
  8.64588E+01  1.23938E+00  1.01648E+00
  8.67066E+01  8.82881E-01  1.40212E+00
  8.69543E+01  2.78095E+00  1.02139E+00
  8.72021E+01  3.95407E+00  1.97432E+00
  8.74499E+01  3.53022E-01  1.07792E+00
  8.76976E+01  3.67935E+00  1.69790E+00
  8.79454E+01  3.17745E-01  4.88701E-01
  8.81932E+01  3.22953E-03  0.00000E+00
  8.84409E+01  0.00000E+00  0.00000E+00
  8.86887E+01  0.00000E+00  0.00000E+00
  8.89365E+01  5.95494E-02  3.99101E-01
  8.91842E+01  1.60784E+00  1.73528E+00
  8.94320E+01  1.80399E+00  1.01859E+00
  8.96797E+01  2.81285E+00  1.41617E+00
  8.99275E+01  1.54267E+00  1.74896E+00
  9.01753E+01  3.10000E+00  1.42413E+00
  9.04230E+01  1.62419E+00  9.95309E-01
  9.06708E+01  4.26407E-02  1.98627E-01
  9.09186E+01  1.88886E+00  1.38496E+00
  9.11663E+01  2.37449E-01  1.02252E+00
  9.14141E+01  9.14793E-01  2.32124E-01
  9.16619E+01  1.37055E+00  1.42219E+00
  9.19096E+01  1.13725E+00  1.03680E+00
  9.21574E+01  2.01212E+00  1.40057E+00
  9.24051E+01  1.76497E+00  1.41702E+00
  9.26529E+01  1.96031E+00  1.01874E+00
  9.29007E+01  1.09457E-01  3.03322E-01
  9.31484E+01  7.79734E-02  9.69344E-01
  9.33962E+01  9.38579E-01  4.51264E-01
  9.36440E+01  9.98995E-01  1.43340E+00
  9.38917E+01  1.39511E+00  0.00000E+00
  9.41395E+01  7.09106E-03  2.31168E-01
  9.43873E+01  4.99653E-01  1.42135E+00
  9.46350E+01  3.03088E+00  1.42401E+00
  9.48828E+01  7.30308E-01  1.00041E+00
  9.51305E+01  3.93438E+00  1.96491E+00
  9.53783E+01  3.95785E+00  1.75148E+00
  9.56261E+01  2.13225E+00  1.41573E+00
  9.58738E+01  1.27809E-01  3.49522E-01
  9.61216E+01  2.19192E+00  1.68402E+00
  9.63694E+01  1.25130E+00  1.10001E+00
  9.66171E+01  1.66641E+00  1.35966E+00
  9.68649E+01  1.07310E+00  1.05915E+00
  9.71127E+01  1.89811E+00  1.02467E+00
  9.73604E+01  2.43298E-01  3.29587E-01
  9.76082E+01  9.60287E-02  1.00350E+00
  9.78560E+01  2.10171E+00  1.42272E+00
  9.81037E+01  1.28497E+00  1.03953E+00
  9.83515E+01  1.57329E+00  1.00524E+00
  9.85992E+01  1.81141E-01  9.96117E-01
  9.88470E+01  1.01842E+00  9.89451E-01
  9.90948E+01  1.32824E+00  1.04881E+00
  9.93425E+01  5.10179E+00  2.86018E+00
  9.95903E+01  1.09232E+00  2.05916E+00
  9.98381E+01  2.27129E+00  2.03570E+00
  1.00086E+02  2.79268E+00  0.00000E+00
  1.00334E+02  0.00000E+00  0.00000E+00
  1.00581E+02  0.00000E+00  0.00000E+00
