@page size 600,600
@view 0.12,0.1,0.97,0.93
@subtitle "PHOENIX module phox, 04/18/18 at 11:08:34 -07:00"
@xaxes scale Normal
@yaxes scale Normal
@xaxis label "energy (meV)"
@yaxis label "fitted resolution function"
@type xy
 -6.00314E+01  0.00000E+00
 -5.97823E+01  0.00000E+00
 -5.95333E+01  0.00000E+00
 -5.92843E+01  0.00000E+00
 -5.90352E+01  0.00000E+00
 -5.87862E+01  0.00000E+00
 -5.85372E+01  0.00000E+00
 -5.82881E+01  0.00000E+00
 -5.80391E+01  0.00000E+00
 -5.77901E+01  0.00000E+00
 -5.75410E+01  0.00000E+00
 -5.72920E+01  0.00000E+00
 -5.70430E+01  0.00000E+00
 -5.67939E+01  0.00000E+00
 -5.65449E+01  0.00000E+00
 -5.62959E+01  0.00000E+00
 -5.60469E+01  0.00000E+00
 -5.57978E+01  0.00000E+00
 -5.55488E+01  0.00000E+00
 -5.52998E+01  0.00000E+00
 -5.50507E+01  0.00000E+00
 -5.48017E+01  0.00000E+00
 -5.45527E+01  0.00000E+00
 -5.43036E+01  0.00000E+00
 -5.40546E+01  0.00000E+00
 -5.38056E+01  0.00000E+00
 -5.35565E+01  0.00000E+00
 -5.33075E+01  0.00000E+00
 -5.30585E+01  0.00000E+00
 -5.28094E+01  0.00000E+00
 -5.25604E+01  0.00000E+00
 -5.23114E+01  0.00000E+00
 -5.20623E+01  0.00000E+00
 -5.18133E+01  0.00000E+00
 -5.15643E+01  0.00000E+00
 -5.13152E+01  0.00000E+00
 -5.10662E+01  0.00000E+00
 -5.08172E+01  0.00000E+00
 -5.05681E+01  0.00000E+00
 -5.03191E+01  0.00000E+00
 -5.00701E+01  0.00000E+00
 -4.98210E+01  0.00000E+00
 -4.95720E+01  0.00000E+00
 -4.93230E+01  0.00000E+00
 -4.90740E+01  0.00000E+00
 -4.88249E+01  0.00000E+00
 -4.85759E+01  0.00000E+00
 -4.83269E+01  0.00000E+00
 -4.80778E+01  0.00000E+00
 -4.78288E+01  0.00000E+00
 -4.75798E+01  0.00000E+00
 -4.73307E+01  0.00000E+00
 -4.70817E+01  0.00000E+00
 -4.68327E+01  0.00000E+00
 -4.65836E+01  0.00000E+00
 -4.63346E+01  0.00000E+00
 -4.60856E+01  0.00000E+00
 -4.58365E+01  0.00000E+00
 -4.55875E+01  0.00000E+00
 -4.53385E+01  0.00000E+00
 -4.50894E+01  0.00000E+00
 -4.48404E+01  0.00000E+00
 -4.45914E+01  0.00000E+00
 -4.43423E+01  0.00000E+00
 -4.40933E+01  0.00000E+00
 -4.38443E+01  0.00000E+00
 -4.35952E+01  0.00000E+00
 -4.33462E+01  0.00000E+00
 -4.30972E+01  0.00000E+00
 -4.28481E+01  0.00000E+00
 -4.25991E+01  0.00000E+00
 -4.23501E+01  0.00000E+00
 -4.21010E+01  0.00000E+00
 -4.18520E+01  0.00000E+00
 -4.16030E+01  0.00000E+00
 -4.13540E+01  0.00000E+00
 -4.11049E+01  0.00000E+00
 -4.08559E+01  0.00000E+00
 -4.06069E+01  0.00000E+00
 -4.03578E+01  0.00000E+00
 -4.01088E+01  0.00000E+00
 -3.98598E+01  0.00000E+00
 -3.96107E+01  0.00000E+00
 -3.93617E+01  0.00000E+00
 -3.91127E+01  0.00000E+00
 -3.88636E+01  0.00000E+00
 -3.86146E+01  0.00000E+00
 -3.83656E+01  0.00000E+00
 -3.81165E+01  0.00000E+00
 -3.78675E+01  0.00000E+00
 -3.76185E+01  0.00000E+00
 -3.73694E+01  0.00000E+00
 -3.71204E+01  0.00000E+00
 -3.68714E+01  0.00000E+00
 -3.66223E+01  0.00000E+00
 -3.63733E+01  0.00000E+00
 -3.61243E+01  0.00000E+00
 -3.58752E+01  0.00000E+00
 -3.56262E+01  0.00000E+00
 -3.53772E+01  0.00000E+00
 -3.51281E+01  0.00000E+00
 -3.48791E+01  0.00000E+00
 -3.46301E+01  0.00000E+00
 -3.43811E+01  0.00000E+00
 -3.41320E+01  0.00000E+00
 -3.38830E+01  0.00000E+00
 -3.36340E+01  0.00000E+00
 -3.33849E+01  0.00000E+00
 -3.31359E+01  0.00000E+00
 -3.28869E+01  0.00000E+00
 -3.26378E+01  0.00000E+00
 -3.23888E+01  0.00000E+00
 -3.21398E+01  0.00000E+00
 -3.18907E+01  0.00000E+00
 -3.16417E+01  0.00000E+00
 -3.13927E+01  0.00000E+00
 -3.11436E+01  0.00000E+00
 -3.08946E+01  0.00000E+00
 -3.06456E+01  0.00000E+00
 -3.03965E+01  0.00000E+00
 -3.01475E+01  0.00000E+00
 -2.98985E+01  0.00000E+00
 -2.96494E+01  0.00000E+00
 -2.94004E+01  0.00000E+00
 -2.91514E+01  0.00000E+00
 -2.89023E+01  0.00000E+00
 -2.86533E+01  0.00000E+00
 -2.84043E+01  0.00000E+00
 -2.81552E+01  0.00000E+00
 -2.79062E+01  0.00000E+00
 -2.76572E+01  0.00000E+00
 -2.74082E+01  0.00000E+00
 -2.71591E+01  0.00000E+00
 -2.69101E+01  0.00000E+00
 -2.66611E+01  0.00000E+00
 -2.64120E+01  0.00000E+00
 -2.61630E+01  0.00000E+00
 -2.59140E+01  0.00000E+00
 -2.56649E+01  0.00000E+00
 -2.54159E+01  0.00000E+00
 -2.51669E+01  0.00000E+00
 -2.49178E+01  0.00000E+00
 -2.46688E+01  0.00000E+00
 -2.44198E+01  0.00000E+00
 -2.41707E+01  0.00000E+00
 -2.39217E+01  0.00000E+00
 -2.36727E+01  0.00000E+00
 -2.34236E+01  0.00000E+00
 -2.31746E+01  0.00000E+00
 -2.29256E+01  0.00000E+00
 -2.26765E+01  0.00000E+00
 -2.24275E+01  0.00000E+00
 -2.21785E+01  0.00000E+00
 -2.19294E+01  0.00000E+00
 -2.16804E+01  0.00000E+00
 -2.14314E+01  0.00000E+00
 -2.11823E+01  0.00000E+00
 -2.09333E+01  0.00000E+00
 -2.06843E+01  0.00000E+00
 -2.04353E+01  0.00000E+00
 -2.01862E+01  0.00000E+00
 -1.99372E+01  0.00000E+00
 -1.96882E+01  0.00000E+00
 -1.94391E+01  0.00000E+00
 -1.91901E+01  0.00000E+00
 -1.89411E+01  0.00000E+00
 -1.86920E+01  0.00000E+00
 -1.84430E+01  0.00000E+00
 -1.81940E+01  0.00000E+00
 -1.79449E+01  0.00000E+00
 -1.76959E+01  0.00000E+00
 -1.74469E+01  0.00000E+00
 -1.71978E+01  0.00000E+00
 -1.69488E+01  0.00000E+00
 -1.66998E+01  0.00000E+00
 -1.64507E+01  0.00000E+00
 -1.62017E+01  0.00000E+00
 -1.59527E+01  0.00000E+00
 -1.57036E+01  0.00000E+00
 -1.54546E+01  0.00000E+00
 -1.52056E+01  0.00000E+00
 -1.49565E+01  0.00000E+00
 -1.47075E+01  0.00000E+00
 -1.44585E+01  0.00000E+00
 -1.42094E+01  0.00000E+00
 -1.39604E+01  0.00000E+00
 -1.37114E+01  0.00000E+00
 -1.34623E+01  0.00000E+00
 -1.32133E+01  0.00000E+00
 -1.29643E+01  0.00000E+00
 -1.27153E+01  0.00000E+00
 -1.24662E+01  0.00000E+00
 -1.22172E+01  0.00000E+00
 -1.19682E+01  0.00000E+00
 -1.17191E+01  0.00000E+00
 -1.14701E+01  0.00000E+00
 -1.12211E+01  0.00000E+00
 -1.09720E+01  0.00000E+00
 -1.07230E+01  0.00000E+00
 -1.04740E+01  0.00000E+00
 -1.02249E+01  0.00000E+00
 -9.97590E+00  0.00000E+00
 -9.72687E+00  0.00000E+00
 -9.47784E+00  0.00000E+00
 -9.22880E+00  0.00000E+00
 -8.97977E+00  0.00000E+00
 -8.73074E+00  0.00000E+00
 -8.48171E+00  0.00000E+00
 -8.23267E+00  0.00000E+00
 -7.98364E+00  0.00000E+00
 -7.73461E+00  0.00000E+00
 -7.48558E+00  1.67613E+00
 -7.23655E+00  1.51244E+00
 -6.98751E+00  1.74772E+00
 -6.73848E+00  2.60916E+00
 -6.48945E+00  1.84054E+00
 -6.24042E+00  2.28411E+00
 -5.99138E+00  3.84702E+00
 -5.74235E+00  5.86415E+00
 -5.49332E+00  2.91504E+00
 -5.24429E+00  2.94509E+00
 -4.99526E+00  4.49276E+00
 -4.74622E+00  6.23238E+00
 -4.49719E+00  9.17062E+00
 -4.24816E+00  5.18617E+00
 -3.99913E+00  6.61405E+00
 -3.75010E+00  7.90683E+00
 -3.50106E+00  1.20723E+01
 -3.25203E+00  2.47313E+01
 -3.00300E+00  2.72293E+01
 -2.75397E+00  2.83431E+01
 -2.50493E+00  3.34347E+01
 -2.25590E+00  5.55668E+01
 -2.00687E+00  9.99516E+01
 -1.75784E+00  1.78861E+02
 -1.50881E+00  3.04621E+02
 -1.25977E+00  6.65745E+02
 -1.01074E+00  1.68320E+03
 -7.61709E-01  3.55921E+03
 -5.12677E-01  6.07974E+03
 -2.63645E-01  8.52201E+03
 -1.46125E-02  9.59399E+03
  2.34420E-01  8.78296E+03
  4.83452E-01  6.28785E+03
  7.32484E-01  3.65062E+03
  9.81516E-01  1.85404E+03
  1.23055E+00  8.18127E+02
  1.47958E+00  3.55830E+02
  1.72861E+00  1.88565E+02
  1.97764E+00  1.09801E+02
  2.22668E+00  6.78491E+01
  2.47571E+00  3.77168E+01
  2.72474E+00  1.81035E+01
  2.97377E+00  7.99650E+00
  3.22281E+00  4.84479E+00
  3.47184E+00  4.83311E+00
  3.72087E+00  3.95124E+00
  3.96990E+00  2.08110E+00
  4.21893E+00  2.03683E+00
  4.46797E+00  3.76625E+00
  4.71700E+00  4.17803E+00
  4.96603E+00  0.00000E+00
  5.21506E+00  0.00000E+00
  5.46410E+00  0.00000E+00
  5.71313E+00  0.00000E+00
  5.96216E+00  0.00000E+00
  6.21119E+00  0.00000E+00
  6.46022E+00  0.00000E+00
  6.70926E+00  0.00000E+00
  6.95829E+00  0.00000E+00
  7.20732E+00  0.00000E+00
  7.45635E+00  0.00000E+00
  7.70538E+00  0.00000E+00
  7.95442E+00  0.00000E+00
  8.20345E+00  0.00000E+00
  8.45248E+00  0.00000E+00
  8.70151E+00  0.00000E+00
  8.95055E+00  0.00000E+00
  9.19958E+00  0.00000E+00
  9.44861E+00  0.00000E+00
  9.69764E+00  0.00000E+00
  9.94667E+00  0.00000E+00
  1.01957E+01  0.00000E+00
  1.04447E+01  0.00000E+00
  1.06938E+01  0.00000E+00
  1.09428E+01  0.00000E+00
  1.11918E+01  0.00000E+00
  1.14409E+01  0.00000E+00
  1.16899E+01  0.00000E+00
  1.19389E+01  0.00000E+00
  1.21880E+01  0.00000E+00
  1.24370E+01  0.00000E+00
  1.26860E+01  0.00000E+00
  1.29351E+01  0.00000E+00
  1.31841E+01  0.00000E+00
  1.34331E+01  0.00000E+00
  1.36822E+01  0.00000E+00
  1.39312E+01  0.00000E+00
  1.41802E+01  0.00000E+00
  1.44293E+01  0.00000E+00
  1.46783E+01  0.00000E+00
  1.49273E+01  0.00000E+00
  1.51764E+01  0.00000E+00
  1.54254E+01  0.00000E+00
  1.56744E+01  0.00000E+00
  1.59234E+01  0.00000E+00
  1.61725E+01  0.00000E+00
  1.64215E+01  0.00000E+00
  1.66705E+01  0.00000E+00
  1.69196E+01  0.00000E+00
  1.71686E+01  0.00000E+00
  1.74176E+01  0.00000E+00
  1.76667E+01  0.00000E+00
  1.79157E+01  0.00000E+00
  1.81647E+01  0.00000E+00
  1.84138E+01  0.00000E+00
  1.86628E+01  0.00000E+00
  1.89118E+01  0.00000E+00
  1.91609E+01  0.00000E+00
  1.94099E+01  0.00000E+00
  1.96589E+01  0.00000E+00
  1.99080E+01  0.00000E+00
  2.01570E+01  0.00000E+00
  2.04060E+01  0.00000E+00
  2.06551E+01  0.00000E+00
  2.09041E+01  0.00000E+00
  2.11531E+01  0.00000E+00
  2.14022E+01  0.00000E+00
  2.16512E+01  0.00000E+00
  2.19002E+01  0.00000E+00
  2.21493E+01  0.00000E+00
  2.23983E+01  0.00000E+00
  2.26473E+01  0.00000E+00
  2.28963E+01  0.00000E+00
  2.31454E+01  0.00000E+00
  2.33944E+01  0.00000E+00
  2.36434E+01  0.00000E+00
  2.38925E+01  0.00000E+00
  2.41415E+01  0.00000E+00
  2.43905E+01  0.00000E+00
  2.46396E+01  0.00000E+00
  2.48886E+01  0.00000E+00
  2.51376E+01  0.00000E+00
  2.53867E+01  0.00000E+00
  2.56357E+01  0.00000E+00
  2.58847E+01  0.00000E+00
  2.61338E+01  0.00000E+00
  2.63828E+01  0.00000E+00
  2.66318E+01  0.00000E+00
  2.68809E+01  0.00000E+00
  2.71299E+01  0.00000E+00
  2.73789E+01  0.00000E+00
  2.76280E+01  0.00000E+00
  2.78770E+01  0.00000E+00
  2.81260E+01  0.00000E+00
  2.83751E+01  0.00000E+00
  2.86241E+01  0.00000E+00
  2.88731E+01  0.00000E+00
  2.91222E+01  0.00000E+00
  2.93712E+01  0.00000E+00
  2.96202E+01  0.00000E+00
  2.98692E+01  0.00000E+00
  3.01183E+01  0.00000E+00
  3.03673E+01  0.00000E+00
  3.06163E+01  0.00000E+00
  3.08654E+01  0.00000E+00
  3.11144E+01  0.00000E+00
  3.13634E+01  0.00000E+00
  3.16125E+01  0.00000E+00
  3.18615E+01  0.00000E+00
  3.21105E+01  0.00000E+00
  3.23596E+01  0.00000E+00
  3.26086E+01  0.00000E+00
  3.28576E+01  0.00000E+00
  3.31067E+01  0.00000E+00
  3.33557E+01  0.00000E+00
  3.36047E+01  0.00000E+00
  3.38538E+01  0.00000E+00
  3.41028E+01  0.00000E+00
  3.43518E+01  0.00000E+00
  3.46009E+01  0.00000E+00
  3.48499E+01  0.00000E+00
  3.50989E+01  0.00000E+00
  3.53480E+01  0.00000E+00
  3.55970E+01  0.00000E+00
  3.58460E+01  0.00000E+00
  3.60951E+01  0.00000E+00
  3.63441E+01  0.00000E+00
  3.65931E+01  0.00000E+00
  3.68421E+01  0.00000E+00
  3.70912E+01  0.00000E+00
  3.73402E+01  0.00000E+00
  3.75892E+01  0.00000E+00
  3.78383E+01  0.00000E+00
  3.80873E+01  0.00000E+00
  3.83363E+01  0.00000E+00
  3.85854E+01  0.00000E+00
  3.88344E+01  0.00000E+00
  3.90834E+01  0.00000E+00
  3.93325E+01  0.00000E+00
  3.95815E+01  0.00000E+00
  3.98305E+01  0.00000E+00
  4.00796E+01  0.00000E+00
  4.03286E+01  0.00000E+00
  4.05776E+01  0.00000E+00
  4.08267E+01  0.00000E+00
  4.10757E+01  0.00000E+00
  4.13247E+01  0.00000E+00
  4.15738E+01  0.00000E+00
  4.18228E+01  0.00000E+00
  4.20718E+01  0.00000E+00
  4.23209E+01  0.00000E+00
  4.25699E+01  0.00000E+00
  4.28189E+01  0.00000E+00
  4.30680E+01  0.00000E+00
  4.33170E+01  0.00000E+00
  4.35660E+01  0.00000E+00
  4.38151E+01  0.00000E+00
  4.40641E+01  0.00000E+00
  4.43131E+01  0.00000E+00
  4.45621E+01  0.00000E+00
  4.48112E+01  0.00000E+00
  4.50602E+01  0.00000E+00
  4.53092E+01  0.00000E+00
  4.55583E+01  0.00000E+00
  4.58073E+01  0.00000E+00
  4.60563E+01  0.00000E+00
  4.63054E+01  0.00000E+00
  4.65544E+01  0.00000E+00
  4.68034E+01  0.00000E+00
  4.70525E+01  0.00000E+00
  4.73015E+01  0.00000E+00
  4.75505E+01  0.00000E+00
  4.77996E+01  0.00000E+00
  4.80486E+01  0.00000E+00
  4.82976E+01  0.00000E+00
  4.85467E+01  0.00000E+00
  4.87957E+01  0.00000E+00
  4.90447E+01  0.00000E+00
  4.92938E+01  0.00000E+00
  4.95428E+01  0.00000E+00
  4.97918E+01  0.00000E+00
  5.00409E+01  0.00000E+00
  5.02899E+01  0.00000E+00
  5.05389E+01  0.00000E+00
  5.07880E+01  0.00000E+00
  5.10370E+01  0.00000E+00
  5.12860E+01  0.00000E+00
  5.15350E+01  0.00000E+00
  5.17841E+01  0.00000E+00
  5.20331E+01  0.00000E+00
  5.22821E+01  0.00000E+00
  5.25312E+01  0.00000E+00
  5.27802E+01  0.00000E+00
  5.30292E+01  0.00000E+00
  5.32783E+01  0.00000E+00
  5.35273E+01  0.00000E+00
  5.37763E+01  0.00000E+00
  5.40254E+01  0.00000E+00
  5.42744E+01  0.00000E+00
  5.45234E+01  0.00000E+00
  5.47725E+01  0.00000E+00
  5.50215E+01  0.00000E+00
  5.52705E+01  0.00000E+00
  5.55196E+01  0.00000E+00
  5.57686E+01  0.00000E+00
  5.60176E+01  0.00000E+00
  5.62667E+01  0.00000E+00
  5.65157E+01  0.00000E+00
  5.67647E+01  0.00000E+00
  5.70138E+01  0.00000E+00
  5.72628E+01  0.00000E+00
  5.75118E+01  0.00000E+00
  5.77609E+01  0.00000E+00
  5.80099E+01  0.00000E+00
  5.82589E+01  0.00000E+00
  5.85079E+01  0.00000E+00
  5.87570E+01  0.00000E+00
  5.90060E+01  0.00000E+00
  5.92550E+01  0.00000E+00
  5.95041E+01  0.00000E+00
  5.97531E+01  0.00000E+00
  6.00021E+01  0.00000E+00
  6.02512E+01  0.00000E+00
  6.05002E+01  0.00000E+00
  6.07492E+01  0.00000E+00
  6.09983E+01  0.00000E+00
  6.12473E+01  0.00000E+00
  6.14963E+01  0.00000E+00
  6.17454E+01  0.00000E+00
  6.19944E+01  0.00000E+00
  6.22434E+01  0.00000E+00
  6.24925E+01  0.00000E+00
  6.27415E+01  0.00000E+00
  6.29905E+01  0.00000E+00
  6.32396E+01  0.00000E+00
  6.34886E+01  0.00000E+00
  6.37376E+01  0.00000E+00
  6.39867E+01  0.00000E+00
  6.42357E+01  0.00000E+00
  6.44847E+01  0.00000E+00
  6.47338E+01  0.00000E+00
  6.49828E+01  0.00000E+00
  6.52318E+01  0.00000E+00
  6.54808E+01  0.00000E+00
  6.57299E+01  0.00000E+00
  6.59789E+01  0.00000E+00
  6.62279E+01  0.00000E+00
  6.64770E+01  0.00000E+00
  6.67260E+01  0.00000E+00
  6.69750E+01  0.00000E+00
  6.72241E+01  0.00000E+00
  6.74731E+01  0.00000E+00
  6.77221E+01  0.00000E+00
  6.79712E+01  0.00000E+00
  6.82202E+01  0.00000E+00
  6.84692E+01  0.00000E+00
  6.87183E+01  0.00000E+00
  6.89673E+01  0.00000E+00
  6.92163E+01  0.00000E+00
  6.94654E+01  0.00000E+00
  6.97144E+01  0.00000E+00
  6.99634E+01  0.00000E+00
  7.02125E+01  0.00000E+00
  7.04615E+01  0.00000E+00
  7.07105E+01  0.00000E+00
  7.09596E+01  0.00000E+00
  7.12086E+01  0.00000E+00
  7.14576E+01  0.00000E+00
  7.17067E+01  0.00000E+00
  7.19557E+01  0.00000E+00
  7.22047E+01  0.00000E+00
  7.24538E+01  0.00000E+00
  7.27028E+01  0.00000E+00
  7.29518E+01  0.00000E+00
  7.32008E+01  0.00000E+00
  7.34499E+01  0.00000E+00
  7.36989E+01  0.00000E+00
  7.39479E+01  0.00000E+00
  7.41970E+01  0.00000E+00
  7.44460E+01  0.00000E+00
  7.46950E+01  0.00000E+00
  7.49441E+01  0.00000E+00
  7.51931E+01  0.00000E+00
  7.54421E+01  0.00000E+00
  7.56912E+01  0.00000E+00
  7.59402E+01  0.00000E+00
  7.61892E+01  0.00000E+00
  7.64383E+01  0.00000E+00
  7.66873E+01  0.00000E+00
  7.69363E+01  0.00000E+00
  7.71854E+01  0.00000E+00
  7.74344E+01  0.00000E+00
  7.76834E+01  0.00000E+00
  7.79325E+01  0.00000E+00
  7.81815E+01  0.00000E+00
  7.84305E+01  0.00000E+00
  7.86796E+01  0.00000E+00
  7.89286E+01  0.00000E+00
  7.91776E+01  0.00000E+00
  7.94267E+01  0.00000E+00
  7.96757E+01  0.00000E+00
  7.99247E+01  0.00000E+00
  8.01737E+01  0.00000E+00
  8.04228E+01  0.00000E+00
  8.06718E+01  0.00000E+00
  8.09208E+01  0.00000E+00
  8.11699E+01  0.00000E+00
  8.14189E+01  0.00000E+00
  8.16679E+01  0.00000E+00
  8.19170E+01  0.00000E+00
  8.21660E+01  0.00000E+00
  8.24150E+01  0.00000E+00
  8.26641E+01  0.00000E+00
  8.29131E+01  0.00000E+00
  8.31621E+01  0.00000E+00
