  0.00000E+00 -3.50725E-02
  1.00000E-01 -3.50369E-02
  2.00000E-01 -3.50014E-02
  3.00000E-01 -3.49658E-02
  4.00000E-01 -3.49305E-02
  5.00000E-01 -3.48954E-02
  6.00000E-01 -3.48606E-02
  7.00000E-01 -3.48259E-02
  8.00000E-01 -3.47915E-02
  9.00000E-01 -3.47573E-02
  1.00000E+00 -3.47234E-02
  1.10000E+00 -3.46896E-02
  1.20000E+00 -3.46561E-02
  1.30000E+00 -3.46227E-02
  1.40000E+00 -3.45896E-02
  1.50000E+00 -3.45567E-02
  1.60000E+00 -3.45240E-02
  1.70000E+00 -3.44914E-02
  1.80000E+00 -3.44591E-02
  1.90000E+00 -3.44270E-02
  2.00000E+00 -3.43951E-02
  2.10000E+00 -3.43634E-02
  2.20000E+00 -3.43318E-02
  2.30000E+00 -3.43005E-02
  2.40000E+00 -3.42693E-02
  2.50000E+00 -3.42383E-02
  2.60000E+00 -3.42075E-02
  2.70000E+00 -3.41769E-02
  2.80000E+00 -3.41465E-02
  2.90000E+00 -3.41162E-02
  3.00000E+00 -3.40861E-02
  3.10000E+00 -3.40562E-02
  3.20000E+00 -3.40265E-02
  3.30000E+00 -3.39969E-02
  3.40000E+00 -3.39675E-02
  3.50000E+00 -3.39383E-02
  3.60000E+00 -3.39092E-02
  3.70000E+00 -3.38803E-02
  3.80000E+00 -3.38516E-02
  3.90000E+00 -3.38230E-02
  4.00000E+00 -3.37946E-02
  4.10000E+00 -3.37663E-02
  4.20000E+00 -3.37382E-02
  4.30000E+00 -3.37103E-02
  4.40000E+00 -3.36825E-02
  4.50000E+00 -3.36548E-02
  4.60000E+00 -3.36273E-02
  4.70000E+00 -3.36000E-02
  4.80000E+00 -3.35728E-02
  4.90000E+00 -3.35457E-02
  5.00000E+00 -3.35188E-02
  5.10000E+00 -3.34920E-02
  5.20000E+00 -3.34654E-02
  5.30000E+00 -3.34389E-02
  5.40000E+00 -3.34126E-02
  5.50000E+00 -3.33864E-02
  5.60000E+00 -3.33603E-02
  5.70000E+00 -3.33343E-02
  5.80000E+00 -3.33085E-02
  5.90000E+00 -3.32829E-02
  6.00000E+00 -3.32573E-02
  6.10000E+00 -3.32319E-02
  6.20000E+00 -3.32066E-02
  6.30000E+00 -3.31815E-02
  6.40000E+00 -3.31564E-02
  6.50000E+00 -3.31315E-02
  6.60000E+00 -3.31068E-02
  6.70000E+00 -3.30821E-02
  6.80000E+00 -3.30576E-02
  6.90000E+00 -3.30332E-02
  7.00000E+00 -3.30089E-02
  7.10000E+00 -3.29847E-02
  7.20000E+00 -3.29606E-02
  7.30000E+00 -3.29367E-02
  7.40000E+00 -3.29129E-02
  7.50000E+00 -3.28892E-02
  7.60000E+00 -3.28656E-02
  7.70000E+00 -3.28421E-02
  7.80000E+00 -3.28187E-02
  7.90000E+00 -3.27955E-02
  8.00000E+00 -3.27723E-02
  8.10000E+00 -3.27493E-02
  8.20000E+00 -3.27264E-02
  8.30000E+00 -3.27035E-02
  8.40000E+00 -3.26808E-02
  8.50000E+00 -3.26582E-02
  8.60000E+00 -3.26357E-02
  8.70000E+00 -3.26133E-02
  8.80000E+00 -3.25910E-02
  8.90000E+00 -3.25688E-02
  9.00000E+00 -3.25467E-02
  9.10000E+00 -3.25247E-02
  9.20000E+00 -3.25028E-02
  9.30000E+00 -3.24811E-02
  9.40000E+00 -3.24594E-02
  9.50000E+00 -3.24378E-02
  9.60000E+00 -3.24163E-02
  9.70000E+00 -3.23949E-02
  9.80000E+00 -3.23735E-02
  9.90000E+00 -3.23523E-02
  1.00000E+01 -3.23312E-02
  1.01000E+01 -3.23102E-02
  1.02000E+01 -3.22892E-02
  1.03000E+01 -3.22684E-02
  1.04000E+01 -3.22476E-02
  1.05000E+01 -3.22270E-02
  1.06000E+01 -3.22064E-02
  1.07000E+01 -3.21859E-02
  1.08000E+01 -3.21655E-02
  1.09000E+01 -3.21452E-02
  1.10000E+01 -3.21250E-02
  1.11000E+01 -3.21048E-02
  1.12000E+01 -3.20848E-02
  1.13000E+01 -3.20648E-02
  1.14000E+01 -3.20449E-02
  1.15000E+01 -3.20251E-02
  1.16000E+01 -3.20054E-02
  1.17000E+01 -3.19857E-02
  1.18000E+01 -3.19662E-02
  1.19000E+01 -3.19467E-02
  1.20000E+01 -3.19273E-02
  1.21000E+01 -3.19080E-02
  1.22000E+01 -3.18888E-02
  1.23000E+01 -3.18696E-02
  1.24000E+01 -3.18505E-02
  1.25000E+01 -3.18315E-02
  1.26000E+01 -3.18126E-02
  1.27000E+01 -3.17937E-02
  1.28000E+01 -3.17750E-02
  1.29000E+01 -3.17563E-02
  1.30000E+01 -3.17376E-02
  1.31000E+01 -3.17191E-02
  1.32000E+01 -3.17006E-02
  1.33000E+01 -3.16822E-02
  1.34000E+01 -3.16639E-02
  1.35000E+01 -3.16456E-02
  1.36000E+01 -3.16274E-02
  1.37000E+01 -3.16093E-02
  1.38000E+01 -3.15913E-02
  1.39000E+01 -3.15733E-02
  1.40000E+01 -3.15554E-02
  1.41000E+01 -3.15375E-02
  1.42000E+01 -3.15198E-02
  1.43000E+01 -3.15021E-02
  1.44000E+01 -3.14844E-02
  1.45000E+01 -3.14669E-02
  1.46000E+01 -3.14494E-02
  1.47000E+01 -3.14319E-02
  1.48000E+01 -3.14145E-02
  1.49000E+01 -3.13972E-02
  1.50000E+01 -3.13800E-02
  1.51000E+01 -3.13628E-02
  1.52000E+01 -3.13457E-02
  1.53000E+01 -3.13287E-02
  1.54000E+01 -3.13117E-02
  1.55000E+01 -3.12948E-02
  1.56000E+01 -3.12779E-02
  1.57000E+01 -3.12611E-02
  1.58000E+01 -3.12444E-02
  1.59000E+01 -3.12277E-02
  1.60000E+01 -3.12111E-02
  1.61000E+01 -3.11945E-02
  1.62000E+01 -3.11780E-02
  1.63000E+01 -3.11616E-02
  1.64000E+01 -3.11452E-02
  1.65000E+01 -3.11289E-02
  1.66000E+01 -3.11126E-02
  1.67000E+01 -3.10964E-02
  1.68000E+01 -3.10803E-02
  1.69000E+01 -3.10642E-02
  1.70000E+01 -3.10482E-02
  1.71000E+01 -3.10322E-02
  1.72000E+01 -3.10163E-02
  1.73000E+01 -3.10004E-02
  1.74000E+01 -3.09846E-02
  1.75000E+01 -3.09689E-02
  1.76000E+01 -3.09532E-02
  1.77000E+01 -3.09375E-02
  1.78000E+01 -3.09219E-02
  1.79000E+01 -3.09064E-02
  1.80000E+01 -3.08909E-02
  1.81000E+01 -3.08755E-02
  1.82000E+01 -3.08601E-02
  1.83000E+01 -3.08448E-02
  1.84000E+01 -3.08295E-02
  1.85000E+01 -3.08143E-02
  1.86000E+01 -3.07991E-02
  1.87000E+01 -3.07840E-02
  1.88000E+01 -3.07689E-02
  1.89000E+01 -3.07539E-02
  1.90000E+01 -3.07389E-02
  1.91000E+01 -3.07240E-02
  1.92000E+01 -3.07092E-02
  1.93000E+01 -3.06943E-02
  1.94000E+01 -3.06796E-02
  1.95000E+01 -3.06649E-02
  1.96000E+01 -3.06502E-02
  1.97000E+01 -3.06356E-02
  1.98000E+01 -3.06210E-02
  1.99000E+01 -3.06064E-02
  2.00000E+01 -3.05920E-02
  2.01000E+01 -3.05775E-02
  2.02000E+01 -3.05631E-02
  2.03000E+01 -3.05488E-02
  2.04000E+01 -3.05345E-02
  2.05000E+01 -3.05202E-02
  2.06000E+01 -3.05060E-02
  2.07000E+01 -3.04919E-02
  2.08000E+01 -3.04778E-02
  2.09000E+01 -3.04637E-02
  2.10000E+01 -3.04497E-02
  2.11000E+01 -3.04357E-02
  2.12000E+01 -3.04217E-02
  2.13000E+01 -3.04078E-02
  2.14000E+01 -3.03940E-02
  2.15000E+01 -3.03802E-02
  2.16000E+01 -3.03664E-02
  2.17000E+01 -3.03527E-02
  2.18000E+01 -3.03390E-02
  2.19000E+01 -3.03254E-02
  2.20000E+01 -3.03118E-02
  2.21000E+01 -3.02982E-02
  2.22000E+01 -3.02847E-02
  2.23000E+01 -3.02712E-02
  2.24000E+01 -3.02578E-02
  2.25000E+01 -3.02444E-02
  2.26000E+01 -3.02311E-02
  2.27000E+01 -3.02178E-02
  2.28000E+01 -3.02045E-02
  2.29000E+01 -3.01913E-02
  2.30000E+01 -3.01781E-02
  2.31000E+01 -3.01649E-02
  2.32000E+01 -3.01518E-02
  2.33000E+01 -3.01387E-02
  2.34000E+01 -3.01257E-02
  2.35000E+01 -3.01127E-02
  2.36000E+01 -3.00997E-02
  2.37000E+01 -3.00868E-02
  2.38000E+01 -3.00739E-02
  2.39000E+01 -3.00611E-02
  2.40000E+01 -3.00483E-02
  2.41000E+01 -3.00355E-02
  2.42000E+01 -3.00228E-02
  2.43000E+01 -3.00101E-02
  2.44000E+01 -2.99974E-02
  2.45000E+01 -2.99848E-02
  2.46000E+01 -2.99722E-02
  2.47000E+01 -2.99597E-02
  2.48000E+01 -2.99472E-02
  2.49000E+01 -2.99347E-02
  2.50000E+01 -2.99223E-02
  2.51000E+01 -2.99099E-02
  2.52000E+01 -2.98975E-02
  2.53000E+01 -2.98851E-02
  2.54000E+01 -2.98728E-02
  2.55000E+01 -2.98606E-02
  2.56000E+01 -2.98483E-02
  2.57000E+01 -2.98362E-02
  2.58000E+01 -2.98240E-02
  2.59000E+01 -2.98119E-02
  2.60000E+01 -2.97998E-02
  2.61000E+01 -2.97877E-02
  2.62000E+01 -2.97757E-02
  2.63000E+01 -2.97637E-02
  2.64000E+01 -2.97517E-02
  2.65000E+01 -2.97398E-02
  2.66000E+01 -2.97279E-02
  2.67000E+01 -2.97160E-02
  2.68000E+01 -2.97042E-02
  2.69000E+01 -2.96924E-02
  2.70000E+01 -2.96806E-02
  2.71000E+01 -2.96689E-02
  2.72000E+01 -2.96572E-02
  2.73000E+01 -2.96455E-02
  2.74000E+01 -2.96339E-02
  2.75000E+01 -2.96223E-02
  2.76000E+01 -2.96107E-02
  2.77000E+01 -2.95991E-02
  2.78000E+01 -2.95876E-02
  2.79000E+01 -2.95761E-02
  2.80000E+01 -2.95647E-02
  2.81000E+01 -2.95532E-02
  2.82000E+01 -2.95419E-02
  2.83000E+01 -2.95305E-02
  2.84000E+01 -2.95192E-02
  2.85000E+01 -2.95078E-02
  2.86000E+01 -2.94966E-02
  2.87000E+01 -2.94853E-02
  2.88000E+01 -2.94741E-02
  2.89000E+01 -2.94629E-02
  2.90000E+01 -2.94518E-02
  2.91000E+01 -2.94406E-02
  2.92000E+01 -2.94295E-02
  2.93000E+01 -2.94185E-02
  2.94000E+01 -2.94074E-02
  2.95000E+01 -2.93964E-02
  2.96000E+01 -2.93854E-02
  2.97000E+01 -2.93744E-02
  2.98000E+01 -2.93635E-02
  2.99000E+01 -2.93526E-02
  3.00000E+01 -2.93417E-02
  3.01000E+01 -2.93309E-02
  3.02000E+01 -2.93201E-02
  3.03000E+01 -2.93093E-02
  3.04000E+01 -2.92985E-02
  3.05000E+01 -2.92878E-02
  3.06000E+01 -2.92770E-02
  3.07000E+01 -2.92664E-02
  3.08000E+01 -2.92557E-02
  3.09000E+01 -2.92451E-02
  3.10000E+01 -2.92345E-02
  3.11000E+01 -2.92239E-02
  3.12000E+01 -2.92133E-02
  3.13000E+01 -2.92028E-02
  3.14000E+01 -2.91923E-02
  3.15000E+01 -2.91818E-02
  3.16000E+01 -2.91714E-02
  3.17000E+01 -2.91609E-02
  3.18000E+01 -2.91505E-02
  3.19000E+01 -2.91402E-02
  3.20000E+01 -2.91298E-02
  3.21000E+01 -2.91195E-02
  3.22000E+01 -2.91092E-02
  3.23000E+01 -2.90989E-02
  3.24000E+01 -2.90886E-02
  3.25000E+01 -2.90784E-02
  3.26000E+01 -2.90682E-02
  3.27000E+01 -2.90580E-02
  3.28000E+01 -2.90479E-02
  3.29000E+01 -2.90378E-02
  3.30000E+01 -2.90277E-02
  3.31000E+01 -2.90176E-02
  3.32000E+01 -2.90075E-02
  3.33000E+01 -2.89975E-02
  3.34000E+01 -2.89875E-02
  3.35000E+01 -2.89775E-02
  3.36000E+01 -2.89675E-02
  3.37000E+01 -2.89576E-02
  3.38000E+01 -2.89477E-02
  3.39000E+01 -2.89378E-02
  3.40000E+01 -2.89279E-02
  3.41000E+01 -2.89181E-02
  3.42000E+01 -2.89082E-02
  3.43000E+01 -2.88984E-02
  3.44000E+01 -2.88886E-02
  3.45000E+01 -2.88789E-02
  3.46000E+01 -2.88692E-02
  3.47000E+01 -2.88594E-02
  3.48000E+01 -2.88498E-02
  3.49000E+01 -2.88401E-02
  3.50000E+01 -2.88304E-02
  3.51000E+01 -2.88208E-02
  3.52000E+01 -2.88112E-02
  3.53000E+01 -2.88016E-02
  3.54000E+01 -2.87921E-02
  3.55000E+01 -2.87825E-02
  3.56000E+01 -2.87730E-02
  3.57000E+01 -2.87635E-02
  3.58000E+01 -2.87541E-02
  3.59000E+01 -2.87446E-02
  3.60000E+01 -2.87352E-02
  3.61000E+01 -2.87258E-02
  3.62000E+01 -2.87164E-02
  3.63000E+01 -2.87070E-02
  3.64000E+01 -2.86977E-02
  3.65000E+01 -2.86883E-02
  3.66000E+01 -2.86790E-02
  3.67000E+01 -2.86697E-02
  3.68000E+01 -2.86605E-02
  3.69000E+01 -2.86512E-02
  3.70000E+01 -2.86420E-02
  3.71000E+01 -2.86328E-02
  3.72000E+01 -2.86236E-02
  3.73000E+01 -2.86144E-02
  3.74000E+01 -2.86053E-02
  3.75000E+01 -2.85962E-02
  3.76000E+01 -2.85871E-02
  3.77000E+01 -2.85780E-02
  3.78000E+01 -2.85689E-02
  3.79000E+01 -2.85599E-02
  3.80000E+01 -2.85508E-02
  3.81000E+01 -2.85418E-02
  3.82000E+01 -2.85328E-02
  3.83000E+01 -2.85239E-02
  3.84000E+01 -2.85149E-02
  3.85000E+01 -2.85060E-02
  3.86000E+01 -2.84971E-02
  3.87000E+01 -2.84882E-02
  3.88000E+01 -2.84793E-02
  3.89000E+01 -2.84705E-02
  3.90000E+01 -2.84616E-02
  3.91000E+01 -2.84528E-02
  3.92000E+01 -2.84440E-02
  3.93000E+01 -2.84352E-02
  3.94000E+01 -2.84264E-02
  3.95000E+01 -2.84177E-02
  3.96000E+01 -2.84090E-02
  3.97000E+01 -2.84003E-02
  3.98000E+01 -2.83916E-02
  3.99000E+01 -2.83829E-02
  4.00000E+01 -2.83742E-02
  4.01000E+01 -2.83656E-02
  4.02000E+01 -2.83570E-02
  4.03000E+01 -2.83484E-02
  4.04000E+01 -2.83398E-02
  4.05000E+01 -2.83312E-02
  4.06000E+01 -2.83227E-02
  4.07000E+01 -2.83141E-02
  4.08000E+01 -2.83056E-02
  4.09000E+01 -2.82971E-02
  4.10000E+01 -2.82887E-02
  4.11000E+01 -2.82802E-02
  4.12000E+01 -2.82717E-02
  4.13000E+01 -2.82633E-02
  4.14000E+01 -2.82549E-02
  4.15000E+01 -2.82465E-02
  4.16000E+01 -2.82381E-02
  4.17000E+01 -2.82298E-02
  4.18000E+01 -2.82214E-02
  4.19000E+01 -2.82131E-02
  4.20000E+01 -2.82048E-02
  4.21000E+01 -2.81965E-02
  4.22000E+01 -2.81882E-02
  4.23000E+01 -2.81799E-02
  4.24000E+01 -2.81717E-02
  4.25000E+01 -2.81635E-02
  4.26000E+01 -2.81552E-02
  4.27000E+01 -2.81470E-02
  4.28000E+01 -2.81389E-02
  4.29000E+01 -2.81307E-02
  4.30000E+01 -2.81225E-02
  4.31000E+01 -2.81144E-02
  4.32000E+01 -2.81063E-02
  4.33000E+01 -2.80982E-02
  4.34000E+01 -2.80901E-02
  4.35000E+01 -2.80820E-02
  4.36000E+01 -2.80740E-02
  4.37000E+01 -2.80659E-02
  4.38000E+01 -2.80579E-02
  4.39000E+01 -2.80499E-02
  4.40000E+01 -2.80419E-02
  4.41000E+01 -2.80339E-02
  4.42000E+01 -2.80260E-02
  4.43000E+01 -2.80180E-02
  4.44000E+01 -2.80101E-02
  4.45000E+01 -2.80022E-02
  4.46000E+01 -2.79942E-02
  4.47000E+01 -2.79864E-02
  4.48000E+01 -2.79785E-02
  4.49000E+01 -2.79706E-02
  4.50000E+01 -2.79628E-02
  4.51000E+01 -2.79549E-02
  4.52000E+01 -2.79471E-02
  4.53000E+01 -2.79393E-02
  4.54000E+01 -2.79315E-02
  4.55000E+01 -2.79238E-02
  4.56000E+01 -2.79160E-02
  4.57000E+01 -2.79083E-02
  4.58000E+01 -2.79005E-02
  4.59000E+01 -2.78928E-02
  4.60000E+01 -2.78851E-02
  4.61000E+01 -2.78774E-02
  4.62000E+01 -2.78698E-02
  4.63000E+01 -2.78621E-02
  4.64000E+01 -2.78545E-02
  4.65000E+01 -2.78468E-02
  4.66000E+01 -2.78392E-02
  4.67000E+01 -2.78316E-02
  4.68000E+01 -2.78240E-02
  4.69000E+01 -2.78165E-02
  4.70000E+01 -2.78089E-02
  4.71000E+01 -2.78014E-02
  4.72000E+01 -2.77938E-02
  4.73000E+01 -2.77863E-02
  4.74000E+01 -2.77788E-02
  4.75000E+01 -2.77713E-02
  4.76000E+01 -2.77638E-02
  4.77000E+01 -2.77564E-02
  4.78000E+01 -2.77489E-02
  4.79000E+01 -2.77415E-02
  4.80000E+01 -2.77340E-02
  4.81000E+01 -2.77266E-02
  4.82000E+01 -2.77192E-02
  4.83000E+01 -2.77118E-02
  4.84000E+01 -2.77045E-02
  4.85000E+01 -2.76971E-02
  4.86000E+01 -2.76898E-02
  4.87000E+01 -2.76824E-02
  4.88000E+01 -2.76751E-02
  4.89000E+01 -2.76678E-02
  4.90000E+01 -2.76605E-02
  4.91000E+01 -2.76532E-02
  4.92000E+01 -2.76460E-02
  4.93000E+01 -2.76387E-02
  4.94000E+01 -2.76315E-02
  4.95000E+01 -2.76242E-02
  4.96000E+01 -2.76170E-02
  4.97000E+01 -2.76098E-02
  4.98000E+01 -2.76026E-02
  4.99000E+01 -2.75954E-02
  5.00000E+01 -2.75882E-02
  5.01000E+01 -2.75811E-02
  5.02000E+01 -2.75739E-02
  5.03000E+01 -2.75668E-02
  5.04000E+01 -2.75597E-02
  5.05000E+01 -2.75526E-02
  5.06000E+01 -2.75455E-02
  5.07000E+01 -2.75384E-02
  5.08000E+01 -2.75313E-02
  5.09000E+01 -2.75243E-02
  5.10000E+01 -2.75172E-02
  5.11000E+01 -2.75102E-02
  5.12000E+01 -2.75032E-02
  5.13000E+01 -2.74961E-02
  5.14000E+01 -2.74891E-02
  5.15000E+01 -2.74822E-02
  5.16000E+01 -2.74752E-02
  5.17000E+01 -2.74682E-02
  5.18000E+01 -2.74613E-02
  5.19000E+01 -2.74543E-02
  5.20000E+01 -2.74474E-02
  5.21000E+01 -2.74405E-02
  5.22000E+01 -2.74336E-02
  5.23000E+01 -2.74267E-02
  5.24000E+01 -2.74198E-02
  5.25000E+01 -2.74129E-02
  5.26000E+01 -2.74060E-02
  5.27000E+01 -2.73992E-02
  5.28000E+01 -2.73924E-02
  5.29000E+01 -2.73855E-02
  5.30000E+01 -2.73787E-02
  5.31000E+01 -2.73719E-02
  5.32000E+01 -2.73651E-02
  5.33000E+01 -2.73583E-02
  5.34000E+01 -2.73516E-02
  5.35000E+01 -2.73448E-02
  5.36000E+01 -2.73380E-02
  5.37000E+01 -2.73313E-02
  5.38000E+01 -2.73246E-02
  5.39000E+01 -2.73179E-02
  5.40000E+01 -2.73111E-02
  5.41000E+01 -2.73045E-02
  5.42000E+01 -2.72978E-02
  5.43000E+01 -2.72911E-02
  5.44000E+01 -2.72844E-02
  5.45000E+01 -2.72778E-02
  5.46000E+01 -2.72711E-02
  5.47000E+01 -2.72645E-02
  5.48000E+01 -2.72579E-02
  5.49000E+01 -2.72513E-02
  5.50000E+01 -2.72447E-02
  5.51000E+01 -2.72381E-02
  5.52000E+01 -2.72315E-02
  5.53000E+01 -2.72249E-02
  5.54000E+01 -2.72184E-02
  5.55000E+01 -2.72118E-02
  5.56000E+01 -2.72053E-02
  5.57000E+01 -2.71988E-02
  5.58000E+01 -2.71922E-02
  5.59000E+01 -2.71857E-02
  5.60000E+01 -2.71792E-02
  5.61000E+01 -2.71727E-02
  5.62000E+01 -2.71663E-02
  5.63000E+01 -2.71598E-02
  5.64000E+01 -2.71533E-02
  5.65000E+01 -2.71469E-02
  5.66000E+01 -2.71405E-02
  5.67000E+01 -2.71340E-02
  5.68000E+01 -2.71276E-02
  5.69000E+01 -2.71212E-02
  5.70000E+01 -2.71148E-02
  5.71000E+01 -2.71084E-02
  5.72000E+01 -2.71021E-02
  5.73000E+01 -2.70957E-02
  5.74000E+01 -2.70893E-02
  5.75000E+01 -2.70830E-02
  5.76000E+01 -2.70766E-02
  5.77000E+01 -2.70703E-02
  5.78000E+01 -2.70640E-02
  5.79000E+01 -2.70577E-02
  5.80000E+01 -2.70514E-02
  5.81000E+01 -2.70451E-02
  5.82000E+01 -2.70388E-02
  5.83000E+01 -2.70325E-02
  5.84000E+01 -2.70263E-02
  5.85000E+01 -2.70200E-02
  5.86000E+01 -2.70138E-02
  5.87000E+01 -2.70075E-02
  5.88000E+01 -2.70013E-02
  5.89000E+01 -2.69951E-02
  5.90000E+01 -2.69889E-02
  5.91000E+01 -2.69827E-02
  5.92000E+01 -2.69765E-02
  5.93000E+01 -2.69703E-02
  5.94000E+01 -2.69642E-02
  5.95000E+01 -2.69580E-02
  5.96000E+01 -2.69519E-02
  5.97000E+01 -2.69457E-02
  5.98000E+01 -2.69396E-02
  5.99000E+01 -2.69335E-02
  6.00000E+01 -2.69273E-02
  6.01000E+01 -2.69212E-02
  6.02000E+01 -2.69151E-02
  6.03000E+01 -2.69091E-02
  6.04000E+01 -2.69030E-02
  6.05000E+01 -2.68969E-02
  6.06000E+01 -2.68908E-02
  6.07000E+01 -2.68848E-02
  6.08000E+01 -2.68788E-02
  6.09000E+01 -2.68727E-02
  6.10000E+01 -2.68667E-02
  6.11000E+01 -2.68607E-02
  6.12000E+01 -2.68547E-02
  6.13000E+01 -2.68487E-02
  6.14000E+01 -2.68427E-02
  6.15000E+01 -2.68367E-02
  6.16000E+01 -2.68307E-02
  6.17000E+01 -2.68248E-02
  6.18000E+01 -2.68188E-02
  6.19000E+01 -2.68128E-02
  6.20000E+01 -2.68069E-02
  6.21000E+01 -2.68010E-02
  6.22000E+01 -2.67951E-02
  6.23000E+01 -2.67891E-02
  6.24000E+01 -2.67832E-02
  6.25000E+01 -2.67773E-02
  6.26000E+01 -2.67714E-02
  6.27000E+01 -2.67656E-02
  6.28000E+01 -2.67597E-02
  6.29000E+01 -2.67538E-02
  6.30000E+01 -2.67480E-02
  6.31000E+01 -2.67421E-02
  6.32000E+01 -2.67363E-02
  6.33000E+01 -2.67305E-02
  6.34000E+01 -2.67246E-02
  6.35000E+01 -2.67188E-02
  6.36000E+01 -2.67130E-02
  6.37000E+01 -2.67072E-02
  6.38000E+01 -2.67014E-02
  6.39000E+01 -2.66956E-02
  6.40000E+01 -2.66899E-02
  6.41000E+01 -2.66841E-02
  6.42000E+01 -2.66783E-02
  6.43000E+01 -2.66726E-02
  6.44000E+01 -2.66668E-02
  6.45000E+01 -2.66611E-02
  6.46000E+01 -2.66554E-02
  6.47000E+01 -2.66497E-02
  6.48000E+01 -2.66439E-02
  6.49000E+01 -2.66382E-02
  6.50000E+01 -2.66325E-02
  6.51000E+01 -2.66269E-02
  6.52000E+01 -2.66212E-02
  6.53000E+01 -2.66155E-02
  6.54000E+01 -2.66098E-02
  6.55000E+01 -2.66042E-02
  6.56000E+01 -2.65985E-02
  6.57000E+01 -2.65929E-02
  6.58000E+01 -2.65873E-02
  6.59000E+01 -2.65816E-02
  6.60000E+01 -2.65760E-02
  6.61000E+01 -2.65704E-02
  6.62000E+01 -2.65648E-02
  6.63000E+01 -2.65592E-02
  6.64000E+01 -2.65536E-02
  6.65000E+01 -2.65480E-02
  6.66000E+01 -2.65425E-02
  6.67000E+01 -2.65369E-02
  6.68000E+01 -2.65313E-02
  6.69000E+01 -2.65258E-02
  6.70000E+01 -2.65202E-02
  6.71000E+01 -2.65147E-02
  6.72000E+01 -2.65092E-02
  6.73000E+01 -2.65037E-02
  6.74000E+01 -2.64981E-02
  6.75000E+01 -2.64926E-02
  6.76000E+01 -2.64871E-02
  6.77000E+01 -2.64816E-02
  6.78000E+01 -2.64762E-02
  6.79000E+01 -2.64707E-02
  6.80000E+01 -2.64652E-02
  6.81000E+01 -2.64597E-02
  6.82000E+01 -2.64543E-02
  6.83000E+01 -2.64488E-02
  6.84000E+01 -2.64434E-02
  6.85000E+01 -2.64380E-02
  6.86000E+01 -2.64325E-02
  6.87000E+01 -2.64271E-02
  6.88000E+01 -2.64217E-02
  6.89000E+01 -2.64163E-02
  6.90000E+01 -2.64109E-02
  6.91000E+01 -2.64055E-02
  6.92000E+01 -2.64001E-02
  6.93000E+01 -2.63947E-02
  6.94000E+01 -2.63893E-02
  6.95000E+01 -2.63840E-02
  6.96000E+01 -2.63786E-02
  6.97000E+01 -2.63733E-02
  6.98000E+01 -2.63679E-02
  6.99000E+01 -2.63626E-02
  7.00000E+01 -2.63573E-02
  7.01000E+01 -2.63519E-02
  7.02000E+01 -2.63466E-02
  7.03000E+01 -2.63413E-02
  7.04000E+01 -2.63360E-02
  7.05000E+01 -2.63307E-02
  7.06000E+01 -2.63254E-02
  7.07000E+01 -2.63201E-02
  7.08000E+01 -2.63149E-02
  7.09000E+01 -2.63096E-02
  7.10000E+01 -2.63043E-02
  7.11000E+01 -2.62991E-02
  7.12000E+01 -2.62938E-02
  7.13000E+01 -2.62886E-02
  7.14000E+01 -2.62833E-02
  7.15000E+01 -2.62781E-02
  7.16000E+01 -2.62729E-02
  7.17000E+01 -2.62677E-02
  7.18000E+01 -2.62624E-02
  7.19000E+01 -2.62572E-02
  7.20000E+01 -2.62520E-02
  7.21000E+01 -2.62468E-02
  7.22000E+01 -2.62417E-02
  7.23000E+01 -2.62365E-02
  7.24000E+01 -2.62313E-02
  7.25000E+01 -2.62261E-02
  7.26000E+01 -2.62210E-02
  7.27000E+01 -2.62158E-02
  7.28000E+01 -2.62107E-02
  7.29000E+01 -2.62055E-02
  7.30000E+01 -2.62004E-02
  7.31000E+01 -2.61953E-02
  7.32000E+01 -2.61902E-02
  7.33000E+01 -2.61850E-02
  7.34000E+01 -2.61799E-02
  7.35000E+01 -2.61748E-02
  7.36000E+01 -2.61697E-02
  7.37000E+01 -2.61646E-02
  7.38000E+01 -2.61595E-02
  7.39000E+01 -2.61545E-02
  7.40000E+01 -2.61494E-02
  7.41000E+01 -2.61443E-02
  7.42000E+01 -2.61393E-02
  7.43000E+01 -2.61342E-02
  7.44000E+01 -2.61292E-02
  7.45000E+01 -2.61241E-02
  7.46000E+01 -2.61191E-02
  7.47000E+01 -2.61141E-02
  7.48000E+01 -2.61090E-02
  7.49000E+01 -2.61040E-02
  7.50000E+01 -2.60990E-02
  7.51000E+01 -2.60940E-02
  7.52000E+01 -2.60890E-02
  7.53000E+01 -2.60840E-02
  7.54000E+01 -2.60790E-02
  7.55000E+01 -2.60740E-02
  7.56000E+01 -2.60691E-02
  7.57000E+01 -2.60641E-02
  7.58000E+01 -2.60591E-02
  7.59000E+01 -2.60542E-02
  7.60000E+01 -2.60492E-02
  7.61000E+01 -2.60443E-02
  7.62000E+01 -2.60393E-02
  7.63000E+01 -2.60344E-02
  7.64000E+01 -2.60295E-02
  7.65000E+01 -2.60245E-02
  7.66000E+01 -2.60196E-02
  7.67000E+01 -2.60147E-02
  7.68000E+01 -2.60098E-02
  7.69000E+01 -2.60049E-02
  7.70000E+01 -2.60000E-02
  7.71000E+01 -2.59951E-02
  7.72000E+01 -2.59902E-02
  7.73000E+01 -2.59854E-02
  7.74000E+01 -2.59805E-02
  7.75000E+01 -2.59756E-02
  7.76000E+01 -2.59708E-02
  7.77000E+01 -2.59659E-02
  7.78000E+01 -2.59611E-02
  7.79000E+01 -2.59562E-02
  7.80000E+01 -2.59514E-02
  7.81000E+01 -2.59465E-02
  7.82000E+01 -2.59417E-02
  7.83000E+01 -2.59369E-02
  7.84000E+01 -2.59321E-02
  7.85000E+01 -2.59273E-02
  7.86000E+01 -2.59225E-02
  7.87000E+01 -2.59177E-02
  7.88000E+01 -2.59129E-02
  7.89000E+01 -2.59081E-02
  7.90000E+01 -2.59033E-02
  7.91000E+01 -2.58985E-02
  7.92000E+01 -2.58937E-02
  7.93000E+01 -2.58890E-02
  7.94000E+01 -2.58842E-02
  7.95000E+01 -2.58795E-02
  7.96000E+01 -2.58747E-02
  7.97000E+01 -2.58700E-02
  7.98000E+01 -2.58652E-02
  7.99000E+01 -2.58605E-02
  8.00000E+01 -2.58558E-02
  8.01000E+01 -2.58510E-02
  8.02000E+01 -2.58463E-02
  8.03000E+01 -2.58416E-02
  8.04000E+01 -2.58369E-02
  8.05000E+01 -2.58322E-02
  8.06000E+01 -2.58275E-02
  8.07000E+01 -2.58228E-02
  8.08000E+01 -2.58181E-02
  8.09000E+01 -2.58134E-02
  8.10000E+01 -2.58088E-02
  8.11000E+01 -2.58041E-02
  8.12000E+01 -2.57994E-02
  8.13000E+01 -2.57948E-02
  8.14000E+01 -2.57901E-02
  8.15000E+01 -2.57854E-02
  8.16000E+01 -2.57808E-02
  8.17000E+01 -2.57762E-02
  8.18000E+01 -2.57715E-02
  8.19000E+01 -2.57669E-02
  8.20000E+01 -2.57623E-02
  8.21000E+01 -2.57577E-02
  8.22000E+01 -2.57530E-02
  8.23000E+01 -2.57484E-02
  8.24000E+01 -2.57438E-02
  8.25000E+01 -2.57392E-02
  8.26000E+01 -2.57346E-02
  8.27000E+01 -2.57300E-02
  8.28000E+01 -2.57254E-02
  8.29000E+01 -2.57209E-02
  8.30000E+01 -2.57163E-02
  8.31000E+01 -2.57117E-02
  8.32000E+01 -2.57072E-02
  8.33000E+01 -2.57026E-02
  8.34000E+01 -2.56980E-02
  8.35000E+01 -2.56935E-02
  8.36000E+01 -2.56889E-02
  8.37000E+01 -2.56844E-02
  8.38000E+01 -2.56799E-02
  8.39000E+01 -2.56753E-02
  8.40000E+01 -2.56708E-02
  8.41000E+01 -2.56663E-02
  8.42000E+01 -2.56618E-02
  8.43000E+01 -2.56573E-02
  8.44000E+01 -2.56528E-02
  8.45000E+01 -2.56482E-02
  8.46000E+01 -2.56438E-02
  8.47000E+01 -2.56393E-02
  8.48000E+01 -2.56348E-02
  8.49000E+01 -2.56303E-02
  8.50000E+01 -2.56258E-02
  8.51000E+01 -2.56213E-02
  8.52000E+01 -2.56169E-02
  8.53000E+01 -2.56124E-02
  8.54000E+01 -2.56079E-02
  8.55000E+01 -2.56035E-02
  8.56000E+01 -2.55990E-02
  8.57000E+01 -2.55946E-02
  8.58000E+01 -2.55902E-02
  8.59000E+01 -2.55857E-02
  8.60000E+01 -2.55813E-02
  8.61000E+01 -2.55769E-02
  8.62000E+01 -2.55724E-02
  8.63000E+01 -2.55680E-02
  8.64000E+01 -2.55636E-02
  8.65000E+01 -2.55592E-02
  8.66000E+01 -2.55548E-02
  8.67000E+01 -2.55504E-02
  8.68000E+01 -2.55460E-02
  8.69000E+01 -2.55416E-02
  8.70000E+01 -2.55372E-02
  8.71000E+01 -2.55328E-02
  8.72000E+01 -2.55285E-02
  8.73000E+01 -2.55241E-02
  8.74000E+01 -2.55197E-02
  8.75000E+01 -2.55154E-02
  8.76000E+01 -2.55110E-02
  8.77000E+01 -2.55066E-02
  8.78000E+01 -2.55023E-02
  8.79000E+01 -2.54980E-02
  8.80000E+01 -2.54936E-02
  8.81000E+01 -2.54893E-02
  8.82000E+01 -2.54849E-02
  8.83000E+01 -2.54806E-02
  8.84000E+01 -2.54763E-02
  8.85000E+01 -2.54720E-02
  8.86000E+01 -2.54677E-02
  8.87000E+01 -2.54634E-02
  8.88000E+01 -2.54590E-02
  8.89000E+01 -2.54547E-02
  8.90000E+01 -2.54504E-02
  8.91000E+01 -2.54462E-02
  8.92000E+01 -2.54419E-02
  8.93000E+01 -2.54376E-02
  8.94000E+01 -2.54333E-02
  8.95000E+01 -2.54290E-02
  8.96000E+01 -2.54248E-02
  8.97000E+01 -2.54205E-02
  8.98000E+01 -2.54162E-02
  8.99000E+01 -2.54120E-02
  9.00000E+01 -2.54077E-02
  9.01000E+01 -2.54035E-02
  9.02000E+01 -2.53992E-02
  9.03000E+01 -2.53950E-02
  9.04000E+01 -2.53907E-02
  9.05000E+01 -2.53865E-02
  9.06000E+01 -2.53823E-02
  9.07000E+01 -2.53781E-02
  9.08000E+01 -2.53738E-02
  9.09000E+01 -2.53696E-02
  9.10000E+01 -2.53654E-02
  9.11000E+01 -2.53612E-02
  9.12000E+01 -2.53570E-02
  9.13000E+01 -2.53528E-02
  9.14000E+01 -2.53486E-02
  9.15000E+01 -2.53444E-02
  9.16000E+01 -2.53402E-02
  9.17000E+01 -2.53360E-02
  9.18000E+01 -2.53319E-02
  9.19000E+01 -2.53277E-02
  9.20000E+01 -2.53235E-02
  9.21000E+01 -2.53194E-02
  9.22000E+01 -2.53152E-02
  9.23000E+01 -2.53110E-02
  9.24000E+01 -2.53069E-02
  9.25000E+01 -2.53027E-02
  9.26000E+01 -2.52986E-02
  9.27000E+01 -2.52944E-02
  9.28000E+01 -2.52903E-02
  9.29000E+01 -2.52862E-02
  9.30000E+01 -2.52820E-02
  9.31000E+01 -2.52779E-02
  9.32000E+01 -2.52738E-02
  9.33000E+01 -2.52697E-02
  9.34000E+01 -2.52656E-02
  9.35000E+01 -2.52614E-02
  9.36000E+01 -2.52573E-02
  9.37000E+01 -2.52532E-02
  9.38000E+01 -2.52491E-02
  9.39000E+01 -2.52450E-02
  9.40000E+01 -2.52410E-02
  9.41000E+01 -2.52369E-02
  9.42000E+01 -2.52328E-02
  9.43000E+01 -2.52287E-02
  9.44000E+01 -2.52246E-02
  9.45000E+01 -2.52206E-02
  9.46000E+01 -2.52165E-02
  9.47000E+01 -2.52124E-02
  9.48000E+01 -2.52084E-02
  9.49000E+01 -2.52043E-02
  9.50000E+01 -2.52003E-02
  9.51000E+01 -2.51962E-02
  9.52000E+01 -2.51922E-02
  9.53000E+01 -2.51881E-02
  9.54000E+01 -2.51841E-02
  9.55000E+01 -2.51801E-02
  9.56000E+01 -2.51760E-02
  9.57000E+01 -2.51720E-02
  9.58000E+01 -2.51680E-02
  9.59000E+01 -2.51640E-02
  9.60000E+01 -2.51600E-02
  9.61000E+01 -2.51559E-02
  9.62000E+01 -2.51519E-02
  9.63000E+01 -2.51479E-02
  9.64000E+01 -2.51439E-02
  9.65000E+01 -2.51399E-02
  9.66000E+01 -2.51359E-02
  9.67000E+01 -2.51320E-02
  9.68000E+01 -2.51280E-02
  9.69000E+01 -2.51240E-02
  9.70000E+01 -2.51200E-02
  9.71000E+01 -2.51160E-02
  9.72000E+01 -2.51121E-02
  9.73000E+01 -2.51081E-02
  9.74000E+01 -2.51041E-02
  9.75000E+01 -2.51002E-02
  9.76000E+01 -2.50962E-02
  9.77000E+01 -2.50923E-02
  9.78000E+01 -2.50883E-02
  9.79000E+01 -2.50844E-02
  9.80000E+01 -2.50805E-02
  9.81000E+01 -2.50765E-02
  9.82000E+01 -2.50726E-02
  9.83000E+01 -2.50687E-02
  9.84000E+01 -2.50647E-02
  9.85000E+01 -2.50608E-02
  9.86000E+01 -2.50569E-02
  9.87000E+01 -2.50530E-02
  9.88000E+01 -2.50491E-02
  9.89000E+01 -2.50452E-02
  9.90000E+01 -2.50412E-02
  9.91000E+01 -2.50373E-02
  9.92000E+01 -2.50335E-02
  9.93000E+01 -2.50296E-02
  9.94000E+01 -2.50257E-02
  9.95000E+01 -2.50218E-02
  9.96000E+01 -2.50179E-02
  9.97000E+01 -2.50140E-02
  9.98000E+01 -2.50101E-02
  9.99000E+01 -2.50063E-02
  1.00000E+02 -2.50024E-02
  1.00100E+02 -2.49985E-02
  1.00200E+02 -2.49947E-02
  1.00300E+02 -2.49908E-02
  1.00400E+02 -2.49870E-02
  1.00500E+02 -2.49831E-02
  1.00600E+02 -2.49793E-02
  1.00700E+02 -2.49754E-02
  1.00800E+02 -2.49716E-02
  1.00900E+02 -2.49677E-02
  1.01000E+02 -2.49639E-02
  1.01100E+02 -2.49601E-02
  1.01200E+02 -2.49562E-02
  1.01300E+02 -2.49524E-02
  1.01400E+02 -2.49486E-02
  1.01500E+02 -2.49448E-02
  1.01600E+02 -2.49410E-02
  1.01700E+02 -2.49371E-02
  1.01800E+02 -2.49333E-02
  1.01900E+02 -2.49295E-02
  1.02000E+02 -2.49257E-02
  1.02100E+02 -2.49219E-02
  1.02200E+02 -2.49181E-02
  1.02300E+02 -2.49143E-02
  1.02400E+02 -2.49106E-02
  1.02500E+02 -2.49068E-02
  1.02600E+02 -2.49030E-02
  1.02700E+02 -2.48992E-02
  1.02800E+02 -2.48954E-02
  1.02900E+02 -2.48917E-02
  1.03000E+02 -2.48879E-02
  1.03100E+02 -2.48841E-02
  1.03200E+02 -2.48804E-02
  1.03300E+02 -2.48766E-02
  1.03400E+02 -2.48729E-02
  1.03500E+02 -2.48691E-02
  1.03600E+02 -2.48654E-02
  1.03700E+02 -2.48616E-02
  1.03800E+02 -2.48579E-02
  1.03900E+02 -2.48541E-02
  1.04000E+02 -2.48504E-02
  1.04100E+02 -2.48467E-02
  1.04200E+02 -2.48429E-02
  1.04300E+02 -2.48392E-02
  1.04400E+02 -2.48355E-02
  1.04500E+02 -2.48318E-02
  1.04600E+02 -2.48281E-02
  1.04700E+02 -2.48243E-02
  1.04800E+02 -2.48206E-02
  1.04900E+02 -2.48169E-02
  1.05000E+02 -2.48132E-02
  1.05100E+02 -2.48095E-02
  1.05200E+02 -2.48058E-02
  1.05300E+02 -2.48021E-02
  1.05400E+02 -2.47984E-02
  1.05500E+02 -2.47948E-02
  1.05600E+02 -2.47911E-02
  1.05700E+02 -2.47874E-02
  1.05800E+02 -2.47837E-02
  1.05900E+02 -2.47800E-02
  1.06000E+02 -2.47764E-02
  1.06100E+02 -2.47727E-02
  1.06200E+02 -2.47690E-02
  1.06300E+02 -2.47654E-02
  1.06400E+02 -2.47617E-02
  1.06500E+02 -2.47580E-02
  1.06600E+02 -2.47544E-02
  1.06700E+02 -2.47507E-02
  1.06800E+02 -2.47471E-02
  1.06900E+02 -2.47434E-02
  1.07000E+02 -2.47398E-02
  1.07100E+02 -2.47362E-02
  1.07200E+02 -2.47325E-02
  1.07300E+02 -2.47289E-02
  1.07400E+02 -2.47253E-02
  1.07500E+02 -2.47216E-02
  1.07600E+02 -2.47180E-02
  1.07700E+02 -2.47144E-02
  1.07800E+02 -2.47108E-02
  1.07900E+02 -2.47072E-02
  1.08000E+02 -2.47036E-02
  1.08100E+02 -2.47000E-02
  1.08200E+02 -2.46963E-02
  1.08300E+02 -2.46927E-02
  1.08400E+02 -2.46891E-02
  1.08500E+02 -2.46855E-02
  1.08600E+02 -2.46820E-02
  1.08700E+02 -2.46784E-02
  1.08800E+02 -2.46748E-02
  1.08900E+02 -2.46712E-02
  1.09000E+02 -2.46676E-02
  1.09100E+02 -2.46640E-02
  1.09200E+02 -2.46605E-02
  1.09300E+02 -2.46569E-02
  1.09400E+02 -2.46533E-02
  1.09500E+02 -2.46497E-02
  1.09600E+02 -2.46462E-02
  1.09700E+02 -2.46426E-02
  1.09800E+02 -2.46391E-02
  1.09900E+02 -2.46355E-02
  1.10000E+02 -2.46320E-02
  1.10100E+02 -2.46284E-02
  1.10200E+02 -2.46249E-02
  1.10300E+02 -2.46213E-02
  1.10400E+02 -2.46178E-02
  1.10500E+02 -2.46142E-02
  1.10600E+02 -2.46107E-02
  1.10700E+02 -2.46072E-02
  1.10800E+02 -2.46036E-02
  1.10900E+02 -2.46001E-02
  1.11000E+02 -2.45966E-02
  1.11100E+02 -2.45931E-02
  1.11200E+02 -2.45895E-02
  1.11300E+02 -2.45860E-02
  1.11400E+02 -2.45825E-02
  1.11500E+02 -2.45790E-02
  1.11600E+02 -2.45755E-02
  1.11700E+02 -2.45720E-02
  1.11800E+02 -2.45685E-02
  1.11900E+02 -2.45650E-02
  1.12000E+02 -2.45615E-02
  1.12100E+02 -2.45580E-02
  1.12200E+02 -2.45545E-02
  1.12300E+02 -2.45510E-02
  1.12400E+02 -2.45475E-02
  1.12500E+02 -2.45441E-02
  1.12600E+02 -2.45406E-02
  1.12700E+02 -2.45371E-02
  1.12800E+02 -2.45336E-02
  1.12900E+02 -2.45302E-02
  1.13000E+02 -2.45267E-02
  1.13100E+02 -2.45232E-02
  1.13200E+02 -2.45198E-02
  1.13300E+02 -2.45163E-02
  1.13400E+02 -2.45129E-02
  1.13500E+02 -2.45094E-02
  1.13600E+02 -2.45059E-02
  1.13700E+02 -2.45025E-02
  1.13800E+02 -2.44991E-02
  1.13900E+02 -2.44956E-02
  1.14000E+02 -2.44922E-02
  1.14100E+02 -2.44887E-02
  1.14200E+02 -2.44853E-02
  1.14300E+02 -2.44819E-02
  1.14400E+02 -2.44784E-02
  1.14500E+02 -2.44750E-02
  1.14600E+02 -2.44716E-02
  1.14700E+02 -2.44682E-02
  1.14800E+02 -2.44647E-02
  1.14900E+02 -2.44613E-02
  1.15000E+02 -2.44579E-02
  1.15100E+02 -2.44545E-02
  1.15200E+02 -2.44511E-02
  1.15300E+02 -2.44477E-02
  1.15400E+02 -2.44443E-02
  1.15500E+02 -2.44409E-02
  1.15600E+02 -2.44375E-02
  1.15700E+02 -2.44341E-02
  1.15800E+02 -2.44307E-02
  1.15900E+02 -2.44273E-02
  1.16000E+02 -2.44239E-02
  1.16100E+02 -2.44205E-02
  1.16200E+02 -2.44171E-02
  1.16300E+02 -2.44138E-02
  1.16400E+02 -2.44104E-02
  1.16500E+02 -2.44070E-02
  1.16600E+02 -2.44036E-02
  1.16700E+02 -2.44003E-02
  1.16800E+02 -2.43969E-02
  1.16900E+02 -2.43935E-02
  1.17000E+02 -2.43902E-02
  1.17100E+02 -2.43868E-02
  1.17200E+02 -2.43835E-02
  1.17300E+02 -2.43801E-02
  1.17400E+02 -2.43768E-02
  1.17500E+02 -2.43734E-02
  1.17600E+02 -2.43701E-02
  1.17700E+02 -2.43667E-02
  1.17800E+02 -2.43634E-02
  1.17900E+02 -2.43600E-02
  1.18000E+02 -2.43567E-02
  1.18100E+02 -2.43534E-02
  1.18200E+02 -2.43500E-02
  1.18300E+02 -2.43467E-02
  1.18400E+02 -2.43434E-02
  1.18500E+02 -2.43400E-02
  1.18600E+02 -2.43367E-02
  1.18700E+02 -2.43334E-02
  1.18800E+02 -2.43301E-02
  1.18900E+02 -2.43268E-02
  1.19000E+02 -2.43235E-02
  1.19100E+02 -2.43202E-02
  1.19200E+02 -2.43168E-02
  1.19300E+02 -2.43135E-02
  1.19400E+02 -2.43102E-02
  1.19500E+02 -2.43069E-02
  1.19600E+02 -2.43036E-02
  1.19700E+02 -2.43004E-02
  1.19800E+02 -2.42971E-02
  1.19900E+02 -2.42938E-02
  1.20000E+02 -2.42905E-02
  1.20100E+02 -2.42872E-02
  1.20200E+02 -2.42839E-02
  1.20300E+02 -2.42806E-02
  1.20400E+02 -2.42774E-02
  1.20500E+02 -2.42741E-02
  1.20600E+02 -2.42708E-02
  1.20700E+02 -2.42675E-02
  1.20800E+02 -2.42643E-02
  1.20900E+02 -2.42610E-02
  1.21000E+02 -2.42577E-02
  1.21100E+02 -2.42545E-02
  1.21200E+02 -2.42512E-02
  1.21300E+02 -2.42480E-02
  1.21400E+02 -2.42447E-02
  1.21500E+02 -2.42415E-02
  1.21600E+02 -2.42382E-02
  1.21700E+02 -2.42350E-02
  1.21800E+02 -2.42317E-02
  1.21900E+02 -2.42285E-02
  1.22000E+02 -2.42252E-02
  1.22100E+02 -2.42220E-02
  1.22200E+02 -2.42188E-02
  1.22300E+02 -2.42155E-02
  1.22400E+02 -2.42123E-02
  1.22500E+02 -2.42091E-02
  1.22600E+02 -2.42059E-02
  1.22700E+02 -2.42026E-02
  1.22800E+02 -2.41994E-02
  1.22900E+02 -2.41962E-02
  1.23000E+02 -2.41930E-02
  1.23100E+02 -2.41898E-02
  1.23200E+02 -2.41866E-02
  1.23300E+02 -2.41834E-02
  1.23400E+02 -2.41801E-02
  1.23500E+02 -2.41769E-02
  1.23600E+02 -2.41737E-02
  1.23700E+02 -2.41705E-02
  1.23800E+02 -2.41673E-02
  1.23900E+02 -2.41641E-02
  1.24000E+02 -2.41610E-02
  1.24100E+02 -2.41578E-02
  1.24200E+02 -2.41546E-02
  1.24300E+02 -2.41514E-02
  1.24400E+02 -2.41482E-02
  1.24500E+02 -2.41450E-02
  1.24600E+02 -2.41418E-02
  1.24700E+02 -2.41387E-02
  1.24800E+02 -2.41355E-02
  1.24900E+02 -2.41323E-02
  1.25000E+02 -2.41292E-02
  1.25100E+02 -2.41260E-02
  1.25200E+02 -2.41228E-02
  1.25300E+02 -2.41197E-02
  1.25400E+02 -2.41165E-02
  1.25500E+02 -2.41133E-02
  1.25600E+02 -2.41102E-02
  1.25700E+02 -2.41070E-02
  1.25800E+02 -2.41039E-02
  1.25900E+02 -2.41007E-02
  1.26000E+02 -2.40976E-02
  1.26100E+02 -2.40944E-02
  1.26200E+02 -2.40913E-02
  1.26300E+02 -2.40881E-02
  1.26400E+02 -2.40850E-02
  1.26500E+02 -2.40819E-02
  1.26600E+02 -2.40787E-02
  1.26700E+02 -2.40756E-02
  1.26800E+02 -2.40725E-02
  1.26900E+02 -2.40693E-02
  1.27000E+02 -2.40662E-02
  1.27100E+02 -2.40631E-02
  1.27200E+02 -2.40600E-02
  1.27300E+02 -2.40569E-02
  1.27400E+02 -2.40537E-02
  1.27500E+02 -2.40506E-02
  1.27600E+02 -2.40475E-02
  1.27700E+02 -2.40444E-02
  1.27800E+02 -2.40413E-02
  1.27900E+02 -2.40382E-02
  1.28000E+02 -2.40351E-02
  1.28100E+02 -2.40320E-02
  1.28200E+02 -2.40289E-02
  1.28300E+02 -2.40258E-02
  1.28400E+02 -2.40227E-02
  1.28500E+02 -2.40196E-02
  1.28600E+02 -2.40165E-02
  1.28700E+02 -2.40134E-02
  1.28800E+02 -2.40103E-02
  1.28900E+02 -2.40072E-02
  1.29000E+02 -2.40042E-02
  1.29100E+02 -2.40011E-02
  1.29200E+02 -2.39980E-02
  1.29300E+02 -2.39949E-02
  1.29400E+02 -2.39919E-02
  1.29500E+02 -2.39888E-02
  1.29600E+02 -2.39857E-02
  1.29700E+02 -2.39826E-02
  1.29800E+02 -2.39796E-02
  1.29900E+02 -2.39765E-02
  1.30000E+02 -2.39734E-02
  1.30100E+02 -2.39704E-02
  1.30200E+02 -2.39673E-02
  1.30300E+02 -2.39643E-02
  1.30400E+02 -2.39612E-02
  1.30500E+02 -2.39582E-02
  1.30600E+02 -2.39551E-02
  1.30700E+02 -2.39521E-02
  1.30800E+02 -2.39490E-02
  1.30900E+02 -2.39460E-02
  1.31000E+02 -2.39429E-02
  1.31100E+02 -2.39399E-02
  1.31200E+02 -2.39369E-02
  1.31300E+02 -2.39338E-02
  1.31400E+02 -2.39308E-02
  1.31500E+02 -2.39278E-02
  1.31600E+02 -2.39247E-02
  1.31700E+02 -2.39217E-02
  1.31800E+02 -2.39187E-02
  1.31900E+02 -2.39157E-02
  1.32000E+02 -2.39126E-02
  1.32100E+02 -2.39096E-02
  1.32200E+02 -2.39066E-02
  1.32300E+02 -2.39036E-02
  1.32400E+02 -2.39006E-02
  1.32500E+02 -2.38976E-02
  1.32600E+02 -2.38946E-02
  1.32700E+02 -2.38916E-02
  1.32800E+02 -2.38886E-02
  1.32900E+02 -2.38856E-02
  1.33000E+02 -2.38826E-02
  1.33100E+02 -2.38796E-02
  1.33200E+02 -2.38766E-02
  1.33300E+02 -2.38736E-02
  1.33400E+02 -2.38706E-02
  1.33500E+02 -2.38676E-02
  1.33600E+02 -2.38646E-02
  1.33700E+02 -2.38616E-02
  1.33800E+02 -2.38586E-02
  1.33900E+02 -2.38556E-02
  1.34000E+02 -2.38527E-02
  1.34100E+02 -2.38497E-02
  1.34200E+02 -2.38467E-02
  1.34300E+02 -2.38437E-02
  1.34400E+02 -2.38407E-02
  1.34500E+02 -2.38378E-02
  1.34600E+02 -2.38348E-02
  1.34700E+02 -2.38318E-02
  1.34800E+02 -2.38289E-02
  1.34900E+02 -2.38259E-02
  1.35000E+02 -2.38230E-02
  1.35100E+02 -2.38200E-02
  1.35200E+02 -2.38170E-02
  1.35300E+02 -2.38141E-02
  1.35400E+02 -2.38111E-02
  1.35500E+02 -2.38082E-02
  1.35600E+02 -2.38052E-02
  1.35700E+02 -2.38023E-02
  1.35800E+02 -2.37993E-02
  1.35900E+02 -2.37964E-02
  1.36000E+02 -2.37934E-02
  1.36100E+02 -2.37905E-02
  1.36200E+02 -2.37876E-02
  1.36300E+02 -2.37846E-02
  1.36400E+02 -2.37817E-02
  1.36500E+02 -2.37788E-02
  1.36600E+02 -2.37758E-02
  1.36700E+02 -2.37729E-02
  1.36800E+02 -2.37700E-02
  1.36900E+02 -2.37671E-02
  1.37000E+02 -2.37641E-02
  1.37100E+02 -2.37612E-02
  1.37200E+02 -2.37583E-02
  1.37300E+02 -2.37554E-02
  1.37400E+02 -2.37525E-02
  1.37500E+02 -2.37495E-02
  1.37600E+02 -2.37466E-02
  1.37700E+02 -2.37437E-02
  1.37800E+02 -2.37408E-02
  1.37900E+02 -2.37379E-02
  1.38000E+02 -2.37350E-02
  1.38100E+02 -2.37321E-02
  1.38200E+02 -2.37292E-02
  1.38300E+02 -2.37263E-02
  1.38400E+02 -2.37234E-02
  1.38500E+02 -2.37205E-02
  1.38600E+02 -2.37176E-02
  1.38700E+02 -2.37147E-02
  1.38800E+02 -2.37118E-02
  1.38900E+02 -2.37089E-02
  1.39000E+02 -2.37061E-02
  1.39100E+02 -2.37032E-02
  1.39200E+02 -2.37003E-02
  1.39300E+02 -2.36974E-02
  1.39400E+02 -2.36945E-02
  1.39500E+02 -2.36917E-02
  1.39600E+02 -2.36888E-02
  1.39700E+02 -2.36859E-02
  1.39800E+02 -2.36830E-02
  1.39900E+02 -2.36802E-02
  1.40000E+02 -2.36773E-02
  1.40100E+02 -2.36744E-02
  1.40200E+02 -2.36716E-02
  1.40300E+02 -2.36687E-02
  1.40400E+02 -2.36658E-02
  1.40500E+02 -2.36630E-02
  1.40600E+02 -2.36601E-02
  1.40700E+02 -2.36573E-02
  1.40800E+02 -2.36544E-02
  1.40900E+02 -2.36516E-02
  1.41000E+02 -2.36487E-02
  1.41100E+02 -2.36459E-02
  1.41200E+02 -2.36430E-02
  1.41300E+02 -2.36402E-02
  1.41400E+02 -2.36373E-02
  1.41500E+02 -2.36345E-02
  1.41600E+02 -2.36316E-02
  1.41700E+02 -2.36288E-02
  1.41800E+02 -2.36260E-02
  1.41900E+02 -2.36231E-02
  1.42000E+02 -2.36203E-02
  1.42100E+02 -2.36175E-02
  1.42200E+02 -2.36146E-02
  1.42300E+02 -2.36118E-02
  1.42400E+02 -2.36090E-02
  1.42500E+02 -2.36062E-02
  1.42600E+02 -2.36034E-02
  1.42700E+02 -2.36005E-02
  1.42800E+02 -2.35977E-02
  1.42900E+02 -2.35949E-02
  1.43000E+02 -2.35921E-02
  1.43100E+02 -2.35893E-02
  1.43200E+02 -2.35865E-02
  1.43300E+02 -2.35836E-02
  1.43400E+02 -2.35808E-02
  1.43500E+02 -2.35780E-02
  1.43600E+02 -2.35752E-02
  1.43700E+02 -2.35724E-02
  1.43800E+02 -2.35696E-02
  1.43900E+02 -2.35668E-02
  1.44000E+02 -2.35640E-02
  1.44100E+02 -2.35612E-02
  1.44200E+02 -2.35584E-02
  1.44300E+02 -2.35556E-02
  1.44400E+02 -2.35528E-02
  1.44500E+02 -2.35501E-02
  1.44600E+02 -2.35473E-02
  1.44700E+02 -2.35445E-02
  1.44800E+02 -2.35417E-02
  1.44900E+02 -2.35389E-02
  1.45000E+02 -2.35361E-02
  1.45100E+02 -2.35334E-02
  1.45200E+02 -2.35306E-02
  1.45300E+02 -2.35278E-02
  1.45400E+02 -2.35250E-02
  1.45500E+02 -2.35223E-02
  1.45600E+02 -2.35195E-02
  1.45700E+02 -2.35167E-02
  1.45800E+02 -2.35139E-02
  1.45900E+02 -2.35112E-02
  1.46000E+02 -2.35084E-02
  1.46100E+02 -2.35057E-02
  1.46200E+02 -2.35029E-02
  1.46300E+02 -2.35001E-02
  1.46400E+02 -2.34974E-02
  1.46500E+02 -2.34946E-02
  1.46600E+02 -2.34919E-02
  1.46700E+02 -2.34891E-02
  1.46800E+02 -2.34864E-02
  1.46900E+02 -2.34836E-02
  1.47000E+02 -2.34809E-02
  1.47100E+02 -2.34781E-02
  1.47200E+02 -2.34754E-02
  1.47300E+02 -2.34726E-02
  1.47400E+02 -2.34699E-02
  1.47500E+02 -2.34672E-02
  1.47600E+02 -2.34644E-02
  1.47700E+02 -2.34617E-02
  1.47800E+02 -2.34589E-02
  1.47900E+02 -2.34562E-02
  1.48000E+02 -2.34535E-02
  1.48100E+02 -2.34507E-02
  1.48200E+02 -2.34480E-02
  1.48300E+02 -2.34453E-02
  1.48400E+02 -2.34426E-02
  1.48500E+02 -2.34398E-02
  1.48600E+02 -2.34371E-02
  1.48700E+02 -2.34344E-02
  1.48800E+02 -2.34317E-02
  1.48900E+02 -2.34290E-02
  1.49000E+02 -2.34263E-02
  1.49100E+02 -2.34235E-02
  1.49200E+02 -2.34208E-02
  1.49300E+02 -2.34181E-02
  1.49400E+02 -2.34154E-02
  1.49500E+02 -2.34127E-02
  1.49600E+02 -2.34100E-02
  1.49700E+02 -2.34073E-02
  1.49800E+02 -2.34046E-02
  1.49900E+02 -2.34019E-02
  1.50000E+02 -2.33992E-02
  1.50100E+02 -2.33965E-02
  1.50200E+02 -2.33938E-02
  1.50300E+02 -2.33911E-02
  1.50400E+02 -2.33884E-02
  1.50500E+02 -2.33857E-02
  1.50600E+02 -2.33830E-02
  1.50700E+02 -2.33803E-02
  1.50800E+02 -2.33776E-02
  1.50900E+02 -2.33750E-02
  1.51000E+02 -2.33723E-02
  1.51100E+02 -2.33696E-02
  1.51200E+02 -2.33669E-02
  1.51300E+02 -2.33642E-02
  1.51400E+02 -2.33616E-02
  1.51500E+02 -2.33589E-02
  1.51600E+02 -2.33562E-02
  1.51700E+02 -2.33535E-02
  1.51800E+02 -2.33509E-02
  1.51900E+02 -2.33482E-02
  1.52000E+02 -2.33455E-02
  1.52100E+02 -2.33429E-02
  1.52200E+02 -2.33402E-02
  1.52300E+02 -2.33375E-02
  1.52400E+02 -2.33349E-02
  1.52500E+02 -2.33322E-02
  1.52600E+02 -2.33295E-02
  1.52700E+02 -2.33269E-02
  1.52800E+02 -2.33242E-02
  1.52900E+02 -2.33216E-02
  1.53000E+02 -2.33189E-02
  1.53100E+02 -2.33163E-02
  1.53200E+02 -2.33136E-02
  1.53300E+02 -2.33110E-02
  1.53400E+02 -2.33083E-02
  1.53500E+02 -2.33057E-02
  1.53600E+02 -2.33030E-02
  1.53700E+02 -2.33004E-02
  1.53800E+02 -2.32977E-02
  1.53900E+02 -2.32951E-02
  1.54000E+02 -2.32925E-02
  1.54100E+02 -2.32898E-02
  1.54200E+02 -2.32872E-02
  1.54300E+02 -2.32846E-02
  1.54400E+02 -2.32819E-02
  1.54500E+02 -2.32793E-02
  1.54600E+02 -2.32767E-02
  1.54700E+02 -2.32740E-02
  1.54800E+02 -2.32714E-02
  1.54900E+02 -2.32688E-02
  1.55000E+02 -2.32662E-02
  1.55100E+02 -2.32635E-02
  1.55200E+02 -2.32609E-02
  1.55300E+02 -2.32583E-02
  1.55400E+02 -2.32557E-02
  1.55500E+02 -2.32531E-02
  1.55600E+02 -2.32505E-02
  1.55700E+02 -2.32478E-02
  1.55800E+02 -2.32452E-02
  1.55900E+02 -2.32426E-02
  1.56000E+02 -2.32400E-02
  1.56100E+02 -2.32374E-02
  1.56200E+02 -2.32348E-02
  1.56300E+02 -2.32322E-02
  1.56400E+02 -2.32296E-02
  1.56500E+02 -2.32270E-02
  1.56600E+02 -2.32244E-02
  1.56700E+02 -2.32218E-02
  1.56800E+02 -2.32192E-02
  1.56900E+02 -2.32166E-02
  1.57000E+02 -2.32140E-02
  1.57100E+02 -2.32114E-02
  1.57200E+02 -2.32088E-02
  1.57300E+02 -2.32062E-02
  1.57400E+02 -2.32036E-02
  1.57500E+02 -2.32010E-02
  1.57600E+02 -2.31985E-02
  1.57700E+02 -2.31959E-02
  1.57800E+02 -2.31933E-02
  1.57900E+02 -2.31907E-02
  1.58000E+02 -2.31881E-02
  1.58100E+02 -2.31856E-02
  1.58200E+02 -2.31830E-02
  1.58300E+02 -2.31804E-02
  1.58400E+02 -2.31778E-02
  1.58500E+02 -2.31753E-02
  1.58600E+02 -2.31727E-02
  1.58700E+02 -2.31701E-02
  1.58800E+02 -2.31675E-02
  1.58900E+02 -2.31650E-02
  1.59000E+02 -2.31624E-02
  1.59100E+02 -2.31598E-02
  1.59200E+02 -2.31573E-02
  1.59300E+02 -2.31547E-02
  1.59400E+02 -2.31522E-02
  1.59500E+02 -2.31496E-02
  1.59600E+02 -2.31470E-02
  1.59700E+02 -2.31445E-02
  1.59800E+02 -2.31419E-02
  1.59900E+02 -2.31394E-02
  1.60000E+02 -2.31368E-02
  1.60100E+02 -2.31343E-02
  1.60200E+02 -2.31317E-02
  1.60300E+02 -2.31292E-02
  1.60400E+02 -2.31266E-02
  1.60500E+02 -2.31241E-02
  1.60600E+02 -2.31215E-02
  1.60700E+02 -2.31190E-02
  1.60800E+02 -2.31165E-02
  1.60900E+02 -2.31139E-02
  1.61000E+02 -2.31114E-02
  1.61100E+02 -2.31088E-02
  1.61200E+02 -2.31063E-02
  1.61300E+02 -2.31038E-02
  1.61400E+02 -2.31012E-02
  1.61500E+02 -2.30987E-02
  1.61600E+02 -2.30962E-02
  1.61700E+02 -2.30937E-02
  1.61800E+02 -2.30911E-02
  1.61900E+02 -2.30886E-02
  1.62000E+02 -2.30861E-02
  1.62100E+02 -2.30835E-02
  1.62200E+02 -2.30810E-02
  1.62300E+02 -2.30785E-02
  1.62400E+02 -2.30760E-02
  1.62500E+02 -2.30735E-02
  1.62600E+02 -2.30710E-02
  1.62700E+02 -2.30684E-02
  1.62800E+02 -2.30659E-02
  1.62900E+02 -2.30634E-02
  1.63000E+02 -2.30609E-02
  1.63100E+02 -2.30584E-02
  1.63200E+02 -2.30559E-02
  1.63300E+02 -2.30534E-02
  1.63400E+02 -2.30509E-02
  1.63500E+02 -2.30484E-02
  1.63600E+02 -2.30459E-02
  1.63700E+02 -2.30434E-02
  1.63800E+02 -2.30409E-02
  1.63900E+02 -2.30384E-02
  1.64000E+02 -2.30359E-02
  1.64100E+02 -2.30334E-02
  1.64200E+02 -2.30309E-02
  1.64300E+02 -2.30284E-02
  1.64400E+02 -2.30259E-02
  1.64500E+02 -2.30234E-02
  1.64600E+02 -2.30209E-02
  1.64700E+02 -2.30184E-02
  1.64800E+02 -2.30159E-02
  1.64900E+02 -2.30134E-02
  1.65000E+02 -2.30110E-02
  1.65100E+02 -2.30085E-02
  1.65200E+02 -2.30060E-02
  1.65300E+02 -2.30035E-02
  1.65400E+02 -2.30010E-02
  1.65500E+02 -2.29985E-02
  1.65600E+02 -2.29961E-02
  1.65700E+02 -2.29936E-02
  1.65800E+02 -2.29911E-02
  1.65900E+02 -2.29886E-02
  1.66000E+02 -2.29862E-02
  1.66100E+02 -2.29837E-02
  1.66200E+02 -2.29812E-02
  1.66300E+02 -2.29788E-02
  1.66400E+02 -2.29763E-02
  1.66500E+02 -2.29738E-02
  1.66600E+02 -2.29714E-02
  1.66700E+02 -2.29689E-02
  1.66800E+02 -2.29664E-02
  1.66900E+02 -2.29640E-02
  1.67000E+02 -2.29615E-02
  1.67100E+02 -2.29591E-02
  1.67200E+02 -2.29566E-02
  1.67300E+02 -2.29542E-02
  1.67400E+02 -2.29517E-02
  1.67500E+02 -2.29493E-02
  1.67600E+02 -2.29468E-02
  1.67700E+02 -2.29443E-02
  1.67800E+02 -2.29419E-02
  1.67900E+02 -2.29395E-02
  1.68000E+02 -2.29370E-02
  1.68100E+02 -2.29346E-02
  1.68200E+02 -2.29321E-02
  1.68300E+02 -2.29297E-02
  1.68400E+02 -2.29272E-02
  1.68500E+02 -2.29248E-02
  1.68600E+02 -2.29224E-02
  1.68700E+02 -2.29199E-02
  1.68800E+02 -2.29175E-02
  1.68900E+02 -2.29150E-02
  1.69000E+02 -2.29126E-02
  1.69100E+02 -2.29102E-02
  1.69200E+02 -2.29077E-02
  1.69300E+02 -2.29053E-02
  1.69400E+02 -2.29029E-02
  1.69500E+02 -2.29005E-02
  1.69600E+02 -2.28980E-02
  1.69700E+02 -2.28956E-02
  1.69800E+02 -2.28932E-02
  1.69900E+02 -2.28908E-02
  1.70000E+02 -2.28883E-02
  1.70100E+02 -2.28859E-02
  1.70200E+02 -2.28835E-02
  1.70300E+02 -2.28811E-02
  1.70400E+02 -2.28787E-02
  1.70500E+02 -2.28763E-02
  1.70600E+02 -2.28738E-02
  1.70700E+02 -2.28714E-02
  1.70800E+02 -2.28690E-02
  1.70900E+02 -2.28666E-02
  1.71000E+02 -2.28642E-02
  1.71100E+02 -2.28618E-02
  1.71200E+02 -2.28594E-02
  1.71300E+02 -2.28570E-02
  1.71400E+02 -2.28546E-02
  1.71500E+02 -2.28522E-02
  1.71600E+02 -2.28498E-02
  1.71700E+02 -2.28474E-02
  1.71800E+02 -2.28450E-02
  1.71900E+02 -2.28426E-02
  1.72000E+02 -2.28402E-02
  1.72100E+02 -2.28378E-02
  1.72200E+02 -2.28354E-02
  1.72300E+02 -2.28330E-02
  1.72400E+02 -2.28306E-02
  1.72500E+02 -2.28282E-02
  1.72600E+02 -2.28258E-02
  1.72700E+02 -2.28234E-02
  1.72800E+02 -2.28210E-02
  1.72900E+02 -2.28186E-02
  1.73000E+02 -2.28163E-02
  1.73100E+02 -2.28139E-02
  1.73200E+02 -2.28115E-02
  1.73300E+02 -2.28091E-02
  1.73400E+02 -2.28067E-02
  1.73500E+02 -2.28044E-02
  1.73600E+02 -2.28020E-02
  1.73700E+02 -2.27996E-02
  1.73800E+02 -2.27972E-02
  1.73900E+02 -2.27948E-02
  1.74000E+02 -2.27925E-02
  1.74100E+02 -2.27901E-02
  1.74200E+02 -2.27877E-02
  1.74300E+02 -2.27854E-02
  1.74400E+02 -2.27830E-02
  1.74500E+02 -2.27806E-02
  1.74600E+02 -2.27783E-02
  1.74700E+02 -2.27759E-02
  1.74800E+02 -2.27735E-02
  1.74900E+02 -2.27712E-02
  1.75000E+02 -2.27688E-02
  1.75100E+02 -2.27664E-02
  1.75200E+02 -2.27641E-02
  1.75300E+02 -2.27617E-02
  1.75400E+02 -2.27594E-02
  1.75500E+02 -2.27570E-02
  1.75600E+02 -2.27547E-02
  1.75700E+02 -2.27523E-02
  1.75800E+02 -2.27499E-02
  1.75900E+02 -2.27476E-02
  1.76000E+02 -2.27452E-02
  1.76100E+02 -2.27429E-02
  1.76200E+02 -2.27406E-02
  1.76300E+02 -2.27382E-02
  1.76400E+02 -2.27359E-02
  1.76500E+02 -2.27335E-02
  1.76600E+02 -2.27312E-02
  1.76700E+02 -2.27288E-02
  1.76800E+02 -2.27265E-02
  1.76900E+02 -2.27241E-02
  1.77000E+02 -2.27218E-02
  1.77100E+02 -2.27195E-02
  1.77200E+02 -2.27171E-02
  1.77300E+02 -2.27148E-02
  1.77400E+02 -2.27125E-02
  1.77500E+02 -2.27101E-02
  1.77600E+02 -2.27078E-02
  1.77700E+02 -2.27055E-02
  1.77800E+02 -2.27031E-02
  1.77900E+02 -2.27008E-02
  1.78000E+02 -2.26985E-02
  1.78100E+02 -2.26962E-02
  1.78200E+02 -2.26938E-02
  1.78300E+02 -2.26915E-02
  1.78400E+02 -2.26892E-02
  1.78500E+02 -2.26869E-02
  1.78600E+02 -2.26845E-02
  1.78700E+02 -2.26822E-02
  1.78800E+02 -2.26799E-02
  1.78900E+02 -2.26776E-02
  1.79000E+02 -2.26753E-02
  1.79100E+02 -2.26730E-02
  1.79200E+02 -2.26706E-02
  1.79300E+02 -2.26683E-02
  1.79400E+02 -2.26660E-02
  1.79500E+02 -2.26637E-02
  1.79600E+02 -2.26614E-02
  1.79700E+02 -2.26591E-02
  1.79800E+02 -2.26568E-02
  1.79900E+02 -2.26545E-02
  1.80000E+02 -2.26522E-02
  1.80100E+02 -2.26499E-02
  1.80200E+02 -2.26476E-02
  1.80300E+02 -2.26453E-02
  1.80400E+02 -2.26430E-02
  1.80500E+02 -2.26407E-02
  1.80600E+02 -2.26384E-02
  1.80700E+02 -2.26361E-02
  1.80800E+02 -2.26338E-02
  1.80900E+02 -2.26315E-02
  1.81000E+02 -2.26292E-02
  1.81100E+02 -2.26269E-02
  1.81200E+02 -2.26246E-02
  1.81300E+02 -2.26223E-02
  1.81400E+02 -2.26200E-02
  1.81500E+02 -2.26177E-02
  1.81600E+02 -2.26154E-02
  1.81700E+02 -2.26131E-02
  1.81800E+02 -2.26109E-02
  1.81900E+02 -2.26086E-02
  1.82000E+02 -2.26063E-02
  1.82100E+02 -2.26040E-02
  1.82200E+02 -2.26017E-02
  1.82300E+02 -2.25994E-02
  1.82400E+02 -2.25972E-02
  1.82500E+02 -2.25949E-02
  1.82600E+02 -2.25926E-02
  1.82700E+02 -2.25903E-02
  1.82800E+02 -2.25881E-02
  1.82900E+02 -2.25858E-02
  1.83000E+02 -2.25835E-02
  1.83100E+02 -2.25812E-02
  1.83200E+02 -2.25790E-02
  1.83300E+02 -2.25767E-02
  1.83400E+02 -2.25744E-02
  1.83500E+02 -2.25722E-02
  1.83600E+02 -2.25699E-02
  1.83700E+02 -2.25676E-02
  1.83800E+02 -2.25654E-02
  1.83900E+02 -2.25631E-02
  1.84000E+02 -2.25608E-02
  1.84100E+02 -2.25586E-02
  1.84200E+02 -2.25563E-02
  1.84300E+02 -2.25541E-02
  1.84400E+02 -2.25518E-02
  1.84500E+02 -2.25496E-02
  1.84600E+02 -2.25473E-02
  1.84700E+02 -2.25450E-02
  1.84800E+02 -2.25428E-02
  1.84900E+02 -2.25405E-02
  1.85000E+02 -2.25383E-02
  1.85100E+02 -2.25360E-02
  1.85200E+02 -2.25338E-02
  1.85300E+02 -2.25315E-02
  1.85400E+02 -2.25293E-02
  1.85500E+02 -2.25270E-02
  1.85600E+02 -2.25248E-02
  1.85700E+02 -2.25226E-02
  1.85800E+02 -2.25203E-02
  1.85900E+02 -2.25181E-02
  1.86000E+02 -2.25158E-02
  1.86100E+02 -2.25136E-02
  1.86200E+02 -2.25113E-02
  1.86300E+02 -2.25091E-02
  1.86400E+02 -2.25069E-02
  1.86500E+02 -2.25046E-02
  1.86600E+02 -2.25024E-02
  1.86700E+02 -2.25002E-02
  1.86800E+02 -2.24979E-02
  1.86900E+02 -2.24957E-02
  1.87000E+02 -2.24935E-02
  1.87100E+02 -2.24912E-02
  1.87200E+02 -2.24890E-02
  1.87300E+02 -2.24868E-02
  1.87400E+02 -2.24846E-02
  1.87500E+02 -2.24823E-02
  1.87600E+02 -2.24801E-02
  1.87700E+02 -2.24779E-02
  1.87800E+02 -2.24757E-02
  1.87900E+02 -2.24734E-02
  1.88000E+02 -2.24712E-02
  1.88100E+02 -2.24690E-02
  1.88200E+02 -2.24668E-02
  1.88300E+02 -2.24646E-02
  1.88400E+02 -2.24623E-02
  1.88500E+02 -2.24601E-02
  1.88600E+02 -2.24579E-02
  1.88700E+02 -2.24557E-02
  1.88800E+02 -2.24535E-02
  1.88900E+02 -2.24513E-02
  1.89000E+02 -2.24491E-02
  1.89100E+02 -2.24468E-02
  1.89200E+02 -2.24446E-02
  1.89300E+02 -2.24424E-02
  1.89400E+02 -2.24402E-02
  1.89500E+02 -2.24380E-02
  1.89600E+02 -2.24358E-02
  1.89700E+02 -2.24336E-02
  1.89800E+02 -2.24314E-02
  1.89900E+02 -2.24292E-02
  1.90000E+02 -2.24270E-02
  1.90100E+02 -2.24248E-02
  1.90200E+02 -2.24226E-02
  1.90300E+02 -2.24204E-02
  1.90400E+02 -2.24182E-02
  1.90500E+02 -2.24160E-02
  1.90600E+02 -2.24138E-02
  1.90700E+02 -2.24116E-02
  1.90800E+02 -2.24094E-02
  1.90900E+02 -2.24072E-02
  1.91000E+02 -2.24050E-02
  1.91100E+02 -2.24029E-02
  1.91200E+02 -2.24007E-02
  1.91300E+02 -2.23985E-02
  1.91400E+02 -2.23963E-02
  1.91500E+02 -2.23941E-02
  1.91600E+02 -2.23919E-02
  1.91700E+02 -2.23897E-02
  1.91800E+02 -2.23876E-02
  1.91900E+02 -2.23854E-02
  1.92000E+02 -2.23832E-02
  1.92100E+02 -2.23810E-02
  1.92200E+02 -2.23788E-02
  1.92300E+02 -2.23767E-02
  1.92400E+02 -2.23745E-02
  1.92500E+02 -2.23723E-02
  1.92600E+02 -2.23701E-02
  1.92700E+02 -2.23679E-02
  1.92800E+02 -2.23658E-02
  1.92900E+02 -2.23636E-02
  1.93000E+02 -2.23614E-02
  1.93100E+02 -2.23593E-02
  1.93200E+02 -2.23571E-02
  1.93300E+02 -2.23549E-02
  1.93400E+02 -2.23528E-02
  1.93500E+02 -2.23506E-02
  1.93600E+02 -2.23484E-02
  1.93700E+02 -2.23463E-02
  1.93800E+02 -2.23441E-02
  1.93900E+02 -2.23419E-02
  1.94000E+02 -2.23398E-02
  1.94100E+02 -2.23376E-02
  1.94200E+02 -2.23354E-02
  1.94300E+02 -2.23333E-02
  1.94400E+02 -2.23311E-02
  1.94500E+02 -2.23290E-02
  1.94600E+02 -2.23268E-02
  1.94700E+02 -2.23247E-02
  1.94800E+02 -2.23225E-02
  1.94900E+02 -2.23204E-02
  1.95000E+02 -2.23182E-02
  1.95100E+02 -2.23160E-02
  1.95200E+02 -2.23139E-02
  1.95300E+02 -2.23117E-02
  1.95400E+02 -2.23096E-02
  1.95500E+02 -2.23074E-02
  1.95600E+02 -2.23053E-02
  1.95700E+02 -2.23032E-02
  1.95800E+02 -2.23010E-02
  1.95900E+02 -2.22989E-02
  1.96000E+02 -2.22967E-02
  1.96100E+02 -2.22946E-02
  1.96200E+02 -2.22924E-02
  1.96300E+02 -2.22903E-02
  1.96400E+02 -2.22882E-02
  1.96500E+02 -2.22860E-02
  1.96600E+02 -2.22839E-02
  1.96700E+02 -2.22817E-02
  1.96800E+02 -2.22796E-02
  1.96900E+02 -2.22775E-02
  1.97000E+02 -2.22753E-02
  1.97100E+02 -2.22732E-02
  1.97200E+02 -2.22711E-02
  1.97300E+02 -2.22689E-02
  1.97400E+02 -2.22668E-02
  1.97500E+02 -2.22647E-02
  1.97600E+02 -2.22626E-02
  1.97700E+02 -2.22604E-02
  1.97800E+02 -2.22583E-02
  1.97900E+02 -2.22562E-02
  1.98000E+02 -2.22540E-02
  1.98100E+02 -2.22519E-02
  1.98200E+02 -2.22498E-02
  1.98300E+02 -2.22477E-02
  1.98400E+02 -2.22456E-02
  1.98500E+02 -2.22434E-02
  1.98600E+02 -2.22413E-02
  1.98700E+02 -2.22392E-02
  1.98800E+02 -2.22371E-02
  1.98900E+02 -2.22350E-02
  1.99000E+02 -2.22329E-02
  1.99100E+02 -2.22307E-02
  1.99200E+02 -2.22286E-02
  1.99300E+02 -2.22265E-02
  1.99400E+02 -2.22244E-02
  1.99500E+02 -2.22223E-02
  1.99600E+02 -2.22202E-02
  1.99700E+02 -2.22181E-02
  1.99800E+02 -2.22160E-02
  1.99900E+02 -2.22138E-02
  2.00000E+02 -2.22117E-02
