@page size 600,600
@view 0.12,0.1,0.97,0.93
@subtitle "PHOENIX module phox, 04/17/18 at 11:31:46 -07:00"
@xaxes scale Normal
@yaxes scale Normal
@xaxis label "energy (meV)"
@yaxis label "partial phonon DOS (1/eV)"
@s0 errorbar size 0.0
@type xydy
  0.00000E+00  0.00000E+00  0.00000E+00
  2.46591E-01  2.06434E-03  7.66765E-03
  4.93182E-01  9.57575E-03  2.43577E-02
  7.39773E-01  2.15088E-02  4.11049E-02
  9.86364E-01  3.22396E-02  4.97192E-02
  1.23295E+00  3.81243E-02  5.12751E-02
  1.47955E+00  4.29129E-02  5.00000E-02
  1.72614E+00  5.61215E-02  5.13678E-02
  1.97273E+00  8.38320E-02  5.49881E-02
  2.21932E+00  1.20124E-01  5.69466E-02
  2.46591E+00  1.54701E-01  6.37995E-02
  2.71250E+00  1.81658E-01  7.36147E-02
  2.95909E+00  2.08574E-01  8.50036E-02
  3.20568E+00  2.44133E-01  8.76870E-02
  3.45227E+00  2.48354E-01  8.42947E-02
  3.69886E+00  2.23486E-01  9.14764E-02
  3.94545E+00  2.52934E-01  1.15685E-01
  4.19205E+00  3.52529E-01  1.39233E-01
  4.43864E+00  4.81380E-01  1.53795E-01
  4.68523E+00  5.60887E-01  1.62073E-01
  4.93182E+00  5.26952E-01  1.64623E-01
  5.17841E+00  5.16465E-01  1.86532E-01
  5.42500E+00  6.68821E-01  2.24842E-01
  5.67159E+00  8.88859E-01  2.60522E-01
  5.91818E+00  1.02711E+00  2.75626E-01
  6.16477E+00  1.03272E+00  2.55778E-01
  6.41136E+00  1.02067E+00  2.99708E-01
  6.65795E+00  1.04358E+00  3.12747E-01
  6.90454E+00  9.84654E-01  3.31712E-01
  7.15114E+00  9.72450E-01  3.74872E-01
  7.39773E+00  1.17247E+00  3.86456E-01
  7.64432E+00  1.36430E+00  4.64510E-01
  7.89091E+00  1.37939E+00  4.61341E-01
  8.13750E+00  1.31285E+00  4.34562E-01
  8.38409E+00  1.33947E+00  4.72756E-01
  8.63068E+00  1.57749E+00  5.33234E-01
  8.87727E+00  1.92360E+00  6.62430E-01
  9.12386E+00  2.19980E+00  7.05577E-01
  9.37045E+00  2.24292E+00  6.30920E-01
  9.61704E+00  2.08528E+00  5.79461E-01
  9.86364E+00  2.01143E+00  6.33892E-01
  1.01102E+01  2.11982E+00  6.55945E-01
  1.03568E+01  2.35730E+00  7.37578E-01
  1.06034E+01  2.63731E+00  7.68657E-01
  1.08500E+01  2.89403E+00  7.50888E-01
  1.10966E+01  3.19882E+00  9.37467E-01
  1.13432E+01  3.25612E+00  9.04703E-01
  1.15898E+01  3.00179E+00  8.01416E-01
  1.18364E+01  2.85302E+00  8.24579E-01
  1.20830E+01  2.68697E+00  9.02150E-01
  1.23295E+01  2.54324E+00  9.58969E-01
  1.25761E+01  2.90027E+00  1.02714E+00
  1.28227E+01  3.59261E+00  1.14207E+00
  1.30693E+01  3.76650E+00  1.15943E+00
  1.33159E+01  3.34473E+00  1.02515E+00
  1.35625E+01  3.52825E+00  1.09449E+00
  1.38091E+01  4.27088E+00  1.21788E+00
  1.40557E+01  4.46990E+00  1.32782E+00
  1.43023E+01  4.21802E+00  1.27641E+00
  1.45489E+01  4.22726E+00  1.24004E+00
  1.47955E+01  5.05362E+00  1.52552E+00
  1.50420E+01  5.89935E+00  1.52441E+00
  1.52886E+01  5.83167E+00  1.56090E+00
  1.55352E+01  5.40898E+00  1.68432E+00
  1.57818E+01  4.78504E+00  1.50692E+00
  1.60284E+01  3.98103E+00  1.49134E+00
  1.62750E+01  4.10169E+00  1.65201E+00
  1.65216E+01  5.71410E+00  1.81936E+00
  1.67682E+01  7.34856E+00  1.77708E+00
  1.70148E+01  7.68089E+00  1.89062E+00
  1.72614E+01  7.16710E+00  2.01009E+00
  1.75080E+01  6.29681E+00  1.75396E+00
  1.77545E+01  6.14560E+00  1.82529E+00
  1.80011E+01  7.52464E+00  2.16525E+00
  1.82477E+01  8.75909E+00  2.34887E+00
  1.84943E+01  8.97689E+00  2.38065E+00
  1.87409E+01  8.63097E+00  2.20237E+00
  1.89875E+01  7.93956E+00  2.15071E+00
  1.92341E+01  8.29363E+00  2.23638E+00
  1.94807E+01  9.84408E+00  2.65047E+00
  1.97273E+01  1.04318E+01  2.82542E+00
  1.99739E+01  9.52776E+00  2.50295E+00
  2.02205E+01  8.40039E+00  2.18865E+00
  2.04670E+01  7.72491E+00  2.16400E+00
  2.07136E+01  7.93374E+00  2.37652E+00
  2.09602E+01  9.62422E+00  2.65240E+00
  2.12068E+01  1.19443E+01  3.11197E+00
  2.14534E+01  1.21306E+01  3.12206E+00
  2.17000E+01  1.05202E+01  2.87097E+00
  2.19466E+01  1.07771E+01  3.09721E+00
  2.21932E+01  1.32902E+01  3.38333E+00
  2.24398E+01  1.50989E+01  3.43632E+00
  2.26864E+01  1.45429E+01  3.16555E+00
  2.29330E+01  1.37612E+01  3.13289E+00
  2.31795E+01  1.53219E+01  3.78962E+00
  2.34261E+01  1.79283E+01  4.30569E+00
  2.36727E+01  1.89529E+01  4.05361E+00
  2.39193E+01  1.76907E+01  3.49797E+00
  2.41659E+01  1.51198E+01  3.41636E+00
  2.44125E+01  1.38143E+01  3.68950E+00
  2.46591E+01  1.54368E+01  4.07942E+00
  2.49057E+01  1.77339E+01  4.31187E+00
  2.51523E+01  1.73663E+01  3.79462E+00
  2.53989E+01  1.59860E+01  3.91098E+00
  2.56455E+01  1.65148E+01  4.11925E+00
  2.58920E+01  1.71841E+01  3.96576E+00
  2.61386E+01  1.80591E+01  4.24976E+00
  2.63852E+01  2.06582E+01  4.70224E+00
  2.66318E+01  2.21275E+01  4.96130E+00
  2.68784E+01  1.95540E+01  4.66184E+00
  2.71250E+01  1.56606E+01  3.56641E+00
  2.73716E+01  1.73198E+01  4.40561E+00
  2.76182E+01  2.35651E+01  5.37904E+00
  2.78648E+01  2.63606E+01  5.12641E+00
  2.81114E+01  2.66723E+01  5.57408E+00
  2.83580E+01  2.91594E+01  6.14280E+00
  2.86045E+01  3.08338E+01  5.80834E+00
  2.88511E+01  3.08341E+01  5.94294E+00
  2.90977E+01  3.20763E+01  6.30921E+00
  2.93443E+01  3.35073E+01  6.04201E+00
  2.95909E+01  3.44836E+01  6.53438E+00
  2.98375E+01  3.64025E+01  6.94898E+00
  3.00841E+01  3.87947E+01  6.97488E+00
  3.03307E+01  3.99707E+01  6.92037E+00
  3.05773E+01  4.14657E+01  7.32270E+00
  3.08239E+01  4.59051E+01  7.56338E+00
  3.10705E+01  5.04036E+01  7.32094E+00
  3.13170E+01  5.03807E+01  7.59528E+00
  3.15636E+01  4.82808E+01  8.27847E+00
  3.18102E+01  4.93091E+01  8.33669E+00
  3.20568E+01  5.22549E+01  7.99939E+00
  3.23034E+01  5.53095E+01  8.26697E+00
  3.25500E+01  5.77465E+01  8.45257E+00
  3.27966E+01  5.86705E+01  8.87050E+00
  3.30432E+01  6.11298E+01  9.41813E+00
  3.32898E+01  6.55973E+01  9.61888E+00
  3.35364E+01  6.77463E+01  9.67248E+00
  3.37830E+01  6.67170E+01  9.80249E+00
  3.40295E+01  6.80507E+01  9.64360E+00
  3.42761E+01  7.58937E+01  1.02852E+01
  3.45227E+01  8.49470E+01  1.13055E+01
  3.47693E+01  8.63808E+01  1.05865E+01
  3.50159E+01  8.12409E+01  1.00563E+01
  3.52625E+01  7.80689E+01  1.07122E+01
  3.55091E+01  8.02565E+01  1.05871E+01
  3.57557E+01  8.64903E+01  1.12096E+01
  3.60023E+01  9.30872E+01  1.22334E+01
  3.62489E+01  9.44854E+01  1.21370E+01
  3.64955E+01  9.07664E+01  1.16978E+01
  3.67420E+01  8.50168E+01  1.08585E+01
  3.69886E+01  8.06577E+01  1.05036E+01
  3.72352E+01  8.32899E+01  1.16842E+01
  3.74818E+01  8.80126E+01  1.23375E+01
  3.77284E+01  8.87043E+01  1.23553E+01
  3.79750E+01  8.95926E+01  1.23550E+01
  3.82216E+01  8.82589E+01  1.17567E+01
  3.84682E+01  8.27055E+01  1.15624E+01
  3.87148E+01  8.04915E+01  1.17681E+01
  3.89614E+01  8.39312E+01  1.23983E+01
  3.92080E+01  8.59797E+01  1.21434E+01
  3.94545E+01  8.47948E+01  1.24604E+01
  3.97011E+01  8.57749E+01  1.31791E+01
  3.99477E+01  8.64180E+01  1.25758E+01
  4.01943E+01  8.56010E+01  1.24979E+01
  4.04409E+01  8.41630E+01  1.21626E+01
  4.06875E+01  7.85752E+01  1.11543E+01
  4.09341E+01  7.25930E+01  1.10390E+01
  4.11807E+01  7.14374E+01  1.17594E+01
  4.14273E+01  7.13984E+01  1.19949E+01
  4.16739E+01  6.99272E+01  1.13866E+01
  4.19205E+01  6.94585E+01  1.11824E+01
  4.21670E+01  6.34484E+01  1.08384E+01
  4.24136E+01  5.40471E+01  9.62798E+00
  4.26602E+01  5.45768E+01  1.04273E+01
  4.29068E+01  6.13486E+01  1.17048E+01
  4.31534E+01  6.70370E+01  1.14796E+01
  4.34000E+01  7.06771E+01  1.14660E+01
  4.36466E+01  6.99252E+01  1.17743E+01
  4.38932E+01  6.59387E+01  1.15488E+01
  4.41398E+01  6.54123E+01  1.18742E+01
  4.43864E+01  6.88656E+01  1.24871E+01
  4.46329E+01  6.65346E+01  1.13319E+01
  4.48795E+01  6.02090E+01  1.02005E+01
  4.51261E+01  6.17181E+01  1.22958E+01
  4.53727E+01  6.87323E+01  1.22715E+01
  4.56193E+01  7.19388E+01  1.15232E+01
  4.58659E+01  6.63497E+01  1.15043E+01
  4.61125E+01  5.63299E+01  1.11010E+01
  4.63591E+01  5.40907E+01  1.09806E+01
  4.66057E+01  5.95621E+01  1.22354E+01
  4.68523E+01  6.30765E+01  1.25496E+01
  4.70989E+01  6.45661E+01  1.20848E+01
  4.73454E+01  6.77452E+01  1.30520E+01
  4.75920E+01  7.04307E+01  1.33153E+01
  4.78386E+01  6.95526E+01  1.28565E+01
  4.80852E+01  6.78150E+01  1.26104E+01
  4.83318E+01  6.74342E+01  1.33602E+01
  4.85784E+01  6.40640E+01  1.25977E+01
  4.88250E+01  6.29556E+01  1.20691E+01
  4.90716E+01  7.11605E+01  1.33959E+01
  4.93182E+01  7.81576E+01  1.36272E+01
  4.95648E+01  7.46589E+01  1.38888E+01
  4.98114E+01  6.74776E+01  1.35825E+01
  5.00579E+01  6.93875E+01  1.31091E+01
  5.03045E+01  7.71609E+01  1.32832E+01
  5.05511E+01  7.64442E+01  1.38185E+01
  5.07977E+01  7.27288E+01  1.39460E+01
  5.10443E+01  7.61979E+01  1.39517E+01
  5.12909E+01  7.57015E+01  1.29793E+01
  5.15375E+01  6.09772E+01  1.17807E+01
  5.17841E+01  4.50171E+01  1.11742E+01
  5.20307E+01  4.64410E+01  1.14430E+01
  5.22773E+01  6.00327E+01  1.31930E+01
  5.25239E+01  6.40254E+01  1.34563E+01
  5.27704E+01  5.54379E+01  1.17081E+01
  5.30170E+01  4.75566E+01  1.06180E+01
  5.32636E+01  4.89707E+01  1.22542E+01
  5.35102E+01  5.81633E+01  1.45893E+01
  5.37568E+01  5.88238E+01  1.33970E+01
  5.40034E+01  4.37008E+01  9.66562E+00
  5.42500E+01  3.21574E+01  9.37328E+00
  5.44966E+01  3.86053E+01  1.12202E+01
  5.47432E+01  5.38116E+01  1.32976E+01
  5.49898E+01  6.34168E+01  1.43884E+01
  5.52364E+01  6.17464E+01  1.41353E+01
  5.54829E+01  5.25239E+01  1.23487E+01
  5.57295E+01  4.55411E+01  1.11190E+01
  5.59761E+01  4.73915E+01  1.21243E+01
  5.62227E+01  5.54533E+01  1.27402E+01
  5.64693E+01  6.30857E+01  1.35740E+01
  5.67159E+01  6.45215E+01  1.43542E+01
  5.69625E+01  6.03743E+01  1.29373E+01
  5.72091E+01  5.47623E+01  1.17342E+01
  5.74557E+01  5.26034E+01  1.37707E+01
  5.77023E+01  5.26804E+01  1.37303E+01
  5.79489E+01  4.87407E+01  1.18240E+01
  5.81954E+01  4.19631E+01  1.11198E+01
  5.84420E+01  3.69597E+01  1.11449E+01
  5.86886E+01  4.03771E+01  1.30165E+01
  5.89352E+01  4.79101E+01  1.35669E+01
  5.91818E+01  4.82061E+01  1.16671E+01
  5.94284E+01  4.58067E+01  1.18719E+01
  5.96750E+01  4.71915E+01  1.19230E+01
  5.99216E+01  4.75960E+01  1.27138E+01
  6.01682E+01  4.41841E+01  1.36189E+01
  6.04148E+01  4.46601E+01  1.22827E+01
  6.06614E+01  5.45945E+01  1.39116E+01
  6.09079E+01  6.43634E+01  1.54171E+01
  6.11545E+01  6.49160E+01  1.53893E+01
  6.14011E+01  6.02798E+01  1.44047E+01
  6.16477E+01  5.77625E+01  1.34213E+01
  6.18943E+01  5.89927E+01  1.48926E+01
  6.21409E+01  6.07115E+01  1.45418E+01
  6.23875E+01  6.34680E+01  1.44456E+01
  6.26341E+01  6.49954E+01  1.59084E+01
  6.28807E+01  6.26015E+01  1.50266E+01
  6.31273E+01  6.20765E+01  1.53643E+01
  6.33739E+01  6.24572E+01  1.48953E+01
  6.36204E+01  6.69662E+01  1.58337E+01
  6.38670E+01  8.11582E+01  1.90017E+01
  6.41136E+01  8.75376E+01  1.78582E+01
  6.43602E+01  7.71803E+01  1.47136E+01
  6.46068E+01  7.15684E+01  1.52775E+01
  6.48534E+01  7.69605E+01  1.74135E+01
  6.51000E+01  8.24887E+01  1.70791E+01
  6.53466E+01  9.03601E+01  1.88819E+01
  6.55932E+01  9.68085E+01  1.90419E+01
  6.58398E+01  9.78381E+01  1.84880E+01
  6.60864E+01  1.01134E+02  1.98897E+01
  6.63329E+01  1.02751E+02  1.92149E+01
  6.65795E+01  1.00711E+02  1.93440E+01
  6.68261E+01  9.91104E+01  2.02875E+01
  6.70727E+01  9.23140E+01  1.80565E+01
  6.73193E+01  8.42635E+01  1.78960E+01
  6.75659E+01  8.35259E+01  1.80004E+01
  6.78125E+01  8.69886E+01  1.78077E+01
  6.80591E+01  8.82670E+01  1.75799E+01
  6.83057E+01  8.23588E+01  1.69589E+01
  6.85523E+01  7.24178E+01  1.66871E+01
  6.87989E+01  6.39621E+01  1.62303E+01
  6.90454E+01  5.31461E+01  1.51211E+01
  6.92920E+01  4.22041E+01  1.34475E+01
  6.95386E+01  4.08349E+01  1.37373E+01
  6.97852E+01  4.88880E+01  1.58738E+01
  7.00318E+01  5.50736E+01  1.68849E+01
  7.02784E+01  4.90506E+01  1.49555E+01
  7.05250E+01  3.79967E+01  1.18841E+01
  7.07716E+01  3.25003E+01  1.27708E+01
  7.10182E+01  2.83046E+01  1.09609E+01
  7.12648E+01  2.15823E+01  9.36033E+00
  7.15114E+01  1.70164E+01  9.70624E+00
  7.17579E+01  1.80712E+01  1.01234E+01
  7.20045E+01  2.07046E+01  1.13927E+01
  7.22511E+01  2.24879E+01  1.20963E+01
  7.24977E+01  2.37441E+01  1.15799E+01
  7.27443E+01  2.07424E+01  9.44647E+00
  7.29909E+01  1.57992E+01  9.47746E+00
  7.32375E+01  1.49990E+01  9.83390E+00
  7.34841E+01  1.25505E+01  8.20598E+00
  7.37307E+01  5.07794E+00  7.97653E+00
  7.39773E+01  4.82999E-01  8.86182E+00
  7.42239E+01  1.12550E+00  8.55962E+00
  7.44704E+01  4.77979E+00  8.97834E+00
  7.47170E+01  1.00199E+01  1.06557E+01
  7.49636E+01  1.08481E+01  9.96393E+00
  7.52102E+01  6.60752E+00  8.34566E+00
  7.54568E+01  4.38082E+00  7.33224E+00
  7.57034E+01  1.72884E+00  7.05122E+00
  7.59500E+01 -4.00848E+00  7.49847E+00
  7.61966E+01 -2.43784E+00  9.73884E+00
  7.64432E+01  7.68263E+00  9.38808E+00
  7.66898E+01  1.49466E+01  7.76851E+00
  7.69364E+01  1.30136E+01  8.53309E+00
  7.71829E+01  8.78427E+00  8.65668E+00
  7.74295E+01  5.44262E+00  7.00106E+00
  7.76761E+01 -2.07512E+00  5.42927E+00
  7.79227E+01 -8.20887E+00  7.47680E+00
  7.81693E+01 -7.43553E+00  7.93402E+00
  7.84159E+01 -2.10992E+00  7.08533E+00
  7.86625E+01  3.46172E+00  7.90128E+00
  7.89091E+01  4.80213E+00  7.79682E+00
  7.91557E+01  3.20905E+00  8.34033E+00
  7.94023E+01  2.79206E+00  8.54888E+00
  7.96489E+01 -2.37813E+00  6.46918E+00
  7.98954E+01 -4.64982E+00  6.77967E+00
  8.01420E+01 -3.76057E+00  7.06277E+00
  8.03886E+01 -4.66722E+00  6.71568E+00
  8.06352E+01 -7.56326E+00  3.50486E+00
  8.08818E+01 -7.06643E+00  5.40724E+00
  8.11284E+01 -1.76308E+00  9.22806E+00
  8.13750E+01  2.40174E+00  9.44594E+00
  8.16216E+01  2.96326E-01  6.32902E+00
  8.18682E+01 -4.07779E+00  5.57991E+00
  8.21148E+01 -4.72485E+00  6.93472E+00
  8.23614E+01 -2.70113E+00  7.26531E+00
  8.26079E+01 -2.57666E-01  8.89619E+00
  8.28545E+01  8.59785E-01  8.31710E+00
  8.31011E+01  1.08768E+00  8.23861E+00
  8.33477E+01  3.07225E+00  9.77488E+00
  8.35943E+01  2.95465E+00  8.15779E+00
  8.38409E+01  3.54995E-01  8.01703E+00
  8.40875E+01 -6.48876E-01  8.09538E+00
  8.43341E+01 -2.53607E+00  6.56299E+00
  8.45807E+01 -7.19525E+00  3.56877E+00
  8.48273E+01 -9.46245E+00  5.23112E+00
  8.50739E+01 -7.53242E+00  6.73125E+00
  8.53204E+01 -5.78389E+00  6.89057E+00
  8.55670E+01 -4.13758E+00  7.11977E+00
  8.58136E+01  4.10615E-01  1.04991E+01
  8.60602E+01  3.10302E+00  1.11396E+01
  8.63068E+01 -2.24924E+00  7.32308E+00
  8.65534E+01 -7.27081E+00  4.94284E+00
  8.68000E+01 -2.37079E+00  9.30562E+00
  8.70466E+01  5.93295E+00  1.24959E+01
  8.72932E+01  7.81344E+00  1.48661E+01
  8.75398E+01  3.00715E+00  1.69014E+01
  8.77864E+01 -5.31258E+00  1.31936E+01
  8.80329E+01 -1.33257E+01  1.08756E-01
  8.82795E+01 -1.57840E+01  1.09022E-01
  8.85261E+01 -1.15674E+01  1.08866E-01
