@page size 600,600
@view 0.12,0.1,0.97,0.93
@subtitle "PHOENIX module phox, 01/25/18 at 14:41:59 -08:00"
@xaxes scale Normal
@yaxes scale Normal
@xaxis label "energy (meV)"
@yaxis label "partial phonon DOS (1/eV)"
@s0 errorbar size 0.0
@type xydy
  0.00000E+00  0.00000E+00  0.00000E+00
  2.47485E-01  3.54501E-03  5.67665E-03
  4.94971E-01  1.39099E-02  1.73695E-02
  7.42456E-01  3.05995E-02  2.69757E-02
  9.89941E-01  5.47267E-02  3.40934E-02
  1.23743E+00  8.84118E-02  4.14686E-02
  1.48491E+00  1.31411E-01  4.84511E-02
  1.73240E+00  1.83950E-01  5.46580E-02
  1.97988E+00  2.45854E-01  6.28353E-02
  2.22737E+00  3.14968E-01  7.13530E-02
  2.47485E+00  3.89414E-01  7.79564E-02
  2.72234E+00  4.74833E-01  8.37214E-02
  2.96982E+00  5.82015E-01  9.72278E-02
  3.21731E+00  7.15827E-01  1.13968E-01
  3.46479E+00  8.34783E-01  1.16818E-01
  3.71228E+00  8.75140E-01  1.22219E-01
  3.95976E+00  8.82185E-01  1.43716E-01
  4.20725E+00  9.34666E-01  1.67126E-01
  4.45474E+00  1.02214E+00  1.77499E-01
  4.70222E+00  1.16881E+00  1.93737E-01
  4.94971E+00  1.42085E+00  2.26090E-01
  5.19719E+00  1.69352E+00  2.45209E-01
  5.44468E+00  1.91201E+00  2.85382E-01
  5.69216E+00  2.04145E+00  3.07165E-01
  5.93965E+00  2.09275E+00  3.10748E-01
  6.18713E+00  2.25820E+00  3.19793E-01
  6.43462E+00  2.48992E+00  3.28484E-01
  6.68210E+00  2.58152E+00  3.52408E-01
  6.92959E+00  2.68485E+00  4.12179E-01
  7.17707E+00  3.02725E+00  4.82994E-01
  7.42456E+00  3.47304E+00  5.11288E-01
  7.67204E+00  3.82710E+00  5.31753E-01
  7.91953E+00  4.20375E+00  6.12683E-01
  8.16701E+00  4.52121E+00  6.38268E-01
  8.41450E+00  4.49526E+00  6.16476E-01
  8.66199E+00  4.27476E+00  6.03761E-01
  8.90947E+00  4.22319E+00  6.00897E-01
  9.15696E+00  4.35455E+00  6.54741E-01
  9.40444E+00  4.63502E+00  7.12559E-01
  9.65193E+00  5.02327E+00  7.93101E-01
  9.89941E+00  5.29016E+00  8.01129E-01
  1.01469E+01  5.51412E+00  8.05979E-01
  1.03944E+01  6.03928E+00  8.08335E-01
  1.06419E+01  6.97656E+00  9.42894E-01
  1.08894E+01  7.95832E+00  1.04254E+00
  1.11368E+01  8.48254E+00  1.05346E+00
  1.13843E+01  8.32471E+00  1.12076E+00
  1.16318E+01  7.91120E+00  1.14378E+00
  1.18793E+01  8.36144E+00  1.20891E+00
  1.21268E+01  9.63286E+00  1.32273E+00
  1.23743E+01  1.02097E+01  1.32917E+00
  1.26218E+01  9.89284E+00  1.35781E+00
  1.28692E+01  9.85826E+00  1.38606E+00
  1.31167E+01  1.05742E+01  1.46327E+00
  1.33642E+01  1.15061E+01  1.52975E+00
  1.36117E+01  1.18548E+01  1.55069E+00
  1.38592E+01  1.15221E+01  1.51054E+00
  1.41067E+01  1.14931E+01  1.55784E+00
  1.43541E+01  1.23720E+01  1.67929E+00
  1.46016E+01  1.36923E+01  1.76784E+00
  1.48491E+01  1.46260E+01  1.83598E+00
  1.50966E+01  1.46431E+01  1.92195E+00
  1.53441E+01  1.47439E+01  1.94096E+00
  1.55916E+01  1.62435E+01  2.15551E+00
  1.58391E+01  1.82526E+01  2.28539E+00
  1.60865E+01  1.94648E+01  2.22787E+00
  1.63340E+01  1.98653E+01  2.29958E+00
  1.65815E+01  1.96661E+01  2.26248E+00
  1.68290E+01  2.00564E+01  2.44185E+00
  1.70765E+01  2.19873E+01  2.67491E+00
  1.73240E+01  2.35754E+01  2.53585E+00
  1.75715E+01  2.33945E+01  2.53571E+00
  1.78189E+01  2.25379E+01  2.57700E+00
  1.80664E+01  2.26419E+01  2.68509E+00
  1.83139E+01  2.45118E+01  2.88605E+00
  1.85614E+01  2.68871E+01  3.04573E+00
  1.88089E+01  2.89572E+01  3.13678E+00
  1.90564E+01  3.14251E+01  3.28145E+00
  1.93039E+01  3.39454E+01  3.58550E+00
  1.95513E+01  3.44879E+01  3.63115E+00
  1.97988E+01  3.31721E+01  3.30293E+00
  2.00463E+01  3.35219E+01  3.53181E+00
  2.02938E+01  3.63084E+01  3.94279E+00
  2.05413E+01  3.98474E+01  4.03789E+00
  2.07888E+01  4.34433E+01  4.03751E+00
  2.10363E+01  4.63123E+01  4.23399E+00
  2.12837E+01  4.88345E+01  4.54570E+00
  2.15312E+01  5.24936E+01  4.78005E+00
  2.17787E+01  5.59063E+01  4.92136E+00
  2.20262E+01  5.72168E+01  5.00317E+00
  2.22737E+01  5.96562E+01  5.24518E+00
  2.25212E+01  6.53654E+01  5.46029E+00
  2.27686E+01  7.12179E+01  5.61647E+00
  2.30161E+01  7.51573E+01  5.86169E+00
  2.32636E+01  7.71912E+01  6.09830E+00
  2.35111E+01  7.95265E+01  6.35210E+00
  2.37586E+01  8.34989E+01  6.51912E+00
  2.40061E+01  8.70545E+01  6.52766E+00
  2.42536E+01  9.03477E+01  6.73142E+00
  2.45010E+01  9.62252E+01  7.18022E+00
  2.47485E+01  1.04429E+02  7.50396E+00
  2.49960E+01  1.09389E+02  7.52292E+00
  2.52435E+01  1.09654E+02  7.56602E+00
  2.54910E+01  1.11012E+02  7.91510E+00
  2.57385E+01  1.14210E+02  8.08978E+00
  2.59860E+01  1.13419E+02  7.84932E+00
  2.62334E+01  1.10079E+02  7.88288E+00
  2.64809E+01  1.11611E+02  8.03083E+00
  2.67284E+01  1.15471E+02  8.26255E+00
  2.69759E+01  1.13609E+02  8.15776E+00
  2.72234E+01  1.07631E+02  7.84737E+00
  2.74709E+01  1.07335E+02  8.12339E+00
  2.77184E+01  1.14533E+02  8.77469E+00
  2.79658E+01  1.18436E+02  8.73316E+00
  2.82133E+01  1.16440E+02  8.37021E+00
  2.84608E+01  1.15863E+02  8.62993E+00
  2.87083E+01  1.15811E+02  8.74231E+00
  2.89558E+01  1.11976E+02  8.61038E+00
  2.92033E+01  1.08133E+02  8.76516E+00
  2.94508E+01  1.07810E+02  8.71874E+00
  2.96982E+01  1.06899E+02  8.32368E+00
  2.99457E+01  1.04072E+02  8.26420E+00
  3.01932E+01  1.02115E+02  8.35323E+00
  3.04407E+01  1.01129E+02  8.28454E+00
  3.06882E+01  1.00663E+02  8.50670E+00
  3.09357E+01  9.94121E+01  8.62722E+00
  3.11831E+01  9.66361E+01  8.48715E+00
  3.14306E+01  9.35345E+01  8.47330E+00
  3.16781E+01  8.97931E+01  8.21975E+00
  3.19256E+01  8.79756E+01  8.33523E+00
  3.21731E+01  8.96740E+01  8.42670E+00
  3.24206E+01  9.18157E+01  8.43295E+00
  3.26681E+01  9.14210E+01  8.76800E+00
  3.29155E+01  8.71450E+01  7.97977E+00
  3.31630E+01  8.49148E+01  8.47168E+00
  3.34105E+01  8.80750E+01  9.05426E+00
  3.36580E+01  9.06922E+01  8.68529E+00
  3.39055E+01  9.01657E+01  8.71491E+00
  3.41530E+01  9.02265E+01  8.82851E+00
  3.44005E+01  9.10962E+01  8.91934E+00
  3.46479E+01  9.12073E+01  9.66395E+00
  3.48954E+01  9.21044E+01  9.47231E+00
  3.51429E+01  9.45462E+01  8.79516E+00
  3.53904E+01  9.66015E+01  9.23272E+00
  3.56379E+01  9.63712E+01  9.41369E+00
  3.58854E+01  9.31227E+01  9.16804E+00
  3.61329E+01  8.71090E+01  8.86471E+00
  3.63803E+01  8.34522E+01  8.96857E+00
  3.66278E+01  8.60137E+01  9.31569E+00
  3.68753E+01  9.18222E+01  9.44790E+00
  3.71228E+01  9.47510E+01  9.56964E+00
  3.73703E+01  9.12418E+01  9.67525E+00
  3.76178E+01  8.61681E+01  9.24644E+00
  3.78653E+01  8.68439E+01  9.70936E+00
  3.81127E+01  8.97765E+01  9.48204E+00
  3.83602E+01  8.67551E+01  8.80573E+00
  3.86077E+01  8.19035E+01  9.15012E+00
  3.88552E+01  8.44787E+01  9.42310E+00
  3.91027E+01  9.19449E+01  9.95961E+00
  3.93502E+01  9.42294E+01  1.02016E+01
  3.95976E+01  8.92563E+01  9.88040E+00
  3.98451E+01  8.52457E+01  1.01282E+01
  4.00926E+01  8.29499E+01  9.88685E+00
  4.03401E+01  7.58652E+01  8.81286E+00
  4.05876E+01  6.79912E+01  8.97399E+00
  4.08351E+01  6.71120E+01  8.91809E+00
  4.10826E+01  7.04498E+01  9.28722E+00
  4.13300E+01  7.10711E+01  9.42886E+00
  4.15775E+01  6.88581E+01  8.75022E+00
  4.18250E+01  6.50366E+01  8.48604E+00
  4.20725E+01  6.11186E+01  8.50243E+00
  4.23200E+01  6.46250E+01  9.29932E+00
  4.25675E+01  7.68670E+01  9.58191E+00
  4.28150E+01  8.85158E+01  1.04747E+01
  4.30624E+01  9.26680E+01  1.06982E+01
  4.33099E+01  9.13202E+01  1.05692E+01
  4.35574E+01  9.13233E+01  1.07890E+01
  4.38049E+01  9.61894E+01  1.12759E+01
  4.40524E+01  1.04028E+02  1.17086E+01
  4.42999E+01  1.13303E+02  1.20134E+01
  4.45474E+01  1.18495E+02  1.16832E+01
  4.47948E+01  1.18099E+02  1.19866E+01
  4.50423E+01  1.18567E+02  1.27553E+01
  4.52898E+01  1.17364E+02  1.23372E+01
  4.55373E+01  1.16874E+02  1.24304E+01
  4.57848E+01  1.21274E+02  1.30150E+01
  4.60323E+01  1.21784E+02  1.28572E+01
  4.62798E+01  1.16351E+02  1.18680E+01
  4.65272E+01  1.11985E+02  1.17476E+01
  4.67747E+01  1.08582E+02  1.23035E+01
  4.70222E+01  1.03734E+02  1.19353E+01
  4.72697E+01  1.00885E+02  1.18890E+01
  4.75172E+01  1.00671E+02  1.18695E+01
  4.77647E+01  9.84953E+01  1.20536E+01
  4.80121E+01  9.06866E+01  1.14499E+01
  4.82596E+01  8.07863E+01  1.05510E+01
  4.85071E+01  7.27410E+01  1.06969E+01
  4.87546E+01  6.41130E+01  9.35179E+00
  4.90021E+01  5.64817E+01  9.16303E+00
  4.92496E+01  5.43097E+01  9.78373E+00
  4.94971E+01  5.30083E+01  9.08970E+00
  4.97445E+01  4.50598E+01  8.40366E+00
  4.99920E+01  3.22079E+01  7.32316E+00
  5.02395E+01  2.16745E+01  6.24909E+00
  5.04870E+01  1.68516E+01  6.31051E+00
  5.07345E+01  1.52553E+01  5.98317E+00
  5.09820E+01  1.44478E+01  5.73590E+00
  5.12295E+01  1.38030E+01  5.75262E+00
  5.14769E+01  1.24431E+01  5.71621E+00
  5.17244E+01  1.10009E+01  6.17905E+00
  5.19719E+01  1.16193E+01  6.17838E+00
  5.22194E+01  1.35876E+01  6.85742E+00
  5.24669E+01  1.31072E+01  5.95482E+00
  5.27144E+01  1.03314E+01  4.88792E+00
  5.29619E+01  8.29894E+00  5.51635E+00
  5.32093E+01  7.13274E+00  5.96075E+00
  5.34568E+01  5.29904E+00  4.93586E+00
  5.37043E+01  2.89455E+00  4.29495E+00
  5.39518E+01  1.81902E+00  5.10721E+00
  5.41993E+01  3.26887E+00  4.55018E+00
  5.44468E+01  5.84851E+00  5.53720E+00
  5.46943E+01  6.38372E+00  5.97541E+00
  5.49417E+01  4.94155E+00  5.30907E+00
  5.51892E+01  4.78608E+00  5.31029E+00
  5.54367E+01  7.52285E+00  5.72518E+00
  5.56842E+01  8.95234E+00  5.82366E+00
  5.59317E+01  5.38515E+00  5.33408E+00
  5.61792E+01  1.01330E+00  4.40667E+00
  5.64266E+01  1.50074E+00  4.37369E+00
  5.66741E+01  6.01825E+00  5.96199E+00
  5.69216E+01  7.80958E+00  6.31950E+00
  5.71691E+01  4.98390E+00  5.37138E+00
  5.74166E+01  3.24993E+00  5.07968E+00
  5.76641E+01  4.98193E+00  6.15748E+00
  5.79116E+01  6.22986E+00  5.48871E+00
  5.81590E+01  4.69964E+00  4.53882E+00
  5.84065E+01  1.72408E+00  4.20536E+00
  5.86540E+01 -9.15411E-01  4.65668E+00
  5.89015E+01 -6.56348E-01  4.83720E+00
  5.91490E+01  2.73326E+00  6.12851E+00
  5.93965E+01  5.31766E+00  6.85300E+00
  5.96440E+01  4.48058E+00  5.27683E+00
  5.98914E+01  1.04179E+00  4.23213E+00
  6.01389E+01 -2.30505E+00  4.39271E+00
  6.03864E+01 -2.20207E+00  5.02845E+00
  6.06339E+01  5.64098E-01  5.05676E+00
  6.08814E+01  9.92047E-01  4.83007E+00
  6.11289E+01 -3.32360E-01  5.82967E+00
  6.13764E+01 -4.12644E-01  5.75709E+00
  6.16238E+01  4.72171E-01  4.99498E+00
  6.18713E+01  3.23283E+00  6.34783E+00
  6.21188E+01  8.17188E+00  6.89796E+00
  6.23663E+01  1.10631E+01  6.35658E+00
  6.26138E+01  1.17279E+01  6.69752E+00
  6.28613E+01  1.16783E+01  6.71284E+00
  6.31088E+01  7.88053E+00  5.23179E+00
  6.33562E+01  3.21675E+00  4.50738E+00
  6.36037E+01  4.34328E+00  6.29231E+00
  6.38512E+01  9.98774E+00  6.78702E+00
  6.40987E+01  1.25840E+01  5.56085E+00
  6.43462E+01  9.62921E+00  5.66920E+00
  6.45937E+01  5.25010E+00  5.90690E+00
  6.48411E+01  2.44680E+00  6.61677E+00
  6.50886E+01  2.56002E-01  5.58201E+00
  6.53361E+01 -4.75146E-01  4.83072E+00
  6.55836E+01  7.77574E-01  5.96744E+00
  6.58311E+01  1.24546E+00  6.20914E+00
  6.60786E+01  7.85771E-01  5.70598E+00
  6.63261E+01  5.04068E-01  5.28187E+00
  6.65735E+01  1.65326E+00  5.90501E+00
  6.68210E+01  3.83272E+00  6.50847E+00
  6.70685E+01  2.45371E+00  5.46697E+00
  6.73160E+01 -1.08588E-01  5.19602E+00
  6.75635E+01  2.53352E+00  5.68133E+00
  6.78110E+01  5.28954E+00  5.90406E+00
  6.80585E+01  4.83240E+00  5.92504E+00
  6.83059E+01  4.74164E+00  6.39344E+00
  6.85534E+01  2.96043E+00  5.78550E+00
  6.88009E+01  3.58304E-01  4.87183E+00
  6.90484E+01  1.04748E+00  6.27342E+00
  6.92959E+01  2.51943E+00  6.58654E+00
  6.95434E+01  3.12783E+00  5.49158E+00
  6.97909E+01  4.09998E+00  6.52488E+00
  7.00383E+01  5.65961E+00  6.34952E+00
  7.02858E+01  6.36916E+00  5.48245E+00
  7.05333E+01  1.56698E+00  5.69412E+00
  7.07808E+01  1.91456E+00  5.74035E+00
  7.10283E+01  1.16392E+00  5.75671E+00
  7.12758E+01  6.14400E-01  5.09595E+00
  7.15233E+01 -1.21459E+00  4.90624E+00
  7.17707E+01 -2.14154E+00  5.50729E+00
  7.20182E+01 -1.49864E+00  5.14430E+00
  7.22657E+01 -2.14654E+00  5.00897E+00
  7.25132E+01 -3.55399E+00  4.94178E+00
  7.27607E+01 -2.35718E+00  5.68471E+00
  7.30082E+01  2.28550E+00  6.80262E+00
  7.32556E+01  7.06038E+00  6.91461E+00
  7.35031E+01  7.45337E+00  6.48667E+00
  7.37506E+01  3.96688E+00  5.83067E+00
  7.39981E+01 -2.78396E-01  4.60004E+00
  7.42456E+01 -2.90357E+00  4.65570E+00
  7.44931E+01 -2.49315E+00  5.46138E+00
  7.47406E+01 -4.47753E-01  5.58811E+00
  7.49880E+01  1.38400E+00  5.86336E+00
  7.52355E+01  2.06687E+00  6.12799E+00
  7.54830E+01  4.02898E+00  6.75355E+00
  7.57305E+01  7.25191E+00  6.69262E+00
  7.59780E+01  7.75369E+00  6.23295E+00
  7.62255E+01  4.53956E+00  6.25973E+00
  7.64730E+01  2.23766E+00  5.56922E+00
  7.67204E+01  3.82968E+00  6.37530E+00
  7.69679E+01  3.75791E+00  6.13884E+00
  7.72154E+01  6.16202E-01  4.94171E+00
  7.74629E+01 -1.85506E+00  4.86108E+00
  7.77104E+01 -2.62421E+00  4.82309E+00
  7.79579E+01 -1.92111E+00  5.35537E+00
  7.82054E+01 -6.92848E-01  5.36469E+00
  7.84528E+01  2.40530E-02  5.10135E+00
  7.87003E+01  1.77908E+00  6.23238E+00
  7.89478E+01  4.35425E+00  6.64077E+00
  7.91953E+01  2.89778E+00  4.93319E+00
  7.94428E+01 -3.02901E+00  3.08651E+00
  7.96903E+01 -7.58072E+00  2.06359E+00
  7.99378E+01 -6.55773E+00  4.48592E+00
  8.01852E+01 -1.57495E+00  5.49618E+00
  8.04327E+01  1.60463E+00  5.07948E+00
  8.06802E+01  1.10930E+00  4.67819E+00
  8.09277E+01  1.70841E+00  6.60173E+00
  8.11752E+01  3.29341E+00  6.55145E+00
  8.14227E+01  1.20312E+00  4.13543E+00
  8.16701E+01 -1.67264E+00  4.38916E+00
  8.19176E+01 -2.10633E+00  5.19540E+00
  8.21651E+01 -1.87703E+00  4.81962E+00
  8.24126E+01 -4.41481E-01  5.39894E+00
  8.26601E+01  1.79677E+00  5.68927E+00
  8.29076E+01  1.72788E+00  5.41361E+00
  8.31551E+01 -1.01936E+00  4.80417E+00
  8.34025E+01 -3.64538E+00  3.66870E+00
  8.36500E+01 -2.76905E+00  4.06609E+00
  8.38975E+01 -2.63402E-02  5.56727E+00
  8.41450E+01 -1.01650E-01  5.27377E+00
  8.43925E+01 -1.24330E+00  5.03926E+00
  8.46400E+01 -8.85408E-01  4.88207E+00
  8.48875E+01 -1.06607E+00  4.44448E+00
  8.51349E+01 -2.33298E+00  4.46681E+00
  8.53824E+01 -1.29852E+00  5.53342E+00
  8.56299E+01  3.06864E+00  6.35604E+00
  8.58774E+01  4.77072E+00  6.42266E+00
  8.61249E+01  2.42583E+00  5.97832E+00
  8.63724E+01  5.92441E-01  4.96489E+00
  8.66199E+01 -2.41466E+00  3.01079E+00
  8.68673E+01 -5.59088E+00  2.64789E+00
  8.71148E+01 -4.93875E+00  4.09211E+00
  8.73623E+01 -2.91639E+00  4.49548E+00
  8.76098E+01 -2.44212E+00  4.56706E+00
  8.78573E+01 -2.18953E+00  4.78180E+00
  8.81048E+01 -7.87365E-01  5.37615E+00
  8.83523E+01  8.51331E-01  4.51458E+00
  8.85997E+01  2.47810E+00  5.89138E+00
  8.88472E+01  3.61201E+00  6.57650E+00
  8.90947E+01  4.48781E+00  6.41136E+00
  8.93422E+01  4.94735E+00  6.71166E+00
  8.95897E+01  3.61723E+00  5.65221E+00
  8.98372E+01  9.01875E-01  4.68941E+00
  9.00846E+01 -1.18283E+00  4.02143E+00
  9.03321E+01 -4.27736E-01  5.49881E+00
  9.05796E+01  2.19369E+00  5.76588E+00
  9.08271E+01  2.79443E+00  5.96813E+00
  9.10746E+01 -6.30184E-01  5.29812E+00
  9.13221E+01 -3.48203E+00  3.65677E+00
  9.15696E+01 -3.54661E+00  4.31572E+00
  9.18170E+01 -4.11829E+00  4.14705E+00
  9.20645E+01 -3.38554E+00  4.29244E+00
  9.23120E+01 -3.79661E-01  5.58774E+00
  9.25595E+01  1.64972E+00  6.58202E+00
  9.28070E+01  2.60714E+00  5.31884E+00
  9.30545E+01  2.56397E+00  4.89604E+00
  9.33020E+01  1.73571E+00  5.44777E+00
  9.35494E+01  1.24967E+00  5.71996E+00
  9.37969E+01  7.66834E-01  5.56021E+00
  9.40444E+01  2.13717E+00  4.99478E+00
  9.42919E+01  6.48829E+00  6.76499E+00
  9.45394E+01  1.08296E+01  8.37484E+00
  9.47869E+01  9.94038E+00  7.47861E+00
  9.50344E+01  3.16694E+00  5.70632E+00
  9.52818E+01 -3.36808E+00  3.51688E+00
  9.55293E+01 -4.66920E+00  2.65132E+00
  9.57768E+01 -1.23128E+00  5.84327E+00
  9.60243E+01  2.12703E+00  6.32518E+00
  9.62718E+01  1.73944E+00  5.29057E+00
  9.65193E+01  1.52984E-01  5.07891E+00
  9.67668E+01  7.93179E-01  4.48731E+00
  9.70142E+01  2.99005E+00  5.90250E+00
  9.72617E+01  4.95282E+00  7.19734E+00
  9.75092E+01  4.82729E+00  6.38970E+00
  9.77567E+01  2.36030E+00  5.31842E+00
  9.80042E+01 -8.03071E-01  5.15286E+00
  9.82517E+01 -2.90849E+00  3.45359E+00
  9.84991E+01 -1.79912E+00  4.46102E+00
  9.87466E+01  2.84537E+00  8.96521E+00
  9.89941E+01  7.25044E+00  1.21667E+01
  9.92416E+01  6.93229E+00  1.12023E+01
  9.94891E+01  1.38029E+00  6.21712E+00
  9.97366E+01 -2.99649E+00  6.61844E-02
