  0.00000E+00  4.49680E+00  5.73097E-02
  1.00000E-01  4.50261E+00  5.70906E-02
  2.00000E-01  4.50840E+00  5.68654E-02
  3.00000E-01  4.51417E+00  5.66417E-02
  4.00000E-01  4.51992E+00  5.64198E-02
  5.00000E-01  4.52566E+00  5.61995E-02
  6.00000E-01  4.53138E+00  5.59807E-02
  7.00000E-01  4.53708E+00  5.57636E-02
  8.00000E-01  4.54276E+00  5.55479E-02
  9.00000E-01  4.54843E+00  5.53339E-02
  1.00000E+00  4.55408E+00  5.51214E-02
  1.10000E+00  4.55971E+00  5.49103E-02
  1.20000E+00  4.56532E+00  5.47008E-02
  1.30000E+00  4.57092E+00  5.44927E-02
  1.40000E+00  4.57650E+00  5.42861E-02
  1.50000E+00  4.58207E+00  5.40809E-02
  1.60000E+00  4.58762E+00  5.38771E-02
  1.70000E+00  4.59315E+00  5.36748E-02
  1.80000E+00  4.59866E+00  5.34738E-02
  1.90000E+00  4.60416E+00  5.32741E-02
  2.00000E+00  4.60964E+00  5.30758E-02
  2.10000E+00  4.61511E+00  5.28789E-02
  2.20000E+00  4.62056E+00  5.26832E-02
  2.30000E+00  4.62600E+00  5.24889E-02
  2.40000E+00  4.63142E+00  5.22959E-02
  2.50000E+00  4.63682E+00  5.21041E-02
  2.60000E+00  4.64221E+00  5.19136E-02
  2.70000E+00  4.64758E+00  5.17243E-02
  2.80000E+00  4.65294E+00  5.15363E-02
  2.90000E+00  4.65829E+00  5.13494E-02
  3.00000E+00  4.66361E+00  5.11638E-02
  3.10000E+00  4.66893E+00  5.09793E-02
  3.20000E+00  4.67423E+00  5.07961E-02
  3.30000E+00  4.67951E+00  5.06139E-02
  3.40000E+00  4.68478E+00  5.04330E-02
  3.50000E+00  4.69003E+00  5.02531E-02
  3.60000E+00  4.69527E+00  5.00744E-02
  3.70000E+00  4.70050E+00  4.98968E-02
  3.80000E+00  4.70571E+00  4.97203E-02
  3.90000E+00  4.71091E+00  4.95449E-02
  4.00000E+00  4.71610E+00  4.93706E-02
  4.10000E+00  4.72127E+00  4.91973E-02
  4.20000E+00  4.72642E+00  4.90251E-02
  4.30000E+00  4.73156E+00  4.88539E-02
  4.40000E+00  4.73669E+00  4.86837E-02
  4.50000E+00  4.74181E+00  4.85146E-02
  4.60000E+00  4.74691E+00  4.83464E-02
  4.70000E+00  4.75200E+00  4.81793E-02
  4.80000E+00  4.75707E+00  4.80131E-02
  4.90000E+00  4.76214E+00  4.78480E-02
  5.00000E+00  4.76719E+00  4.76838E-02
  5.10000E+00  4.77222E+00  4.75205E-02
  5.20000E+00  4.77724E+00  4.73582E-02
  5.30000E+00  4.78225E+00  4.71968E-02
  5.40000E+00  4.78725E+00  4.70364E-02
  5.50000E+00  4.79224E+00  4.68769E-02
  5.60000E+00  4.79721E+00  4.67183E-02
  5.70000E+00  4.80217E+00  4.65605E-02
  5.80000E+00  4.80711E+00  4.64037E-02
  5.90000E+00  4.81205E+00  4.62477E-02
  6.00000E+00  4.81697E+00  4.60927E-02
  6.10000E+00  4.82188E+00  4.59384E-02
  6.20000E+00  4.82678E+00  4.57851E-02
  6.30000E+00  4.83166E+00  4.56326E-02
  6.40000E+00  4.83654E+00  4.54809E-02
  6.50000E+00  4.84140E+00  4.53300E-02
  6.60000E+00  4.84625E+00  4.51800E-02
  6.70000E+00  4.85109E+00  4.50308E-02
  6.80000E+00  4.85591E+00  4.48824E-02
  6.90000E+00  4.86073E+00  4.47348E-02
  7.00000E+00  4.86553E+00  4.45880E-02
  7.10000E+00  4.87032E+00  4.44419E-02
  7.20000E+00  4.87510E+00  4.42966E-02
  7.30000E+00  4.87987E+00  4.41522E-02
  7.40000E+00  4.88462E+00  4.40084E-02
  7.50000E+00  4.88937E+00  4.38655E-02
  7.60000E+00  4.89410E+00  4.37232E-02
  7.70000E+00  4.89883E+00  4.35817E-02
  7.80000E+00  4.90354E+00  4.34410E-02
  7.90000E+00  4.90824E+00  4.33009E-02
  8.00000E+00  4.91293E+00  4.31616E-02
  8.10000E+00  4.91761E+00  4.30230E-02
  8.20000E+00  4.92228E+00  4.28851E-02
  8.30000E+00  4.92694E+00  4.27479E-02
  8.40000E+00  4.93158E+00  4.26114E-02
  8.50000E+00  4.93622E+00  4.24756E-02
  8.60000E+00  4.94084E+00  4.23404E-02
  8.70000E+00  4.94546E+00  4.22060E-02
  8.80000E+00  4.95006E+00  4.20722E-02
  8.90000E+00  4.95466E+00  4.19391E-02
  9.00000E+00  4.95924E+00  4.18066E-02
  9.10000E+00  4.96382E+00  4.16748E-02
  9.20000E+00  4.96838E+00  4.15436E-02
  9.30000E+00  4.97293E+00  4.14131E-02
  9.40000E+00  4.97747E+00  4.12832E-02
  9.50000E+00  4.98201E+00  4.11539E-02
  9.60000E+00  4.98653E+00  4.10252E-02
  9.70000E+00  4.99104E+00  4.08972E-02
  9.80000E+00  4.99555E+00  4.07698E-02
  9.90000E+00  5.00004E+00  4.06429E-02
  1.00000E+01  5.00452E+00  4.05167E-02
  1.01000E+01  5.00899E+00  4.03911E-02
  1.02000E+01  5.01346E+00  4.02661E-02
  1.03000E+01  5.01791E+00  4.01416E-02
  1.04000E+01  5.02236E+00  4.00178E-02
  1.05000E+01  5.02679E+00  3.98945E-02
  1.06000E+01  5.03122E+00  3.97718E-02
  1.07000E+01  5.03563E+00  3.96496E-02
  1.08000E+01  5.04004E+00  3.95280E-02
  1.09000E+01  5.04443E+00  3.94070E-02
  1.10000E+01  5.04882E+00  3.92865E-02
  1.11000E+01  5.05320E+00  3.91666E-02
  1.12000E+01  5.05757E+00  3.90472E-02
  1.13000E+01  5.06193E+00  3.89284E-02
  1.14000E+01  5.06628E+00  3.88101E-02
  1.15000E+01  5.07062E+00  3.86923E-02
  1.16000E+01  5.07495E+00  3.85750E-02
  1.17000E+01  5.07928E+00  3.84583E-02
  1.18000E+01  5.08359E+00  3.83421E-02
  1.19000E+01  5.08790E+00  3.82264E-02
  1.20000E+01  5.09219E+00  3.81112E-02
  1.21000E+01  5.09648E+00  3.79965E-02
  1.22000E+01  5.10076E+00  3.78824E-02
  1.23000E+01  5.10503E+00  3.77687E-02
  1.24000E+01  5.10929E+00  3.76555E-02
  1.25000E+01  5.11355E+00  3.75428E-02
  1.26000E+01  5.11779E+00  3.74305E-02
  1.27000E+01  5.12203E+00  3.73188E-02
  1.28000E+01  5.12625E+00  3.72075E-02
  1.29000E+01  5.13047E+00  3.70968E-02
  1.30000E+01  5.13468E+00  3.69864E-02
  1.31000E+01  5.13889E+00  3.68766E-02
  1.32000E+01  5.14308E+00  3.67672E-02
  1.33000E+01  5.14727E+00  3.66583E-02
  1.34000E+01  5.15144E+00  3.65498E-02
  1.35000E+01  5.15561E+00  3.64418E-02
  1.36000E+01  5.15977E+00  3.63343E-02
  1.37000E+01  5.16392E+00  3.62272E-02
  1.38000E+01  5.16807E+00  3.61205E-02
  1.39000E+01  5.17221E+00  3.60142E-02
  1.40000E+01  5.17633E+00  3.59084E-02
  1.41000E+01  5.18045E+00  3.58031E-02
  1.42000E+01  5.18457E+00  3.56981E-02
  1.43000E+01  5.18867E+00  3.55936E-02
  1.44000E+01  5.19277E+00  3.54895E-02
  1.45000E+01  5.19686E+00  3.53859E-02
  1.46000E+01  5.20094E+00  3.52826E-02
  1.47000E+01  5.20501E+00  3.51798E-02
  1.48000E+01  5.20907E+00  3.50774E-02
  1.49000E+01  5.21313E+00  3.49754E-02
  1.50000E+01  5.21718E+00  3.48737E-02
  1.51000E+01  5.22122E+00  3.47725E-02
  1.52000E+01  5.22526E+00  3.46717E-02
  1.53000E+01  5.22929E+00  3.45713E-02
  1.54000E+01  5.23331E+00  3.44713E-02
  1.55000E+01  5.23732E+00  3.43716E-02
  1.56000E+01  5.24132E+00  3.42724E-02
  1.57000E+01  5.24532E+00  3.41735E-02
  1.58000E+01  5.24931E+00  3.40751E-02
  1.59000E+01  5.25329E+00  3.39770E-02
  1.60000E+01  5.25727E+00  3.38793E-02
  1.61000E+01  5.26123E+00  3.37820E-02
  1.62000E+01  5.26519E+00  3.36849E-02
  1.63000E+01  5.26915E+00  3.35883E-02
  1.64000E+01  5.27309E+00  3.34921E-02
  1.65000E+01  5.27703E+00  3.33962E-02
  1.66000E+01  5.28096E+00  3.33007E-02
  1.67000E+01  5.28489E+00  3.32056E-02
  1.68000E+01  5.28880E+00  3.31108E-02
  1.69000E+01  5.29271E+00  3.30164E-02
  1.70000E+01  5.29662E+00  3.29223E-02
  1.71000E+01  5.30051E+00  3.28285E-02
  1.72000E+01  5.30440E+00  3.27351E-02
  1.73000E+01  5.30829E+00  3.26421E-02
  1.74000E+01  5.31216E+00  3.25494E-02
  1.75000E+01  5.31603E+00  3.24570E-02
  1.76000E+01  5.31989E+00  3.23650E-02
  1.77000E+01  5.32375E+00  3.22733E-02
  1.78000E+01  5.32759E+00  3.21819E-02
  1.79000E+01  5.33144E+00  3.20910E-02
  1.80000E+01  5.33527E+00  3.20002E-02
  1.81000E+01  5.33910E+00  3.19099E-02
  1.82000E+01  5.34292E+00  3.18198E-02
  1.83000E+01  5.34673E+00  3.17301E-02
  1.84000E+01  5.35054E+00  3.16407E-02
  1.85000E+01  5.35434E+00  3.15517E-02
  1.86000E+01  5.35814E+00  3.14629E-02
  1.87000E+01  5.36193E+00  3.13744E-02
  1.88000E+01  5.36571E+00  3.12863E-02
  1.89000E+01  5.36948E+00  3.11984E-02
  1.90000E+01  5.37325E+00  3.11109E-02
  1.91000E+01  5.37701E+00  3.10237E-02
  1.92000E+01  5.38077E+00  3.09368E-02
  1.93000E+01  5.38452E+00  3.08502E-02
  1.94000E+01  5.38826E+00  3.07639E-02
  1.95000E+01  5.39200E+00  3.06779E-02
  1.96000E+01  5.39573E+00  3.05922E-02
  1.97000E+01  5.39945E+00  3.05068E-02
  1.98000E+01  5.40317E+00  3.04217E-02
  1.99000E+01  5.40688E+00  3.03368E-02
  2.00000E+01  5.41059E+00  3.02522E-02
  2.01000E+01  5.41429E+00  3.01680E-02
  2.02000E+01  5.41798E+00  3.00841E-02
  2.03000E+01  5.42167E+00  3.00004E-02
  2.04000E+01  5.42535E+00  2.99170E-02
  2.05000E+01  5.42903E+00  2.98339E-02
  2.06000E+01  5.43270E+00  2.97510E-02
  2.07000E+01  5.43636E+00  2.96684E-02
  2.08000E+01  5.44002E+00  2.95861E-02
  2.09000E+01  5.44367E+00  2.95041E-02
  2.10000E+01  5.44731E+00  2.94224E-02
  2.11000E+01  5.45095E+00  2.93409E-02
  2.12000E+01  5.45458E+00  2.92597E-02
  2.13000E+01  5.45821E+00  2.91787E-02
  2.14000E+01  5.46183E+00  2.90981E-02
  2.15000E+01  5.46545E+00  2.90177E-02
  2.16000E+01  5.46906E+00  2.89376E-02
  2.17000E+01  5.47266E+00  2.88577E-02
  2.18000E+01  5.47626E+00  2.87781E-02
  2.19000E+01  5.47985E+00  2.86987E-02
  2.20000E+01  5.48344E+00  2.86196E-02
  2.21000E+01  5.48702E+00  2.85407E-02
  2.22000E+01  5.49060E+00  2.84621E-02
  2.23000E+01  5.49417E+00  2.83838E-02
  2.24000E+01  5.49773E+00  2.83057E-02
  2.25000E+01  5.50129E+00  2.82279E-02
  2.26000E+01  5.50484E+00  2.81503E-02
  2.27000E+01  5.50839E+00  2.80729E-02
  2.28000E+01  5.51193E+00  2.79958E-02
  2.29000E+01  5.51547E+00  2.79190E-02
  2.30000E+01  5.51900E+00  2.78423E-02
  2.31000E+01  5.52252E+00  2.77659E-02
  2.32000E+01  5.52604E+00  2.76898E-02
  2.33000E+01  5.52956E+00  2.76139E-02
  2.34000E+01  5.53306E+00  2.75382E-02
  2.35000E+01  5.53657E+00  2.74628E-02
  2.36000E+01  5.54007E+00  2.73876E-02
  2.37000E+01  5.54356E+00  2.73127E-02
  2.38000E+01  5.54704E+00  2.72379E-02
  2.39000E+01  5.55053E+00  2.71634E-02
  2.40000E+01  5.55400E+00  2.70891E-02
  2.41000E+01  5.55747E+00  2.70152E-02
  2.42000E+01  5.56094E+00  2.69413E-02
  2.43000E+01  5.56440E+00  2.68677E-02
  2.44000E+01  5.56786E+00  2.67943E-02
  2.45000E+01  5.57131E+00  2.67212E-02
  2.46000E+01  5.57475E+00  2.66483E-02
  2.47000E+01  5.57819E+00  2.65756E-02
  2.48000E+01  5.58163E+00  2.65031E-02
  2.49000E+01  5.58506E+00  2.64309E-02
  2.50000E+01  5.58848E+00  2.63588E-02
  2.51000E+01  5.59190E+00  2.62870E-02
  2.52000E+01  5.59531E+00  2.62154E-02
  2.53000E+01  5.59872E+00  2.61440E-02
  2.54000E+01  5.60213E+00  2.60728E-02
  2.55000E+01  5.60553E+00  2.60018E-02
  2.56000E+01  5.60892E+00  2.59311E-02
  2.57000E+01  5.61231E+00  2.58605E-02
  2.58000E+01  5.61569E+00  2.57901E-02
  2.59000E+01  5.61907E+00  2.57200E-02
  2.60000E+01  5.62245E+00  2.56501E-02
  2.61000E+01  5.62582E+00  2.55803E-02
  2.62000E+01  5.62918E+00  2.55108E-02
  2.63000E+01  5.63254E+00  2.54415E-02
  2.64000E+01  5.63590E+00  2.53724E-02
  2.65000E+01  5.63925E+00  2.53034E-02
  2.66000E+01  5.64259E+00  2.52347E-02
  2.67000E+01  5.64593E+00  2.51662E-02
  2.68000E+01  5.64927E+00  2.50979E-02
  2.69000E+01  5.65260E+00  2.50298E-02
  2.70000E+01  5.65592E+00  2.49618E-02
  2.71000E+01  5.65924E+00  2.48941E-02
  2.72000E+01  5.66256E+00  2.48266E-02
  2.73000E+01  5.66587E+00  2.47592E-02
  2.74000E+01  5.66918E+00  2.46921E-02
  2.75000E+01  5.67248E+00  2.46251E-02
  2.76000E+01  5.67578E+00  2.45583E-02
  2.77000E+01  5.67907E+00  2.44918E-02
  2.78000E+01  5.68236E+00  2.44254E-02
  2.79000E+01  5.68564E+00  2.43591E-02
  2.80000E+01  5.68892E+00  2.42931E-02
  2.81000E+01  5.69219E+00  2.42273E-02
  2.82000E+01  5.69546E+00  2.41617E-02
  2.83000E+01  5.69873E+00  2.40962E-02
  2.84000E+01  5.70199E+00  2.40309E-02
  2.85000E+01  5.70525E+00  2.39658E-02
  2.86000E+01  5.70850E+00  2.39009E-02
  2.87000E+01  5.71174E+00  2.38361E-02
  2.88000E+01  5.71499E+00  2.37716E-02
  2.89000E+01  5.71822E+00  2.37072E-02
  2.90000E+01  5.72146E+00  2.36430E-02
  2.91000E+01  5.72469E+00  2.35790E-02
  2.92000E+01  5.72791E+00  2.35151E-02
  2.93000E+01  5.73113E+00  2.34514E-02
  2.94000E+01  5.73435E+00  2.33879E-02
  2.95000E+01  5.73756E+00  2.33246E-02
  2.96000E+01  5.74077E+00  2.32615E-02
  2.97000E+01  5.74397E+00  2.31985E-02
  2.98000E+01  5.74717E+00  2.31356E-02
  2.99000E+01  5.75036E+00  2.30731E-02
  3.00000E+01  5.75355E+00  2.30106E-02
  3.01000E+01  5.75674E+00  2.29483E-02
  3.02000E+01  5.75992E+00  2.28861E-02
  3.03000E+01  5.76309E+00  2.28242E-02
  3.04000E+01  5.76627E+00  2.27624E-02
  3.05000E+01  5.76943E+00  2.27007E-02
  3.06000E+01  5.77260E+00  2.26393E-02
  3.07000E+01  5.77576E+00  2.25780E-02
  3.08000E+01  5.77891E+00  2.25169E-02
  3.09000E+01  5.78207E+00  2.24559E-02
  3.10000E+01  5.78521E+00  2.23951E-02
  3.11000E+01  5.78836E+00  2.23345E-02
  3.12000E+01  5.79149E+00  2.22740E-02
  3.13000E+01  5.79463E+00  2.22137E-02
  3.14000E+01  5.79776E+00  2.21535E-02
  3.15000E+01  5.80089E+00  2.20935E-02
  3.16000E+01  5.80401E+00  2.20336E-02
  3.17000E+01  5.80713E+00  2.19740E-02
  3.18000E+01  5.81024E+00  2.19144E-02
  3.19000E+01  5.81335E+00  2.18550E-02
  3.20000E+01  5.81646E+00  2.17958E-02
  3.21000E+01  5.81956E+00  2.17368E-02
  3.22000E+01  5.82266E+00  2.16779E-02
  3.23000E+01  5.82575E+00  2.16191E-02
  3.24000E+01  5.82884E+00  2.15605E-02
  3.25000E+01  5.83193E+00  2.15020E-02
  3.26000E+01  5.83501E+00  2.14438E-02
  3.27000E+01  5.83809E+00  2.13856E-02
  3.28000E+01  5.84116E+00  2.13276E-02
  3.29000E+01  5.84423E+00  2.12698E-02
  3.30000E+01  5.84730E+00  2.12121E-02
  3.31000E+01  5.85036E+00  2.11546E-02
  3.32000E+01  5.85342E+00  2.10972E-02
  3.33000E+01  5.85647E+00  2.10399E-02
  3.34000E+01  5.85952E+00  2.09828E-02
  3.35000E+01  5.86257E+00  2.09258E-02
  3.36000E+01  5.86561E+00  2.08690E-02
  3.37000E+01  5.86865E+00  2.08124E-02
  3.38000E+01  5.87169E+00  2.07559E-02
  3.39000E+01  5.87472E+00  2.06995E-02
  3.40000E+01  5.87775E+00  2.06433E-02
  3.41000E+01  5.88077E+00  2.05872E-02
  3.42000E+01  5.88379E+00  2.05313E-02
  3.43000E+01  5.88681E+00  2.04755E-02
  3.44000E+01  5.88982E+00  2.04198E-02
  3.45000E+01  5.89283E+00  2.03643E-02
  3.46000E+01  5.89583E+00  2.03090E-02
  3.47000E+01  5.89883E+00  2.02537E-02
  3.48000E+01  5.90183E+00  2.01986E-02
  3.49000E+01  5.90483E+00  2.01437E-02
  3.50000E+01  5.90782E+00  2.00888E-02
  3.51000E+01  5.91080E+00  2.00341E-02
  3.52000E+01  5.91379E+00  1.99796E-02
  3.53000E+01  5.91676E+00  1.99252E-02
  3.54000E+01  5.91974E+00  1.98710E-02
  3.55000E+01  5.92271E+00  1.98168E-02
  3.56000E+01  5.92568E+00  1.97628E-02
  3.57000E+01  5.92864E+00  1.97090E-02
  3.58000E+01  5.93160E+00  1.96552E-02
  3.59000E+01  5.93456E+00  1.96017E-02
  3.60000E+01  5.93752E+00  1.95483E-02
  3.61000E+01  5.94047E+00  1.94949E-02
  3.62000E+01  5.94341E+00  1.94417E-02
  3.63000E+01  5.94636E+00  1.93887E-02
  3.64000E+01  5.94929E+00  1.93357E-02
  3.65000E+01  5.95223E+00  1.92829E-02
  3.66000E+01  5.95516E+00  1.92302E-02
  3.67000E+01  5.95809E+00  1.91778E-02
  3.68000E+01  5.96102E+00  1.91254E-02
  3.69000E+01  5.96394E+00  1.90731E-02
  3.70000E+01  5.96686E+00  1.90209E-02
  3.71000E+01  5.96977E+00  1.89689E-02
  3.72000E+01  5.97268E+00  1.89171E-02
  3.73000E+01  5.97559E+00  1.88653E-02
  3.74000E+01  5.97850E+00  1.88136E-02
  3.75000E+01  5.98140E+00  1.87621E-02
  3.76000E+01  5.98429E+00  1.87108E-02
  3.77000E+01  5.98719E+00  1.86596E-02
  3.78000E+01  5.99008E+00  1.86084E-02
  3.79000E+01  5.99297E+00  1.85574E-02
  3.80000E+01  5.99585E+00  1.85066E-02
  3.81000E+01  5.99873E+00  1.84558E-02
  3.82000E+01  6.00161E+00  1.84052E-02
  3.83000E+01  6.00448E+00  1.83547E-02
  3.84000E+01  6.00735E+00  1.83044E-02
  3.85000E+01  6.01022E+00  1.82541E-02
  3.86000E+01  6.01308E+00  1.82039E-02
  3.87000E+01  6.01594E+00  1.81540E-02
  3.88000E+01  6.01880E+00  1.81041E-02
  3.89000E+01  6.02165E+00  1.80543E-02
  3.90000E+01  6.02450E+00  1.80047E-02
  3.91000E+01  6.02735E+00  1.79552E-02
  3.92000E+01  6.03020E+00  1.79058E-02
  3.93000E+01  6.03304E+00  1.78565E-02
  3.94000E+01  6.03587E+00  1.78074E-02
  3.95000E+01  6.03871E+00  1.77583E-02
  3.96000E+01  6.04154E+00  1.77093E-02
  3.97000E+01  6.04437E+00  1.76606E-02
  3.98000E+01  6.04719E+00  1.76120E-02
  3.99000E+01  6.05001E+00  1.75634E-02
  4.00000E+01  6.05283E+00  1.75149E-02
  4.01000E+01  6.05565E+00  1.74667E-02
  4.02000E+01  6.05846E+00  1.74184E-02
  4.03000E+01  6.06127E+00  1.73703E-02
  4.04000E+01  6.06407E+00  1.73224E-02
  4.05000E+01  6.06687E+00  1.72745E-02
  4.06000E+01  6.06967E+00  1.72268E-02
  4.07000E+01  6.07247E+00  1.71792E-02
  4.08000E+01  6.07526E+00  1.71317E-02
  4.09000E+01  6.07805E+00  1.70843E-02
  4.10000E+01  6.08084E+00  1.70369E-02
  4.11000E+01  6.08362E+00  1.69899E-02
  4.12000E+01  6.08640E+00  1.69429E-02
  4.13000E+01  6.08918E+00  1.68958E-02
  4.14000E+01  6.09195E+00  1.68490E-02
  4.15000E+01  6.09472E+00  1.68024E-02
  4.16000E+01  6.09749E+00  1.67558E-02
  4.17000E+01  6.10025E+00  1.67093E-02
  4.18000E+01  6.10301E+00  1.66630E-02
  4.19000E+01  6.10577E+00  1.66167E-02
  4.20000E+01  6.10853E+00  1.65705E-02
  4.21000E+01  6.11128E+00  1.65245E-02
  4.22000E+01  6.11403E+00  1.64786E-02
  4.23000E+01  6.11678E+00  1.64328E-02
  4.24000E+01  6.11952E+00  1.63871E-02
  4.25000E+01  6.12226E+00  1.63415E-02
  4.26000E+01  6.12500E+00  1.62961E-02
  4.27000E+01  6.12773E+00  1.62507E-02
  4.28000E+01  6.13046E+00  1.62055E-02
  4.29000E+01  6.13319E+00  1.61603E-02
  4.30000E+01  6.13592E+00  1.61153E-02
  4.31000E+01  6.13864E+00  1.60704E-02
  4.32000E+01  6.14136E+00  1.60255E-02
  4.33000E+01  6.14408E+00  1.59809E-02
  4.34000E+01  6.14679E+00  1.59363E-02
  4.35000E+01  6.14950E+00  1.58918E-02
  4.36000E+01  6.15221E+00  1.58475E-02
  4.37000E+01  6.15492E+00  1.58032E-02
  4.38000E+01  6.15762E+00  1.57590E-02
  4.39000E+01  6.16032E+00  1.57150E-02
  4.40000E+01  6.16301E+00  1.56711E-02
  4.41000E+01  6.16571E+00  1.56272E-02
  4.42000E+01  6.16840E+00  1.55835E-02
  4.43000E+01  6.17108E+00  1.55399E-02
  4.44000E+01  6.17377E+00  1.54963E-02
  4.45000E+01  6.17645E+00  1.54530E-02
  4.46000E+01  6.17913E+00  1.54097E-02
  4.47000E+01  6.18181E+00  1.53664E-02
  4.48000E+01  6.18448E+00  1.53234E-02
  4.49000E+01  6.18715E+00  1.52804E-02
  4.50000E+01  6.18982E+00  1.52376E-02
  4.51000E+01  6.19248E+00  1.51947E-02
  4.52000E+01  6.19515E+00  1.51521E-02
  4.53000E+01  6.19781E+00  1.51096E-02
  4.54000E+01  6.20046E+00  1.50671E-02
  4.55000E+01  6.20312E+00  1.50247E-02
  4.56000E+01  6.20577E+00  1.49825E-02
  4.57000E+01  6.20841E+00  1.49404E-02
  4.58000E+01  6.21106E+00  1.48983E-02
  4.59000E+01  6.21370E+00  1.48564E-02
  4.60000E+01  6.21634E+00  1.48146E-02
  4.61000E+01  6.21898E+00  1.47728E-02
  4.62000E+01  6.22162E+00  1.47312E-02
  4.63000E+01  6.22425E+00  1.46897E-02
  4.64000E+01  6.22688E+00  1.46483E-02
  4.65000E+01  6.22950E+00  1.46071E-02
  4.66000E+01  6.23213E+00  1.45658E-02
  4.67000E+01  6.23475E+00  1.45247E-02
  4.68000E+01  6.23737E+00  1.44837E-02
  4.69000E+01  6.23998E+00  1.44428E-02
  4.70000E+01  6.24259E+00  1.44021E-02
  4.71000E+01  6.24520E+00  1.43613E-02
  4.72000E+01  6.24781E+00  1.43208E-02
  4.73000E+01  6.25042E+00  1.42803E-02
  4.74000E+01  6.25302E+00  1.42399E-02
  4.75000E+01  6.25562E+00  1.41997E-02
  4.76000E+01  6.25822E+00  1.41595E-02
  4.77000E+01  6.26081E+00  1.41193E-02
  4.78000E+01  6.26340E+00  1.40794E-02
  4.79000E+01  6.26599E+00  1.40396E-02
  4.80000E+01  6.26858E+00  1.39998E-02
  4.81000E+01  6.27116E+00  1.39601E-02
  4.82000E+01  6.27374E+00  1.39206E-02
  4.83000E+01  6.27632E+00  1.38811E-02
  4.84000E+01  6.27890E+00  1.38417E-02
  4.85000E+01  6.28147E+00  1.38025E-02
  4.86000E+01  6.28404E+00  1.37632E-02
  4.87000E+01  6.28661E+00  1.37242E-02
  4.88000E+01  6.28917E+00  1.36853E-02
  4.89000E+01  6.29174E+00  1.36464E-02
  4.90000E+01  6.29430E+00  1.36077E-02
  4.91000E+01  6.29686E+00  1.35690E-02
  4.92000E+01  6.29941E+00  1.35305E-02
  4.93000E+01  6.30197E+00  1.34920E-02
  4.94000E+01  6.30452E+00  1.34537E-02
  4.95000E+01  6.30706E+00  1.34154E-02
  4.96000E+01  6.30961E+00  1.33772E-02
  4.97000E+01  6.31215E+00  1.33392E-02
  4.98000E+01  6.31469E+00  1.33012E-02
  4.99000E+01  6.31723E+00  1.32634E-02
  5.00000E+01  6.31977E+00  1.32256E-02
  5.01000E+01  6.32230E+00  1.31880E-02
  5.02000E+01  6.32483E+00  1.31504E-02
  5.03000E+01  6.32736E+00  1.31130E-02
  5.04000E+01  6.32988E+00  1.30756E-02
  5.05000E+01  6.33241E+00  1.30383E-02
  5.06000E+01  6.33493E+00  1.30012E-02
  5.07000E+01  6.33744E+00  1.29642E-02
  5.08000E+01  6.33996E+00  1.29272E-02
  5.09000E+01  6.34247E+00  1.28904E-02
  5.10000E+01  6.34498E+00  1.28536E-02
  5.11000E+01  6.34749E+00  1.28170E-02
  5.12000E+01  6.35000E+00  1.27804E-02
  5.13000E+01  6.35250E+00  1.27440E-02
  5.14000E+01  6.35500E+00  1.27077E-02
  5.15000E+01  6.35750E+00  1.26714E-02
  5.16000E+01  6.36000E+00  1.26352E-02
  5.17000E+01  6.36249E+00  1.25991E-02
  5.18000E+01  6.36498E+00  1.25632E-02
  5.19000E+01  6.36747E+00  1.25274E-02
  5.20000E+01  6.36996E+00  1.24916E-02
  5.21000E+01  6.37244E+00  1.24560E-02
  5.22000E+01  6.37492E+00  1.24205E-02
  5.23000E+01  6.37740E+00  1.23849E-02
  5.24000E+01  6.37988E+00  1.23496E-02
  5.25000E+01  6.38236E+00  1.23143E-02
  5.26000E+01  6.38483E+00  1.22792E-02
  5.27000E+01  6.38730E+00  1.22442E-02
  5.28000E+01  6.38977E+00  1.22092E-02
  5.29000E+01  6.39223E+00  1.21744E-02
  5.30000E+01  6.39469E+00  1.21396E-02
  5.31000E+01  6.39716E+00  1.21049E-02
  5.32000E+01  6.39961E+00  1.20704E-02
  5.33000E+01  6.40207E+00  1.20360E-02
  5.34000E+01  6.40452E+00  1.20016E-02
  5.35000E+01  6.40698E+00  1.19673E-02
  5.36000E+01  6.40943E+00  1.19332E-02
  5.37000E+01  6.41187E+00  1.18992E-02
  5.38000E+01  6.41432E+00  1.18651E-02
  5.39000E+01  6.41676E+00  1.18313E-02
  5.40000E+01  6.41920E+00  1.17976E-02
  5.41000E+01  6.42164E+00  1.17639E-02
  5.42000E+01  6.42407E+00  1.17304E-02
  5.43000E+01  6.42651E+00  1.16970E-02
  5.44000E+01  6.42894E+00  1.16635E-02
  5.45000E+01  6.43137E+00  1.16304E-02
  5.46000E+01  6.43379E+00  1.15972E-02
  5.47000E+01  6.43622E+00  1.15641E-02
  5.48000E+01  6.43864E+00  1.15312E-02
  5.49000E+01  6.44106E+00  1.14984E-02
  5.50000E+01  6.44348E+00  1.14656E-02
  5.51000E+01  6.44589E+00  1.14330E-02
  5.52000E+01  6.44830E+00  1.14004E-02
  5.53000E+01  6.45072E+00  1.13681E-02
  5.54000E+01  6.45312E+00  1.13357E-02
  5.55000E+01  6.45553E+00  1.13034E-02
  5.56000E+01  6.45794E+00  1.12713E-02
  5.57000E+01  6.46034E+00  1.12393E-02
  5.58000E+01  6.46274E+00  1.12074E-02
  5.59000E+01  6.46514E+00  1.11755E-02
  5.60000E+01  6.46753E+00  1.11439E-02
  5.61000E+01  6.46992E+00  1.11122E-02
  5.62000E+01  6.47232E+00  1.10807E-02
  5.63000E+01  6.47470E+00  1.10493E-02
  5.64000E+01  6.47709E+00  1.10179E-02
  5.65000E+01  6.47948E+00  1.09867E-02
  5.66000E+01  6.48186E+00  1.09556E-02
  5.67000E+01  6.48424E+00  1.09246E-02
  5.68000E+01  6.48662E+00  1.08938E-02
  5.69000E+01  6.48899E+00  1.08630E-02
  5.70000E+01  6.49137E+00  1.08322E-02
  5.71000E+01  6.49374E+00  1.08016E-02
  5.72000E+01  6.49611E+00  1.07712E-02
  5.73000E+01  6.49848E+00  1.07408E-02
  5.74000E+01  6.50084E+00  1.07105E-02
  5.75000E+01  6.50321E+00  1.06803E-02
  5.76000E+01  6.50557E+00  1.06502E-02
  5.77000E+01  6.50793E+00  1.06203E-02
  5.78000E+01  6.51028E+00  1.05904E-02
  5.79000E+01  6.51264E+00  1.05607E-02
  5.80000E+01  6.51499E+00  1.05310E-02
  5.81000E+01  6.51734E+00  1.05016E-02
  5.82000E+01  6.51969E+00  1.04720E-02
  5.83000E+01  6.52204E+00  1.04427E-02
  5.84000E+01  6.52438E+00  1.04135E-02
  5.85000E+01  6.52673E+00  1.03843E-02
  5.86000E+01  6.52907E+00  1.03553E-02
  5.87000E+01  6.53140E+00  1.03264E-02
  5.88000E+01  6.53374E+00  1.02976E-02
  5.89000E+01  6.53607E+00  1.02689E-02
  5.90000E+01  6.53841E+00  1.02403E-02
  5.91000E+01  6.54074E+00  1.02118E-02
  5.92000E+01  6.54307E+00  1.01834E-02
  5.93000E+01  6.54539E+00  1.01552E-02
  5.94000E+01  6.54772E+00  1.01271E-02
  5.95000E+01  6.55004E+00  1.00990E-02
  5.96000E+01  6.55236E+00  1.00710E-02
  5.97000E+01  6.55468E+00  1.00431E-02
  5.98000E+01  6.55699E+00  1.00154E-02
  5.99000E+01  6.55931E+00  9.98789E-03
  6.00000E+01  6.56162E+00  9.96036E-03
  6.01000E+01  6.56393E+00  9.93291E-03
  6.02000E+01  6.56624E+00  9.90565E-03
  6.03000E+01  6.56854E+00  9.87849E-03
  6.04000E+01  6.57085E+00  9.85136E-03
  6.05000E+01  6.57315E+00  9.82443E-03
  6.06000E+01  6.57545E+00  9.79758E-03
  6.07000E+01  6.57775E+00  9.77077E-03
  6.08000E+01  6.58004E+00  9.74415E-03
  6.09000E+01  6.58234E+00  9.71764E-03
  6.10000E+01  6.58463E+00  9.69126E-03
  6.11000E+01  6.58692E+00  9.66497E-03
  6.12000E+01  6.58921E+00  9.63874E-03
  6.13000E+01  6.59149E+00  9.61265E-03
  6.14000E+01  6.59378E+00  9.58665E-03
  6.15000E+01  6.59606E+00  9.56083E-03
  6.16000E+01  6.59834E+00  9.53513E-03
  6.17000E+01  6.60062E+00  9.50944E-03
  6.18000E+01  6.60290E+00  9.48399E-03
  6.19000E+01  6.60517E+00  9.45855E-03
  6.20000E+01  6.60744E+00  9.43321E-03
  6.21000E+01  6.60972E+00  9.40809E-03
  6.22000E+01  6.61198E+00  9.38302E-03
  6.23000E+01  6.61425E+00  9.35808E-03
  6.24000E+01  6.61652E+00  9.33323E-03
  6.25000E+01  6.61878E+00  9.30852E-03
  6.26000E+01  6.62104E+00  9.28396E-03
  6.27000E+01  6.62330E+00  9.25944E-03
  6.28000E+01  6.62556E+00  9.23505E-03
  6.29000E+01  6.62781E+00  9.21084E-03
  6.30000E+01  6.63007E+00  9.18668E-03
  6.31000E+01  6.63232E+00  9.16260E-03
  6.32000E+01  6.63457E+00  9.13871E-03
  6.33000E+01  6.63682E+00  9.11494E-03
  6.34000E+01  6.63906E+00  9.09126E-03
  6.35000E+01  6.64131E+00  9.06772E-03
  6.36000E+01  6.64355E+00  9.04424E-03
  6.37000E+01  6.64579E+00  9.02093E-03
  6.38000E+01  6.64803E+00  8.99778E-03
  6.39000E+01  6.65027E+00  8.97468E-03
  6.40000E+01  6.65250E+00  8.95170E-03
  6.41000E+01  6.65474E+00  8.92890E-03
  6.42000E+01  6.65697E+00  8.90617E-03
  6.43000E+01  6.65920E+00  8.88352E-03
  6.44000E+01  6.66142E+00  8.86098E-03
  6.45000E+01  6.66365E+00  8.83863E-03
  6.46000E+01  6.66587E+00  8.81645E-03
  6.47000E+01  6.66810E+00  8.79430E-03
  6.48000E+01  6.67032E+00  8.77230E-03
  6.49000E+01  6.67254E+00  8.75043E-03
  6.50000E+01  6.67475E+00  8.72869E-03
  6.51000E+01  6.67697E+00  8.70706E-03
  6.52000E+01  6.67918E+00  8.68551E-03
  6.53000E+01  6.68139E+00  8.66409E-03
  6.54000E+01  6.68360E+00  8.64281E-03
  6.55000E+01  6.68581E+00  8.62171E-03
  6.56000E+01  6.68802E+00  8.60075E-03
  6.57000E+01  6.69022E+00  8.57984E-03
  6.58000E+01  6.69242E+00  8.55899E-03
  6.59000E+01  6.69462E+00  8.53838E-03
  6.60000E+01  6.69682E+00  8.51791E-03
  6.61000E+01  6.69902E+00  8.49744E-03
  6.62000E+01  6.70121E+00  8.47716E-03
  6.63000E+01  6.70341E+00  8.45708E-03
  6.64000E+01  6.70560E+00  8.43705E-03
  6.65000E+01  6.70779E+00  8.41706E-03
  6.66000E+01  6.70998E+00  8.39733E-03
  6.67000E+01  6.71216E+00  8.37778E-03
  6.68000E+01  6.71435E+00  8.35827E-03
  6.69000E+01  6.71653E+00  8.33888E-03
  6.70000E+01  6.71871E+00  8.31958E-03
  6.71000E+01  6.72089E+00  8.30041E-03
  6.72000E+01  6.72307E+00  8.28141E-03
  6.73000E+01  6.72525E+00  8.26257E-03
  6.74000E+01  6.72742E+00  8.24385E-03
  6.75000E+01  6.72959E+00  8.22526E-03
  6.76000E+01  6.73176E+00  8.20676E-03
  6.77000E+01  6.73393E+00  8.18841E-03
  6.78000E+01  6.73610E+00  8.17019E-03
  6.79000E+01  6.73827E+00  8.15204E-03
  6.80000E+01  6.74043E+00  8.13412E-03
  6.81000E+01  6.74259E+00  8.11632E-03
  6.82000E+01  6.74475E+00  8.09863E-03
  6.83000E+01  6.74691E+00  8.08105E-03
  6.84000E+01  6.74907E+00  8.06361E-03
  6.85000E+01  6.75122E+00  8.04634E-03
  6.86000E+01  6.75338E+00  8.02918E-03
  6.87000E+01  6.75553E+00  8.01210E-03
  6.88000E+01  6.75768E+00  7.99521E-03
  6.89000E+01  6.75983E+00  7.97852E-03
  6.90000E+01  6.76198E+00  7.96182E-03
  6.91000E+01  6.76412E+00  7.94532E-03
  6.92000E+01  6.76626E+00  7.92898E-03
  6.93000E+01  6.76841E+00  7.91274E-03
  6.94000E+01  6.77055E+00  7.89665E-03
  6.95000E+01  6.77269E+00  7.88068E-03
  6.96000E+01  6.77482E+00  7.86489E-03
  6.97000E+01  6.77696E+00  7.84922E-03
  6.98000E+01  6.77909E+00  7.83364E-03
  6.99000E+01  6.78122E+00  7.81824E-03
  7.00000E+01  6.78335E+00  7.80298E-03
  7.01000E+01  6.78548E+00  7.78785E-03
  7.02000E+01  6.78761E+00  7.77283E-03
  7.03000E+01  6.78973E+00  7.75792E-03
  7.04000E+01  6.79186E+00  7.74324E-03
  7.05000E+01  6.79398E+00  7.72867E-03
  7.06000E+01  6.79610E+00  7.71420E-03
  7.07000E+01  6.79822E+00  7.69988E-03
  7.08000E+01  6.80034E+00  7.68571E-03
  7.09000E+01  6.80245E+00  7.67171E-03
  7.10000E+01  6.80457E+00  7.65777E-03
  7.11000E+01  6.80668E+00  7.64403E-03
  7.12000E+01  6.80879E+00  7.63045E-03
  7.13000E+01  6.81090E+00  7.61696E-03
  7.14000E+01  6.81301E+00  7.60361E-03
  7.15000E+01  6.81511E+00  7.59045E-03
  7.16000E+01  6.81722E+00  7.57741E-03
  7.17000E+01  6.81932E+00  7.56447E-03
  7.18000E+01  6.82142E+00  7.55169E-03
  7.19000E+01  6.82352E+00  7.53912E-03
  7.20000E+01  6.82562E+00  7.52661E-03
  7.21000E+01  6.82771E+00  7.51421E-03
  7.22000E+01  6.82981E+00  7.50202E-03
  7.23000E+01  6.83190E+00  7.48999E-03
  7.24000E+01  6.83399E+00  7.47806E-03
  7.25000E+01  6.83608E+00  7.46629E-03
  7.26000E+01  6.83817E+00  7.45465E-03
  7.27000E+01  6.84026E+00  7.44316E-03
  7.28000E+01  6.84234E+00  7.43184E-03
  7.29000E+01  6.84443E+00  7.42060E-03
  7.30000E+01  6.84651E+00  7.40957E-03
  7.31000E+01  6.84859E+00  7.39866E-03
  7.32000E+01  6.85067E+00  7.38787E-03
  7.33000E+01  6.85275E+00  7.37726E-03
  7.34000E+01  6.85482E+00  7.36670E-03
  7.35000E+01  6.85690E+00  7.35636E-03
  7.36000E+01  6.85897E+00  7.34621E-03
  7.37000E+01  6.86104E+00  7.33617E-03
  7.38000E+01  6.86311E+00  7.32625E-03
  7.39000E+01  6.86518E+00  7.31644E-03
  7.40000E+01  6.86725E+00  7.30684E-03
  7.41000E+01  6.86931E+00  7.29734E-03
  7.42000E+01  6.87138E+00  7.28803E-03
  7.43000E+01  6.87344E+00  7.27886E-03
  7.44000E+01  6.87550E+00  7.26977E-03
  7.45000E+01  6.87756E+00  7.26090E-03
  7.46000E+01  6.87962E+00  7.25216E-03
  7.47000E+01  6.88167E+00  7.24355E-03
  7.48000E+01  6.88373E+00  7.23507E-03
  7.49000E+01  6.88578E+00  7.22677E-03
  7.50000E+01  6.88783E+00  7.21857E-03
  7.51000E+01  6.88988E+00  7.21054E-03
  7.52000E+01  6.89193E+00  7.20269E-03
  7.53000E+01  6.89398E+00  7.19492E-03
  7.54000E+01  6.89602E+00  7.18732E-03
  7.55000E+01  6.89806E+00  7.17987E-03
  7.56000E+01  6.90011E+00  7.17258E-03
  7.57000E+01  6.90215E+00  7.16543E-03
  7.58000E+01  6.90419E+00  7.15840E-03
  7.59000E+01  6.90623E+00  7.15153E-03
  7.60000E+01  6.90826E+00  7.14483E-03
  7.61000E+01  6.91030E+00  7.13824E-03
  7.62000E+01  6.91233E+00  7.13181E-03
  7.63000E+01  6.91436E+00  7.12552E-03
  7.64000E+01  6.91639E+00  7.11936E-03
  7.65000E+01  6.91842E+00  7.11341E-03
  7.66000E+01  6.92045E+00  7.10751E-03
  7.67000E+01  6.92248E+00  7.10178E-03
  7.68000E+01  6.92450E+00  7.09626E-03
  7.69000E+01  6.92652E+00  7.09081E-03
  7.70000E+01  6.92855E+00  7.08552E-03
  7.71000E+01  6.93057E+00  7.08042E-03
  7.72000E+01  6.93259E+00  7.07542E-03
  7.73000E+01  6.93460E+00  7.07055E-03
  7.74000E+01  6.93662E+00  7.06587E-03
  7.75000E+01  6.93863E+00  7.06132E-03
  7.76000E+01  6.94065E+00  7.05690E-03
  7.77000E+01  6.94266E+00  7.05263E-03
  7.78000E+01  6.94467E+00  7.04849E-03
  7.79000E+01  6.94668E+00  7.04450E-03
  7.80000E+01  6.94868E+00  7.04069E-03
  7.81000E+01  6.95069E+00  7.03698E-03
  7.82000E+01  6.95269E+00  7.03339E-03
  7.83000E+01  6.95470E+00  7.02999E-03
  7.84000E+01  6.95670E+00  7.02672E-03
  7.85000E+01  6.95870E+00  7.02359E-03
  7.86000E+01  6.96070E+00  7.02060E-03
  7.87000E+01  6.96270E+00  7.01773E-03
  7.88000E+01  6.96469E+00  7.01504E-03
  7.89000E+01  6.96669E+00  7.01249E-03
  7.90000E+01  6.96868E+00  7.01006E-03
  7.91000E+01  6.97067E+00  7.00773E-03
  7.92000E+01  6.97266E+00  7.00560E-03
  7.93000E+01  6.97465E+00  7.00362E-03
  7.94000E+01  6.97664E+00  7.00173E-03
  7.95000E+01  6.97862E+00  7.00001E-03
  7.96000E+01  6.98061E+00  6.99842E-03
  7.97000E+01  6.98259E+00  6.99694E-03
  7.98000E+01  6.98457E+00  6.99566E-03
  7.99000E+01  6.98655E+00  6.99450E-03
  8.00000E+01  6.98853E+00  6.99343E-03
  8.01000E+01  6.99051E+00  6.99253E-03
  8.02000E+01  6.99249E+00  6.99179E-03
  8.03000E+01  6.99446E+00  6.99116E-03
  8.04000E+01  6.99644E+00  6.99066E-03
  8.05000E+01  6.99841E+00  6.99031E-03
  8.06000E+01  7.00038E+00  6.99009E-03
  8.07000E+01  7.00235E+00  6.98999E-03
  8.08000E+01  7.00432E+00  6.99004E-03
  8.09000E+01  7.00628E+00  6.99025E-03
  8.10000E+01  7.00825E+00  6.99056E-03
  8.11000E+01  7.01021E+00  6.99101E-03
  8.12000E+01  7.01218E+00  6.99160E-03
  8.13000E+01  7.01414E+00  6.99232E-03
  8.14000E+01  7.01610E+00  6.99318E-03
  8.15000E+01  7.01806E+00  6.99414E-03
  8.16000E+01  7.02001E+00  6.99526E-03
  8.17000E+01  7.02197E+00  6.99652E-03
  8.18000E+01  7.02392E+00  6.99790E-03
  8.19000E+01  7.02588E+00  6.99938E-03
  8.20000E+01  7.02783E+00  7.00102E-03
  8.21000E+01  7.02978E+00  7.00281E-03
  8.22000E+01  7.03173E+00  7.00469E-03
  8.23000E+01  7.03368E+00  7.00671E-03
  8.24000E+01  7.03562E+00  7.00886E-03
  8.25000E+01  7.03757E+00  7.01115E-03
  8.26000E+01  7.03951E+00  7.01354E-03
  8.27000E+01  7.04145E+00  7.01607E-03
  8.28000E+01  7.04340E+00  7.01874E-03
  8.29000E+01  7.04534E+00  7.02152E-03
  8.30000E+01  7.04727E+00  7.02443E-03
  8.31000E+01  7.04921E+00  7.02747E-03
  8.32000E+01  7.05115E+00  7.03062E-03
  8.33000E+01  7.05308E+00  7.03390E-03
  8.34000E+01  7.05501E+00  7.03730E-03
  8.35000E+01  7.05695E+00  7.04084E-03
  8.36000E+01  7.05888E+00  7.04449E-03
  8.37000E+01  7.06081E+00  7.04824E-03
  8.38000E+01  7.06273E+00  7.05214E-03
  8.39000E+01  7.06466E+00  7.05616E-03
  8.40000E+01  7.06659E+00  7.06028E-03
  8.41000E+01  7.06851E+00  7.06453E-03
  8.42000E+01  7.07043E+00  7.06890E-03
  8.43000E+01  7.07236E+00  7.07338E-03
  8.44000E+01  7.07428E+00  7.07799E-03
  8.45000E+01  7.07619E+00  7.08272E-03
  8.46000E+01  7.07811E+00  7.08755E-03
  8.47000E+01  7.08003E+00  7.09251E-03
  8.48000E+01  7.08194E+00  7.09758E-03
  8.49000E+01  7.08386E+00  7.10276E-03
  8.50000E+01  7.08577E+00  7.10805E-03
  8.51000E+01  7.08768E+00  7.11347E-03
  8.52000E+01  7.08959E+00  7.11899E-03
  8.53000E+01  7.09150E+00  7.12465E-03
  8.54000E+01  7.09341E+00  7.13040E-03
  8.55000E+01  7.09531E+00  7.13624E-03
  8.56000E+01  7.09722E+00  7.14223E-03
  8.57000E+01  7.09912E+00  7.14830E-03
  8.58000E+01  7.10103E+00  7.15449E-03
  8.59000E+01  7.10293E+00  7.16080E-03
  8.60000E+01  7.10483E+00  7.16721E-03
  8.61000E+01  7.10672E+00  7.17373E-03
  8.62000E+01  7.10862E+00  7.18036E-03
  8.63000E+01  7.11052E+00  7.18709E-03
  8.64000E+01  7.11241E+00  7.19392E-03
  8.65000E+01  7.11431E+00  7.20087E-03
  8.66000E+01  7.11620E+00  7.20791E-03
  8.67000E+01  7.11809E+00  7.21506E-03
  8.68000E+01  7.11998E+00  7.22233E-03
  8.69000E+01  7.12187E+00  7.22968E-03
  8.70000E+01  7.12376E+00  7.23714E-03
  8.71000E+01  7.12564E+00  7.24471E-03
  8.72000E+01  7.12753E+00  7.25238E-03
  8.73000E+01  7.12941E+00  7.26012E-03
  8.74000E+01  7.13129E+00  7.26800E-03
  8.75000E+01  7.13317E+00  7.27598E-03
  8.76000E+01  7.13505E+00  7.28405E-03
  8.77000E+01  7.13693E+00  7.29220E-03
  8.78000E+01  7.13881E+00  7.30044E-03
  8.79000E+01  7.14069E+00  7.30882E-03
  8.80000E+01  7.14256E+00  7.31725E-03
  8.81000E+01  7.14444E+00  7.32581E-03
  8.82000E+01  7.14631E+00  7.33448E-03
  8.83000E+01  7.14818E+00  7.34320E-03
  8.84000E+01  7.15005E+00  7.35205E-03
  8.85000E+01  7.15192E+00  7.36097E-03
  8.86000E+01  7.15379E+00  7.36997E-03
  8.87000E+01  7.15565E+00  7.37909E-03
  8.88000E+01  7.15752E+00  7.38830E-03
  8.89000E+01  7.15938E+00  7.39758E-03
  8.90000E+01  7.16125E+00  7.40697E-03
  8.91000E+01  7.16311E+00  7.41645E-03
  8.92000E+01  7.16497E+00  7.42603E-03
  8.93000E+01  7.16683E+00  7.43568E-03
  8.94000E+01  7.16869E+00  7.44538E-03
  8.95000E+01  7.17054E+00  7.45522E-03
  8.96000E+01  7.17240E+00  7.46514E-03
  8.97000E+01  7.17425E+00  7.47517E-03
  8.98000E+01  7.17611E+00  7.48523E-03
  8.99000E+01  7.17796E+00  7.49540E-03
  9.00000E+01  7.17981E+00  7.50566E-03
  9.01000E+01  7.18166E+00  7.51597E-03
  9.02000E+01  7.18351E+00  7.52643E-03
  9.03000E+01  7.18536E+00  7.53692E-03
  9.04000E+01  7.18720E+00  7.54751E-03
  9.05000E+01  7.18905E+00  7.55820E-03
  9.06000E+01  7.19089E+00  7.56892E-03
  9.07000E+01  7.19273E+00  7.57976E-03
  9.08000E+01  7.19458E+00  7.59067E-03
  9.09000E+01  7.19642E+00  7.60167E-03
  9.10000E+01  7.19826E+00  7.61273E-03
  9.11000E+01  7.20009E+00  7.62387E-03
  9.12000E+01  7.20193E+00  7.63508E-03
  9.13000E+01  7.20377E+00  7.64638E-03
  9.14000E+01  7.20560E+00  7.65777E-03
  9.15000E+01  7.20743E+00  7.66921E-03
  9.16000E+01  7.20927E+00  7.68074E-03
  9.17000E+01  7.21110E+00  7.69232E-03
  9.18000E+01  7.21293E+00  7.70399E-03
  9.19000E+01  7.21476E+00  7.71577E-03
  9.20000E+01  7.21658E+00  7.72760E-03
  9.21000E+01  7.21841E+00  7.73948E-03
  9.22000E+01  7.22024E+00  7.75142E-03
  9.23000E+01  7.22206E+00  7.76348E-03
  9.24000E+01  7.22388E+00  7.77559E-03
  9.25000E+01  7.22571E+00  7.78774E-03
  9.26000E+01  7.22753E+00  7.80001E-03
  9.27000E+01  7.22935E+00  7.81231E-03
  9.28000E+01  7.23116E+00  7.82465E-03
  9.29000E+01  7.23298E+00  7.83715E-03
  9.30000E+01  7.23480E+00  7.84970E-03
  9.31000E+01  7.23661E+00  7.86224E-03
  9.32000E+01  7.23843E+00  7.87491E-03
  9.33000E+01  7.24024E+00  7.88763E-03
  9.34000E+01  7.24205E+00  7.90039E-03
  9.35000E+01  7.24386E+00  7.91326E-03
  9.36000E+01  7.24567E+00  7.92614E-03
  9.37000E+01  7.24748E+00  7.93914E-03
  9.38000E+01  7.24929E+00  7.95217E-03
  9.39000E+01  7.25109E+00  7.96524E-03
  9.40000E+01  7.25290E+00  7.97846E-03
  9.41000E+01  7.25470E+00  7.99171E-03
  9.42000E+01  7.25651E+00  8.00493E-03
  9.43000E+01  7.25831E+00  8.01827E-03
  9.44000E+01  7.26011E+00  8.03170E-03
  9.45000E+01  7.26191E+00  8.04519E-03
  9.46000E+01  7.26371E+00  8.05873E-03
  9.47000E+01  7.26550E+00  8.07226E-03
  9.48000E+01  7.26730E+00  8.08592E-03
  9.49000E+01  7.26909E+00  8.09959E-03
  9.50000E+01  7.27089E+00  8.11336E-03
  9.51000E+01  7.27268E+00  8.12721E-03
  9.52000E+01  7.27447E+00  8.14105E-03
  9.53000E+01  7.27626E+00  8.15497E-03
  9.54000E+01  7.27805E+00  8.16897E-03
  9.55000E+01  7.27984E+00  8.18300E-03
  9.56000E+01  7.28163E+00  8.19706E-03
  9.57000E+01  7.28342E+00  8.21125E-03
  9.58000E+01  7.28520E+00  8.22545E-03
  9.59000E+01  7.28699E+00  8.23964E-03
  9.60000E+01  7.28877E+00  8.25399E-03
  9.61000E+01  7.29055E+00  8.26835E-03
  9.62000E+01  7.29233E+00  8.28271E-03
  9.63000E+01  7.29411E+00  8.29717E-03
  9.64000E+01  7.29589E+00  8.31174E-03
  9.65000E+01  7.29767E+00  8.32625E-03
  9.66000E+01  7.29944E+00  8.34083E-03
  9.67000E+01  7.30122E+00  8.35556E-03
  9.68000E+01  7.30299E+00  8.37025E-03
  9.69000E+01  7.30477E+00  8.38494E-03
  9.70000E+01  7.30654E+00  8.39974E-03
  9.71000E+01  7.30831E+00  8.41467E-03
  9.72000E+01  7.31008E+00  8.42955E-03
  9.73000E+01  7.31185E+00  8.44442E-03
  9.74000E+01  7.31362E+00  8.45947E-03
  9.75000E+01  7.31538E+00  8.47455E-03
  9.76000E+01  7.31715E+00  8.48955E-03
  9.77000E+01  7.31892E+00  8.50467E-03
  9.78000E+01  7.32068E+00  8.51988E-03
  9.79000E+01  7.32244E+00  8.53510E-03
  9.80000E+01  7.32420E+00  8.55038E-03
  9.81000E+01  7.32596E+00  8.56565E-03
  9.82000E+01  7.32772E+00  8.58100E-03
  9.83000E+01  7.32948E+00  8.59639E-03
  9.84000E+01  7.33124E+00  8.61182E-03
  9.85000E+01  7.33300E+00  8.62731E-03
  9.86000E+01  7.33475E+00  8.64278E-03
  9.87000E+01  7.33651E+00  8.65834E-03
  9.88000E+01  7.33826E+00  8.67400E-03
  9.89000E+01  7.34001E+00  8.68962E-03
  9.90000E+01  7.34176E+00  8.70528E-03
  9.91000E+01  7.34351E+00  8.72102E-03
  9.92000E+01  7.34526E+00  8.73675E-03
  9.93000E+01  7.34701E+00  8.75252E-03
  9.94000E+01  7.34876E+00  8.76838E-03
  9.95000E+01  7.35050E+00  8.78428E-03
  9.96000E+01  7.35225E+00  8.80015E-03
  9.97000E+01  7.35399E+00  8.81608E-03
  9.98000E+01  7.35573E+00  8.83211E-03
  9.99000E+01  7.35748E+00  8.84814E-03
  1.00000E+02  7.35922E+00  8.86417E-03
  1.00100E+02  7.36096E+00  8.88028E-03
  1.00200E+02  7.36270E+00  8.89638E-03
  1.00300E+02  7.36443E+00  8.91253E-03
  1.00400E+02  7.36617E+00  8.92874E-03
  1.00500E+02  7.36791E+00  8.94501E-03
  1.00600E+02  7.36964E+00  8.96127E-03
  1.00700E+02  7.37137E+00  8.97752E-03
  1.00800E+02  7.37311E+00  8.99387E-03
  1.00900E+02  7.37484E+00  9.01032E-03
  1.01000E+02  7.37657E+00  9.02675E-03
  1.01100E+02  7.37830E+00  9.04311E-03
  1.01200E+02  7.38003E+00  9.05957E-03
  1.01300E+02  7.38176E+00  9.07608E-03
  1.01400E+02  7.38348E+00  9.09260E-03
  1.01500E+02  7.38521E+00  9.10918E-03
  1.01600E+02  7.38693E+00  9.12575E-03
  1.01700E+02  7.38866E+00  9.14246E-03
  1.01800E+02  7.39038E+00  9.15905E-03
  1.01900E+02  7.39210E+00  9.17565E-03
  1.02000E+02  7.39382E+00  9.19249E-03
  1.02100E+02  7.39554E+00  9.20921E-03
  1.02200E+02  7.39726E+00  9.22601E-03
  1.02300E+02  7.39898E+00  9.24275E-03
  1.02400E+02  7.40069E+00  9.25959E-03
  1.02500E+02  7.40241E+00  9.27656E-03
  1.02600E+02  7.40412E+00  9.29342E-03
  1.02700E+02  7.40584E+00  9.31029E-03
  1.02800E+02  7.40755E+00  9.32725E-03
  1.02900E+02  7.40926E+00  9.34423E-03
  1.03000E+02  7.41097E+00  9.36120E-03
  1.03100E+02  7.41268E+00  9.37824E-03
  1.03200E+02  7.41439E+00  9.39526E-03
  1.03300E+02  7.41610E+00  9.41241E-03
  1.03400E+02  7.41781E+00  9.42949E-03
  1.03500E+02  7.41951E+00  9.44661E-03
  1.03600E+02  7.42122E+00  9.46378E-03
  1.03700E+02  7.42292E+00  9.48092E-03
  1.03800E+02  7.42462E+00  9.49822E-03
  1.03900E+02  7.42633E+00  9.51542E-03
  1.04000E+02  7.42803E+00  9.53267E-03
  1.04100E+02  7.42973E+00  9.54997E-03
  1.04200E+02  7.43143E+00  9.56720E-03
  1.04300E+02  7.43312E+00  9.58459E-03
  1.04400E+02  7.43482E+00  9.60199E-03
  1.04500E+02  7.43652E+00  9.61933E-03
  1.04600E+02  7.43821E+00  9.63669E-03
  1.04700E+02  7.43991E+00  9.65409E-03
  1.04800E+02  7.44160E+00  9.67157E-03
  1.04900E+02  7.44329E+00  9.68907E-03
  1.05000E+02  7.44498E+00  9.70654E-03
  1.05100E+02  7.44667E+00  9.72399E-03
  1.05200E+02  7.44836E+00  9.74157E-03
  1.05300E+02  7.45005E+00  9.75916E-03
  1.05400E+02  7.45174E+00  9.77672E-03
  1.05500E+02  7.45343E+00  9.79436E-03
  1.05600E+02  7.45511E+00  9.81195E-03
  1.05700E+02  7.45680E+00  9.82949E-03
  1.05800E+02  7.45848E+00  9.84718E-03
  1.05900E+02  7.46016E+00  9.86498E-03
  1.06000E+02  7.46184E+00  9.88257E-03
  1.06100E+02  7.46352E+00  9.90024E-03
  1.06200E+02  7.46520E+00  9.91807E-03
  1.06300E+02  7.46688E+00  9.93578E-03
  1.06400E+02  7.46856E+00  9.95357E-03
  1.06500E+02  7.47024E+00  9.97141E-03
  1.06600E+02  7.47191E+00  9.98918E-03
  1.06700E+02  7.47359E+00  1.00069E-02
  1.06800E+02  7.47526E+00  1.00248E-02
  1.06900E+02  7.47694E+00  1.00428E-02
  1.07000E+02  7.47861E+00  1.00606E-02
  1.07100E+02  7.48028E+00  1.00785E-02
  1.07200E+02  7.48195E+00  1.00964E-02
  1.07300E+02  7.48362E+00  1.01143E-02
  1.07400E+02  7.48529E+00  1.01323E-02
  1.07500E+02  7.48696E+00  1.01503E-02
  1.07600E+02  7.48863E+00  1.01683E-02
  1.07700E+02  7.49029E+00  1.01862E-02
  1.07800E+02  7.49196E+00  1.02042E-02
  1.07900E+02  7.49362E+00  1.02224E-02
  1.08000E+02  7.49528E+00  1.02403E-02
  1.08100E+02  7.49695E+00  1.02584E-02
  1.08200E+02  7.49861E+00  1.02765E-02
  1.08300E+02  7.50027E+00  1.02946E-02
  1.08400E+02  7.50193E+00  1.03127E-02
  1.08500E+02  7.50359E+00  1.03308E-02
  1.08600E+02  7.50524E+00  1.03490E-02
  1.08700E+02  7.50690E+00  1.03671E-02
  1.08800E+02  7.50856E+00  1.03853E-02
  1.08900E+02  7.51021E+00  1.04035E-02
  1.09000E+02  7.51186E+00  1.04217E-02
  1.09100E+02  7.51352E+00  1.04399E-02
  1.09200E+02  7.51517E+00  1.04581E-02
  1.09300E+02  7.51682E+00  1.04764E-02
  1.09400E+02  7.51847E+00  1.04947E-02
  1.09500E+02  7.52012E+00  1.05128E-02
  1.09600E+02  7.52177E+00  1.05311E-02
  1.09700E+02  7.52342E+00  1.05495E-02
  1.09800E+02  7.52506E+00  1.05678E-02
  1.09900E+02  7.52671E+00  1.05861E-02
  1.10000E+02  7.52835E+00  1.06045E-02
  1.10100E+02  7.53000E+00  1.06227E-02
  1.10200E+02  7.53164E+00  1.06411E-02
  1.10300E+02  7.53328E+00  1.06594E-02
  1.10400E+02  7.53493E+00  1.06778E-02
  1.10500E+02  7.53657E+00  1.06963E-02
  1.10600E+02  7.53821E+00  1.07147E-02
  1.10700E+02  7.53984E+00  1.07330E-02
  1.10800E+02  7.54148E+00  1.07514E-02
  1.10900E+02  7.54312E+00  1.07698E-02
  1.11000E+02  7.54475E+00  1.07883E-02
  1.11100E+02  7.54639E+00  1.08068E-02
  1.11200E+02  7.54802E+00  1.08253E-02
  1.11300E+02  7.54966E+00  1.08438E-02
  1.11400E+02  7.55129E+00  1.08622E-02
  1.11500E+02  7.55292E+00  1.08807E-02
  1.11600E+02  7.55455E+00  1.08993E-02
  1.11700E+02  7.55618E+00  1.09178E-02
  1.11800E+02  7.55781E+00  1.09363E-02
  1.11900E+02  7.55944E+00  1.09548E-02
  1.12000E+02  7.56107E+00  1.09734E-02
  1.12100E+02  7.56269E+00  1.09919E-02
  1.12200E+02  7.56432E+00  1.10105E-02
  1.12300E+02  7.56594E+00  1.10290E-02
  1.12400E+02  7.56757E+00  1.10477E-02
  1.12500E+02  7.56919E+00  1.10663E-02
  1.12600E+02  7.57081E+00  1.10848E-02
  1.12700E+02  7.57243E+00  1.11035E-02
  1.12800E+02  7.57405E+00  1.11221E-02
  1.12900E+02  7.57567E+00  1.11407E-02
  1.13000E+02  7.57729E+00  1.11594E-02
  1.13100E+02  7.57891E+00  1.11780E-02
  1.13200E+02  7.58053E+00  1.11966E-02
  1.13300E+02  7.58214E+00  1.12153E-02
  1.13400E+02  7.58376E+00  1.12339E-02
  1.13500E+02  7.58537E+00  1.12527E-02
  1.13600E+02  7.58698E+00  1.12714E-02
  1.13700E+02  7.58860E+00  1.12901E-02
  1.13800E+02  7.59021E+00  1.13088E-02
  1.13900E+02  7.59182E+00  1.13273E-02
  1.14000E+02  7.59343E+00  1.13461E-02
  1.14100E+02  7.59504E+00  1.13649E-02
  1.14200E+02  7.59665E+00  1.13835E-02
  1.14300E+02  7.59825E+00  1.14023E-02
  1.14400E+02  7.59986E+00  1.14211E-02
  1.14500E+02  7.60147E+00  1.14398E-02
  1.14600E+02  7.60307E+00  1.14586E-02
  1.14700E+02  7.60467E+00  1.14773E-02
  1.14800E+02  7.60628E+00  1.14960E-02
  1.14900E+02  7.60788E+00  1.15149E-02
  1.15000E+02  7.60948E+00  1.15336E-02
  1.15100E+02  7.61108E+00  1.15524E-02
  1.15200E+02  7.61268E+00  1.15712E-02
  1.15300E+02  7.61428E+00  1.15901E-02
  1.15400E+02  7.61588E+00  1.16087E-02
  1.15500E+02  7.61748E+00  1.16275E-02
  1.15600E+02  7.61907E+00  1.16464E-02
  1.15700E+02  7.62067E+00  1.16653E-02
  1.15800E+02  7.62226E+00  1.16841E-02
  1.15900E+02  7.62386E+00  1.17029E-02
  1.16000E+02  7.62545E+00  1.17217E-02
  1.16100E+02  7.62704E+00  1.17405E-02
  1.16200E+02  7.62863E+00  1.17594E-02
  1.16300E+02  7.63022E+00  1.17783E-02
  1.16400E+02  7.63181E+00  1.17971E-02
  1.16500E+02  7.63340E+00  1.18159E-02
  1.16600E+02  7.63499E+00  1.18348E-02
  1.16700E+02  7.63658E+00  1.18536E-02
  1.16800E+02  7.63816E+00  1.18726E-02
  1.16900E+02  7.63975E+00  1.18915E-02
  1.17000E+02  7.64133E+00  1.19103E-02
  1.17100E+02  7.64292E+00  1.19291E-02
  1.17200E+02  7.64450E+00  1.19481E-02
  1.17300E+02  7.64608E+00  1.19670E-02
  1.17400E+02  7.64767E+00  1.19858E-02
  1.17500E+02  7.64925E+00  1.20048E-02
  1.17600E+02  7.65083E+00  1.20238E-02
  1.17700E+02  7.65241E+00  1.20425E-02
  1.17800E+02  7.65398E+00  1.20614E-02
  1.17900E+02  7.65556E+00  1.20804E-02
  1.18000E+02  7.65714E+00  1.20993E-02
  1.18100E+02  7.65871E+00  1.21183E-02
  1.18200E+02  7.66029E+00  1.21372E-02
  1.18300E+02  7.66186E+00  1.21561E-02
  1.18400E+02  7.66344E+00  1.21751E-02
  1.18500E+02  7.66501E+00  1.21940E-02
  1.18600E+02  7.66658E+00  1.22128E-02
  1.18700E+02  7.66815E+00  1.22319E-02
  1.18800E+02  7.66972E+00  1.22508E-02
  1.18900E+02  7.67129E+00  1.22696E-02
  1.19000E+02  7.67286E+00  1.22887E-02
  1.19100E+02  7.67443E+00  1.23077E-02
  1.19200E+02  7.67599E+00  1.23266E-02
  1.19300E+02  7.67756E+00  1.23455E-02
  1.19400E+02  7.67913E+00  1.23645E-02
  1.19500E+02  7.68069E+00  1.23834E-02
  1.19600E+02  7.68225E+00  1.24024E-02
  1.19700E+02  7.68382E+00  1.24214E-02
  1.19800E+02  7.68538E+00  1.24403E-02
  1.19900E+02  7.68694E+00  1.24593E-02
  1.20000E+02  7.68850E+00  1.24783E-02
  1.20100E+02  7.69006E+00  1.24973E-02
  1.20200E+02  7.69162E+00  1.25163E-02
  1.20300E+02  7.69318E+00  1.25352E-02
  1.20400E+02  7.69474E+00  1.25542E-02
  1.20500E+02  7.69629E+00  1.25730E-02
  1.20600E+02  7.69785E+00  1.25921E-02
  1.20700E+02  7.69940E+00  1.26112E-02
  1.20800E+02  7.70096E+00  1.26301E-02
  1.20900E+02  7.70251E+00  1.26491E-02
  1.21000E+02  7.70406E+00  1.26681E-02
  1.21100E+02  7.70562E+00  1.26871E-02
  1.21200E+02  7.70717E+00  1.27061E-02
  1.21300E+02  7.70872E+00  1.27250E-02
  1.21400E+02  7.71027E+00  1.27440E-02
  1.21500E+02  7.71182E+00  1.27631E-02
  1.21600E+02  7.71336E+00  1.27821E-02
  1.21700E+02  7.71491E+00  1.28010E-02
  1.21800E+02  7.71646E+00  1.28200E-02
  1.21900E+02  7.71800E+00  1.28390E-02
  1.22000E+02  7.71955E+00  1.28580E-02
  1.22100E+02  7.72109E+00  1.28770E-02
  1.22200E+02  7.72263E+00  1.28959E-02
  1.22300E+02  7.72418E+00  1.29150E-02
  1.22400E+02  7.72572E+00  1.29341E-02
  1.22500E+02  7.72726E+00  1.29530E-02
  1.22600E+02  7.72880E+00  1.29721E-02
  1.22700E+02  7.73034E+00  1.29910E-02
  1.22800E+02  7.73188E+00  1.30099E-02
  1.22900E+02  7.73342E+00  1.30290E-02
  1.23000E+02  7.73495E+00  1.30479E-02
  1.23100E+02  7.73649E+00  1.30670E-02
  1.23200E+02  7.73803E+00  1.30860E-02
  1.23300E+02  7.73956E+00  1.31050E-02
  1.23400E+02  7.74109E+00  1.31241E-02
  1.23500E+02  7.74263E+00  1.31431E-02
  1.23600E+02  7.74416E+00  1.31621E-02
  1.23700E+02  7.74569E+00  1.31810E-02
  1.23800E+02  7.74722E+00  1.31999E-02
  1.23900E+02  7.74875E+00  1.32189E-02
  1.24000E+02  7.75028E+00  1.32380E-02
  1.24100E+02  7.75181E+00  1.32570E-02
  1.24200E+02  7.75334E+00  1.32760E-02
  1.24300E+02  7.75487E+00  1.32949E-02
  1.24400E+02  7.75639E+00  1.33141E-02
  1.24500E+02  7.75792E+00  1.33331E-02
  1.24600E+02  7.75944E+00  1.33519E-02
  1.24700E+02  7.76097E+00  1.33709E-02
  1.24800E+02  7.76249E+00  1.33899E-02
  1.24900E+02  7.76402E+00  1.34090E-02
  1.25000E+02  7.76554E+00  1.34280E-02
  1.25100E+02  7.76706E+00  1.34470E-02
  1.25200E+02  7.76858E+00  1.34660E-02
  1.25300E+02  7.77010E+00  1.34849E-02
  1.25400E+02  7.77162E+00  1.35040E-02
  1.25500E+02  7.77314E+00  1.35230E-02
  1.25600E+02  7.77465E+00  1.35419E-02
  1.25700E+02  7.77617E+00  1.35609E-02
  1.25800E+02  7.77769E+00  1.35799E-02
  1.25900E+02  7.77920E+00  1.35989E-02
  1.26000E+02  7.78072E+00  1.36179E-02
  1.26100E+02  7.78223E+00  1.36369E-02
  1.26200E+02  7.78374E+00  1.36558E-02
  1.26300E+02  7.78526E+00  1.36748E-02
  1.26400E+02  7.78677E+00  1.36939E-02
  1.26500E+02  7.78828E+00  1.37128E-02
  1.26600E+02  7.78979E+00  1.37317E-02
  1.26700E+02  7.79130E+00  1.37507E-02
  1.26800E+02  7.79281E+00  1.37697E-02
  1.26900E+02  7.79432E+00  1.37886E-02
  1.27000E+02  7.79582E+00  1.38077E-02
  1.27100E+02  7.79733E+00  1.38267E-02
  1.27200E+02  7.79883E+00  1.38456E-02
  1.27300E+02  7.80034E+00  1.38645E-02
  1.27400E+02  7.80184E+00  1.38836E-02
  1.27500E+02  7.80335E+00  1.39024E-02
  1.27600E+02  7.80485E+00  1.39214E-02
  1.27700E+02  7.80635E+00  1.39404E-02
  1.27800E+02  7.80785E+00  1.39593E-02
  1.27900E+02  7.80935E+00  1.39783E-02
  1.28000E+02  7.81085E+00  1.39973E-02
  1.28100E+02  7.81235E+00  1.40162E-02
  1.28200E+02  7.81385E+00  1.40352E-02
  1.28300E+02  7.81535E+00  1.40542E-02
  1.28400E+02  7.81685E+00  1.40730E-02
  1.28500E+02  7.81834E+00  1.40920E-02
  1.28600E+02  7.81984E+00  1.41110E-02
  1.28700E+02  7.82133E+00  1.41299E-02
  1.28800E+02  7.82283E+00  1.41489E-02
  1.28900E+02  7.82432E+00  1.41679E-02
  1.29000E+02  7.82581E+00  1.41867E-02
  1.29100E+02  7.82731E+00  1.42055E-02
  1.29200E+02  7.82880E+00  1.42246E-02
  1.29300E+02  7.83029E+00  1.42435E-02
  1.29400E+02  7.83178E+00  1.42623E-02
  1.29500E+02  7.83327E+00  1.42814E-02
  1.29600E+02  7.83476E+00  1.43003E-02
  1.29700E+02  7.83624E+00  1.43192E-02
  1.29800E+02  7.83773E+00  1.43381E-02
  1.29900E+02  7.83922E+00  1.43569E-02
  1.30000E+02  7.84070E+00  1.43759E-02
  1.30100E+02  7.84219E+00  1.43948E-02
  1.30200E+02  7.84367E+00  1.44138E-02
  1.30300E+02  7.84516E+00  1.44326E-02
  1.30400E+02  7.84664E+00  1.44515E-02
  1.30500E+02  7.84812E+00  1.44705E-02
  1.30600E+02  7.84960E+00  1.44892E-02
  1.30700E+02  7.85108E+00  1.45081E-02
  1.30800E+02  7.85256E+00  1.45272E-02
  1.30900E+02  7.85404E+00  1.45459E-02
  1.31000E+02  7.85552E+00  1.45648E-02
  1.31100E+02  7.85700E+00  1.45837E-02
  1.31200E+02  7.85848E+00  1.46026E-02
  1.31300E+02  7.85995E+00  1.46216E-02
  1.31400E+02  7.86143E+00  1.46402E-02
  1.31500E+02  7.86290E+00  1.46592E-02
  1.31600E+02  7.86438E+00  1.46782E-02
  1.31700E+02  7.86585E+00  1.46969E-02
  1.31800E+02  7.86732E+00  1.47159E-02
  1.31900E+02  7.86880E+00  1.47347E-02
  1.32000E+02  7.87027E+00  1.47535E-02
  1.32100E+02  7.87174E+00  1.47724E-02
  1.32200E+02  7.87321E+00  1.47912E-02
  1.32300E+02  7.87468E+00  1.48101E-02
  1.32400E+02  7.87615E+00  1.48289E-02
  1.32500E+02  7.87762E+00  1.48477E-02
  1.32600E+02  7.87908E+00  1.48666E-02
  1.32700E+02  7.88055E+00  1.48854E-02
  1.32800E+02  7.88202E+00  1.49042E-02
  1.32900E+02  7.88348E+00  1.49231E-02
  1.33000E+02  7.88495E+00  1.49419E-02
  1.33100E+02  7.88641E+00  1.49608E-02
  1.33200E+02  7.88788E+00  1.49796E-02
  1.33300E+02  7.88934E+00  1.49983E-02
  1.33400E+02  7.89080E+00  1.50171E-02
  1.33500E+02  7.89226E+00  1.50359E-02
  1.33600E+02  7.89372E+00  1.50548E-02
  1.33700E+02  7.89518E+00  1.50736E-02
  1.33800E+02  7.89664E+00  1.50923E-02
  1.33900E+02  7.89810E+00  1.51111E-02
  1.34000E+02  7.89956E+00  1.51299E-02
  1.34100E+02  7.90102E+00  1.51487E-02
  1.34200E+02  7.90247E+00  1.51675E-02
  1.34300E+02  7.90393E+00  1.51862E-02
  1.34400E+02  7.90538E+00  1.52050E-02
  1.34500E+02  7.90684E+00  1.52239E-02
  1.34600E+02  7.90829E+00  1.52426E-02
  1.34700E+02  7.90974E+00  1.52613E-02
  1.34800E+02  7.91120E+00  1.52801E-02
  1.34900E+02  7.91265E+00  1.52989E-02
  1.35000E+02  7.91410E+00  1.53176E-02
  1.35100E+02  7.91555E+00  1.53363E-02
  1.35200E+02  7.91700E+00  1.53551E-02
  1.35300E+02  7.91845E+00  1.53738E-02
  1.35400E+02  7.91990E+00  1.53926E-02
  1.35500E+02  7.92135E+00  1.54113E-02
  1.35600E+02  7.92279E+00  1.54301E-02
  1.35700E+02  7.92424E+00  1.54489E-02
  1.35800E+02  7.92569E+00  1.54675E-02
  1.35900E+02  7.92713E+00  1.54862E-02
  1.36000E+02  7.92858E+00  1.55050E-02
  1.36100E+02  7.93002E+00  1.55236E-02
  1.36200E+02  7.93146E+00  1.55423E-02
  1.36300E+02  7.93291E+00  1.55610E-02
  1.36400E+02  7.93435E+00  1.55798E-02
  1.36500E+02  7.93579E+00  1.55985E-02
  1.36600E+02  7.93723E+00  1.56171E-02
  1.36700E+02  7.93867E+00  1.56358E-02
  1.36800E+02  7.94011E+00  1.56545E-02
  1.36900E+02  7.94155E+00  1.56733E-02
  1.37000E+02  7.94299E+00  1.56920E-02
  1.37100E+02  7.94442E+00  1.57106E-02
  1.37200E+02  7.94586E+00  1.57292E-02
  1.37300E+02  7.94730E+00  1.57478E-02
  1.37400E+02  7.94873E+00  1.57665E-02
  1.37500E+02  7.95017E+00  1.57852E-02
  1.37600E+02  7.95160E+00  1.58039E-02
  1.37700E+02  7.95303E+00  1.58226E-02
  1.37800E+02  7.95447E+00  1.58411E-02
  1.37900E+02  7.95590E+00  1.58597E-02
  1.38000E+02  7.95733E+00  1.58784E-02
  1.38100E+02  7.95876E+00  1.58970E-02
  1.38200E+02  7.96019E+00  1.59157E-02
  1.38300E+02  7.96162E+00  1.59343E-02
  1.38400E+02  7.96305E+00  1.59529E-02
  1.38500E+02  7.96448E+00  1.59715E-02
  1.38600E+02  7.96591E+00  1.59902E-02
  1.38700E+02  7.96733E+00  1.60087E-02
  1.38800E+02  7.96876E+00  1.60273E-02
  1.38900E+02  7.97018E+00  1.60459E-02
  1.39000E+02  7.97161E+00  1.60645E-02
  1.39100E+02  7.97303E+00  1.60832E-02
  1.39200E+02  7.97446E+00  1.61017E-02
  1.39300E+02  7.97588E+00  1.61203E-02
  1.39400E+02  7.97730E+00  1.61388E-02
  1.39500E+02  7.97872E+00  1.61575E-02
  1.39600E+02  7.98015E+00  1.61760E-02
  1.39700E+02  7.98157E+00  1.61945E-02
  1.39800E+02  7.98299E+00  1.62132E-02
  1.39900E+02  7.98441E+00  1.62317E-02
  1.40000E+02  7.98582E+00  1.62502E-02
  1.40100E+02  7.98724E+00  1.62688E-02
  1.40200E+02  7.98866E+00  1.62873E-02
  1.40300E+02  7.99008E+00  1.63059E-02
  1.40400E+02  7.99149E+00  1.63244E-02
  1.40500E+02  7.99291E+00  1.63429E-02
  1.40600E+02  7.99432E+00  1.63614E-02
  1.40700E+02  7.99574E+00  1.63800E-02
  1.40800E+02  7.99715E+00  1.63985E-02
  1.40900E+02  7.99856E+00  1.64170E-02
  1.41000E+02  7.99998E+00  1.64355E-02
  1.41100E+02  8.00139E+00  1.64540E-02
  1.41200E+02  8.00280E+00  1.64725E-02
  1.41300E+02  8.00421E+00  1.64910E-02
  1.41400E+02  8.00562E+00  1.65094E-02
  1.41500E+02  8.00703E+00  1.65280E-02
  1.41600E+02  8.00844E+00  1.65464E-02
  1.41700E+02  8.00984E+00  1.65649E-02
  1.41800E+02  8.01125E+00  1.65835E-02
  1.41900E+02  8.01266E+00  1.66018E-02
  1.42000E+02  8.01406E+00  1.66203E-02
  1.42100E+02  8.01547E+00  1.66387E-02
  1.42200E+02  8.01687E+00  1.66572E-02
  1.42300E+02  8.01828E+00  1.66757E-02
  1.42400E+02  8.01968E+00  1.66941E-02
  1.42500E+02  8.02109E+00  1.67126E-02
  1.42600E+02  8.02249E+00  1.67310E-02
  1.42700E+02  8.02389E+00  1.67494E-02
  1.42800E+02  8.02529E+00  1.67678E-02
  1.42900E+02  8.02669E+00  1.67862E-02
  1.43000E+02  8.02809E+00  1.68046E-02
  1.43100E+02  8.02949E+00  1.68231E-02
  1.43200E+02  8.03089E+00  1.68416E-02
  1.43300E+02  8.03229E+00  1.68598E-02
  1.43400E+02  8.03368E+00  1.68782E-02
  1.43500E+02  8.03508E+00  1.68966E-02
  1.43600E+02  8.03648E+00  1.69151E-02
  1.43700E+02  8.03787E+00  1.69334E-02
  1.43800E+02  8.03927E+00  1.69517E-02
  1.43900E+02  8.04066E+00  1.69702E-02
  1.44000E+02  8.04206E+00  1.69886E-02
  1.44100E+02  8.04345E+00  1.70069E-02
  1.44200E+02  8.04484E+00  1.70252E-02
  1.44300E+02  8.04623E+00  1.70437E-02
  1.44400E+02  8.04762E+00  1.70620E-02
  1.44500E+02  8.04902E+00  1.70803E-02
  1.44600E+02  8.05041E+00  1.70986E-02
  1.44700E+02  8.05180E+00  1.71169E-02
  1.44800E+02  8.05318E+00  1.71353E-02
  1.44900E+02  8.05457E+00  1.71535E-02
  1.45000E+02  8.05596E+00  1.71720E-02
  1.45100E+02  8.05735E+00  1.71902E-02
  1.45200E+02  8.05873E+00  1.72086E-02
  1.45300E+02  8.06012E+00  1.72270E-02
  1.45400E+02  8.06150E+00  1.72452E-02
  1.45500E+02  8.06289E+00  1.72634E-02
  1.45600E+02  8.06427E+00  1.72817E-02
  1.45700E+02  8.06566E+00  1.73001E-02
  1.45800E+02  8.06704E+00  1.73183E-02
  1.45900E+02  8.06842E+00  1.73365E-02
  1.46000E+02  8.06980E+00  1.73550E-02
  1.46100E+02  8.07118E+00  1.73732E-02
  1.46200E+02  8.07257E+00  1.73914E-02
  1.46300E+02  8.07395E+00  1.74097E-02
  1.46400E+02  8.07532E+00  1.74278E-02
  1.46500E+02  8.07670E+00  1.74462E-02
  1.46600E+02  8.07808E+00  1.74643E-02
  1.46700E+02  8.07946E+00  1.74826E-02
  1.46800E+02  8.08084E+00  1.75010E-02
  1.46900E+02  8.08221E+00  1.75191E-02
  1.47000E+02  8.08359E+00  1.75373E-02
  1.47100E+02  8.08496E+00  1.75555E-02
  1.47200E+02  8.08634E+00  1.75737E-02
  1.47300E+02  8.08771E+00  1.75920E-02
  1.47400E+02  8.08908E+00  1.76102E-02
  1.47500E+02  8.09046E+00  1.76283E-02
  1.47600E+02  8.09183E+00  1.76465E-02
  1.47700E+02  8.09320E+00  1.76648E-02
  1.47800E+02  8.09457E+00  1.76829E-02
  1.47900E+02  8.09594E+00  1.77011E-02
  1.48000E+02  8.09731E+00  1.77192E-02
  1.48100E+02  8.09868E+00  1.77374E-02
  1.48200E+02  8.10005E+00  1.77557E-02
  1.48300E+02  8.10142E+00  1.77737E-02
  1.48400E+02  8.10279E+00  1.77919E-02
  1.48500E+02  8.10415E+00  1.78101E-02
  1.48600E+02  8.10552E+00  1.78283E-02
  1.48700E+02  8.10689E+00  1.78463E-02
  1.48800E+02  8.10825E+00  1.78643E-02
  1.48900E+02  8.10962E+00  1.78825E-02
  1.49000E+02  8.11098E+00  1.79007E-02
  1.49100E+02  8.11234E+00  1.79189E-02
  1.49200E+02  8.11371E+00  1.79370E-02
  1.49300E+02  8.11507E+00  1.79550E-02
  1.49400E+02  8.11643E+00  1.79732E-02
  1.49500E+02  8.11779E+00  1.79912E-02
  1.49600E+02  8.11915E+00  1.80092E-02
  1.49700E+02  8.12051E+00  1.80274E-02
  1.49800E+02  8.12187E+00  1.80455E-02
  1.49900E+02  8.12323E+00  1.80636E-02
  1.50000E+02  8.12459E+00  1.80817E-02
  1.50100E+02  8.12595E+00  1.80996E-02
  1.50200E+02  8.12730E+00  1.81176E-02
  1.50300E+02  8.12866E+00  1.81360E-02
  1.50400E+02  8.13002E+00  1.81539E-02
  1.50500E+02  8.13137E+00  1.81719E-02
  1.50600E+02  8.13273E+00  1.81900E-02
  1.50700E+02  8.13408E+00  1.82080E-02
  1.50800E+02  8.13543E+00  1.82259E-02
  1.50900E+02  8.13679E+00  1.82440E-02
  1.51000E+02  8.13814E+00  1.82621E-02
  1.51100E+02  8.13949E+00  1.82800E-02
  1.51200E+02  8.14084E+00  1.82982E-02
  1.51300E+02  8.14219E+00  1.83162E-02
  1.51400E+02  8.14354E+00  1.83340E-02
  1.51500E+02  8.14489E+00  1.83520E-02
  1.51600E+02  8.14624E+00  1.83701E-02
  1.51700E+02  8.14759E+00  1.83880E-02
  1.51800E+02  8.14894E+00  1.84060E-02
  1.51900E+02  8.15029E+00  1.84240E-02
  1.52000E+02  8.15163E+00  1.84420E-02
  1.52100E+02  8.15298E+00  1.84600E-02
  1.52200E+02  8.15433E+00  1.84780E-02
  1.52300E+02  8.15567E+00  1.84958E-02
  1.52400E+02  8.15702E+00  1.85138E-02
  1.52500E+02  8.15836E+00  1.85318E-02
  1.52600E+02  8.15970E+00  1.85497E-02
  1.52700E+02  8.16105E+00  1.85676E-02
  1.52800E+02  8.16239E+00  1.85855E-02
  1.52900E+02  8.16373E+00  1.86036E-02
  1.53000E+02  8.16507E+00  1.86214E-02
  1.53100E+02  8.16641E+00  1.86392E-02
  1.53200E+02  8.16775E+00  1.86573E-02
  1.53300E+02  8.16909E+00  1.86752E-02
  1.53400E+02  8.17043E+00  1.86930E-02
  1.53500E+02  8.17177E+00  1.87109E-02
  1.53600E+02  8.17311E+00  1.87288E-02
  1.53700E+02  8.17444E+00  1.87466E-02
  1.53800E+02  8.17578E+00  1.87645E-02
  1.53900E+02  8.17712E+00  1.87824E-02
  1.54000E+02  8.17845E+00  1.88003E-02
  1.54100E+02  8.17979E+00  1.88182E-02
  1.54200E+02  8.18112E+00  1.88359E-02
  1.54300E+02  8.18246E+00  1.88539E-02
  1.54400E+02  8.18379E+00  1.88718E-02
  1.54500E+02  8.18512E+00  1.88894E-02
  1.54600E+02  8.18646E+00  1.89075E-02
  1.54700E+02  8.18779E+00  1.89252E-02
  1.54800E+02  8.18912E+00  1.89429E-02
  1.54900E+02  8.19045E+00  1.89609E-02
  1.55000E+02  8.19178E+00  1.89787E-02
  1.55100E+02  8.19311E+00  1.89963E-02
  1.55200E+02  8.19444E+00  1.90142E-02
  1.55300E+02  8.19577E+00  1.90321E-02
  1.55400E+02  8.19710E+00  1.90498E-02
  1.55500E+02  8.19842E+00  1.90676E-02
  1.55600E+02  8.19975E+00  1.90854E-02
  1.55700E+02  8.20108E+00  1.91033E-02
  1.55800E+02  8.20240E+00  1.91210E-02
  1.55900E+02  8.20373E+00  1.91387E-02
  1.56000E+02  8.20505E+00  1.91564E-02
  1.56100E+02  8.20638E+00  1.91742E-02
  1.56200E+02  8.20770E+00  1.91921E-02
  1.56300E+02  8.20902E+00  1.92098E-02
  1.56400E+02  8.21035E+00  1.92275E-02
  1.56500E+02  8.21167E+00  1.92452E-02
  1.56600E+02  8.21299E+00  1.92629E-02
  1.56700E+02  8.21431E+00  1.92808E-02
  1.56800E+02  8.21563E+00  1.92985E-02
  1.56900E+02  8.21695E+00  1.93161E-02
  1.57000E+02  8.21827E+00  1.93338E-02
  1.57100E+02  8.21959E+00  1.93515E-02
  1.57200E+02  8.22091E+00  1.93692E-02
  1.57300E+02  8.22223E+00  1.93869E-02
  1.57400E+02  8.22354E+00  1.94046E-02
  1.57500E+02  8.22486E+00  1.94224E-02
  1.57600E+02  8.22618E+00  1.94399E-02
  1.57700E+02  8.22749E+00  1.94577E-02
  1.57800E+02  8.22881E+00  1.94754E-02
  1.57900E+02  8.23012E+00  1.94929E-02
  1.58000E+02  8.23144E+00  1.95106E-02
  1.58100E+02  8.23275E+00  1.95284E-02
  1.58200E+02  8.23406E+00  1.95460E-02
  1.58300E+02  8.23538E+00  1.95636E-02
  1.58400E+02  8.23669E+00  1.95812E-02
  1.58500E+02  8.23800E+00  1.95988E-02
  1.58600E+02  8.23931E+00  1.96164E-02
  1.58700E+02  8.24062E+00  1.96341E-02
  1.58800E+02  8.24193E+00  1.96518E-02
  1.58900E+02  8.24324E+00  1.96694E-02
  1.59000E+02  8.24455E+00  1.96869E-02
  1.59100E+02  8.24586E+00  1.97045E-02
  1.59200E+02  8.24716E+00  1.97221E-02
  1.59300E+02  8.24847E+00  1.97397E-02
  1.59400E+02  8.24978E+00  1.97572E-02
  1.59500E+02  8.25108E+00  1.97749E-02
  1.59600E+02  8.25239E+00  1.97925E-02
  1.59700E+02  8.25370E+00  1.98100E-02
  1.59800E+02  8.25500E+00  1.98276E-02
  1.59900E+02  8.25630E+00  1.98450E-02
  1.60000E+02  8.25761E+00  1.98627E-02
  1.60100E+02  8.25891E+00  1.98802E-02
  1.60200E+02  8.26021E+00  1.98978E-02
  1.60300E+02  8.26151E+00  1.99154E-02
  1.60400E+02  8.26282E+00  1.99328E-02
  1.60500E+02  8.26412E+00  1.99504E-02
  1.60600E+02  8.26542E+00  1.99679E-02
  1.60700E+02  8.26672E+00  1.99854E-02
  1.60800E+02  8.26802E+00  2.00029E-02
  1.60900E+02  8.26932E+00  2.00204E-02
  1.61000E+02  8.27061E+00  2.00380E-02
  1.61100E+02  8.27191E+00  2.00554E-02
  1.61200E+02  8.27321E+00  2.00730E-02
  1.61300E+02  8.27451E+00  2.00904E-02
  1.61400E+02  8.27580E+00  2.01078E-02
  1.61500E+02  8.27710E+00  2.01254E-02
  1.61600E+02  8.27839E+00  2.01429E-02
  1.61700E+02  8.27969E+00  2.01603E-02
  1.61800E+02  8.28098E+00  2.01777E-02
  1.61900E+02  8.28228E+00  2.01953E-02
  1.62000E+02  8.28357E+00  2.02127E-02
  1.62100E+02  8.28486E+00  2.02300E-02
  1.62200E+02  8.28615E+00  2.02475E-02
  1.62300E+02  8.28745E+00  2.02649E-02
  1.62400E+02  8.28874E+00  2.02824E-02
  1.62500E+02  8.29003E+00  2.02998E-02
  1.62600E+02  8.29132E+00  2.03171E-02
  1.62700E+02  8.29261E+00  2.03347E-02
  1.62800E+02  8.29390E+00  2.03521E-02
  1.62900E+02  8.29519E+00  2.03694E-02
  1.63000E+02  8.29647E+00  2.03867E-02
  1.63100E+02  8.29776E+00  2.04043E-02
  1.63200E+02  8.29905E+00  2.04218E-02
  1.63300E+02  8.30033E+00  2.04390E-02
  1.63400E+02  8.30162E+00  2.04563E-02
  1.63500E+02  8.30291E+00  2.04737E-02
  1.63600E+02  8.30419E+00  2.04911E-02
  1.63700E+02  8.30548E+00  2.05085E-02
  1.63800E+02  8.30676E+00  2.05257E-02
  1.63900E+02  8.30804E+00  2.05431E-02
  1.64000E+02  8.30933E+00  2.05606E-02
  1.64100E+02  8.31061E+00  2.05779E-02
  1.64200E+02  8.31189E+00  2.05952E-02
  1.64300E+02  8.31317E+00  2.06125E-02
  1.64400E+02  8.31445E+00  2.06298E-02
  1.64500E+02  8.31573E+00  2.06471E-02
  1.64600E+02  8.31701E+00  2.06646E-02
  1.64700E+02  8.31829E+00  2.06818E-02
  1.64800E+02  8.31957E+00  2.06990E-02
  1.64900E+02  8.32085E+00  2.07164E-02
  1.65000E+02  8.32213E+00  2.07336E-02
  1.65100E+02  8.32341E+00  2.07511E-02
  1.65200E+02  8.32468E+00  2.07683E-02
  1.65300E+02  8.32596E+00  2.07854E-02
  1.65400E+02  8.32724E+00  2.08028E-02
  1.65500E+02  8.32851E+00  2.08202E-02
  1.65600E+02  8.32979E+00  2.08374E-02
  1.65700E+02  8.33106E+00  2.08545E-02
  1.65800E+02  8.33234E+00  2.08718E-02
  1.65900E+02  8.33361E+00  2.08891E-02
  1.66000E+02  8.33488E+00  2.09063E-02
  1.66100E+02  8.33616E+00  2.09236E-02
  1.66200E+02  8.33743E+00  2.09409E-02
  1.66300E+02  8.33870E+00  2.09579E-02
  1.66400E+02  8.33997E+00  2.09751E-02
  1.66500E+02  8.34124E+00  2.09925E-02
  1.66600E+02  8.34251E+00  2.10097E-02
  1.66700E+02  8.34378E+00  2.10268E-02
  1.66800E+02  8.34505E+00  2.10441E-02
  1.66900E+02  8.34632E+00  2.10613E-02
  1.67000E+02  8.34759E+00  2.10783E-02
  1.67100E+02  8.34885E+00  2.10956E-02
  1.67200E+02  8.35012E+00  2.11129E-02
  1.67300E+02  8.35139E+00  2.11299E-02
  1.67400E+02  8.35266E+00  2.11471E-02
  1.67500E+02  8.35392E+00  2.11643E-02
  1.67600E+02  8.35519E+00  2.11814E-02
  1.67700E+02  8.35645E+00  2.11987E-02
  1.67800E+02  8.35772E+00  2.12157E-02
  1.67900E+02  8.35898E+00  2.12329E-02
  1.68000E+02  8.36024E+00  2.12500E-02
  1.68100E+02  8.36151E+00  2.12671E-02
  1.68200E+02  8.36277E+00  2.12844E-02
  1.68300E+02  8.36403E+00  2.13014E-02
  1.68400E+02  8.36529E+00  2.13185E-02
  1.68500E+02  8.36655E+00  2.13356E-02
  1.68600E+02  8.36781E+00  2.13527E-02
  1.68700E+02  8.36907E+00  2.13699E-02
  1.68800E+02  8.37033E+00  2.13870E-02
  1.68900E+02  8.37159E+00  2.14040E-02
  1.69000E+02  8.37285E+00  2.14211E-02
  1.69100E+02  8.37411E+00  2.14381E-02
  1.69200E+02  8.37536E+00  2.14552E-02
  1.69300E+02  8.37662E+00  2.14724E-02
  1.69400E+02  8.37788E+00  2.14894E-02
  1.69500E+02  8.37913E+00  2.15065E-02
  1.69600E+02  8.38039E+00  2.15234E-02
  1.69700E+02  8.38164E+00  2.15405E-02
  1.69800E+02  8.38290E+00  2.15577E-02
  1.69900E+02  8.38415E+00  2.15746E-02
  1.70000E+02  8.38541E+00  2.15917E-02
  1.70100E+02  8.38666E+00  2.16088E-02
  1.70200E+02  8.38791E+00  2.16259E-02
  1.70300E+02  8.38917E+00  2.16428E-02
  1.70400E+02  8.39042E+00  2.16596E-02
  1.70500E+02  8.39167E+00  2.16767E-02
  1.70600E+02  8.39292E+00  2.16939E-02
  1.70700E+02  8.39417E+00  2.17108E-02
  1.70800E+02  8.39542E+00  2.17278E-02
  1.70900E+02  8.39667E+00  2.17448E-02
  1.71000E+02  8.39792E+00  2.17618E-02
  1.71100E+02  8.39917E+00  2.17789E-02
  1.71200E+02  8.40041E+00  2.17957E-02
  1.71300E+02  8.40166E+00  2.18126E-02
  1.71400E+02  8.40291E+00  2.18297E-02
  1.71500E+02  8.40416E+00  2.18466E-02
  1.71600E+02  8.40540E+00  2.18634E-02
  1.71700E+02  8.40665E+00  2.18805E-02
  1.71800E+02  8.40789E+00  2.18976E-02
  1.71900E+02  8.40914E+00  2.19144E-02
  1.72000E+02  8.41038E+00  2.19312E-02
  1.72100E+02  8.41163E+00  2.19482E-02
  1.72200E+02  8.41287E+00  2.19652E-02
  1.72300E+02  8.41411E+00  2.19820E-02
  1.72400E+02  8.41535E+00  2.19989E-02
  1.72500E+02  8.41660E+00  2.20160E-02
  1.72600E+02  8.41784E+00  2.20329E-02
  1.72700E+02  8.41908E+00  2.20495E-02
  1.72800E+02  8.42032E+00  2.20665E-02
  1.72900E+02  8.42156E+00  2.20835E-02
  1.73000E+02  8.42280E+00  2.21003E-02
  1.73100E+02  8.42404E+00  2.21171E-02
  1.73200E+02  8.42528E+00  2.21341E-02
  1.73300E+02  8.42651E+00  2.21510E-02
  1.73400E+02  8.42775E+00  2.21678E-02
  1.73500E+02  8.42899E+00  2.21847E-02
  1.73600E+02  8.43023E+00  2.22015E-02
  1.73700E+02  8.43146E+00  2.22183E-02
  1.73800E+02  8.43270E+00  2.22351E-02
  1.73900E+02  8.43393E+00  2.22520E-02
  1.74000E+02  8.43517E+00  2.22690E-02
  1.74100E+02  8.43640E+00  2.22856E-02
  1.74200E+02  8.43764E+00  2.23024E-02
  1.74300E+02  8.43887E+00  2.23194E-02
  1.74400E+02  8.44010E+00  2.23361E-02
  1.74500E+02  8.44134E+00  2.23529E-02
  1.74600E+02  8.44257E+00  2.23698E-02
  1.74700E+02  8.44380E+00  2.23866E-02
  1.74800E+02  8.44503E+00  2.24034E-02
  1.74900E+02  8.44626E+00  2.24201E-02
  1.75000E+02  8.44749E+00  2.24368E-02
  1.75100E+02  8.44872E+00  2.24537E-02
  1.75200E+02  8.44995E+00  2.24706E-02
  1.75300E+02  8.45118E+00  2.24872E-02
  1.75400E+02  8.45241E+00  2.25039E-02
  1.75500E+02  8.45364E+00  2.25207E-02
  1.75600E+02  8.45487E+00  2.25375E-02
  1.75700E+02  8.45609E+00  2.25542E-02
  1.75800E+02  8.45732E+00  2.25710E-02
  1.75900E+02  8.45855E+00  2.25878E-02
  1.76000E+02  8.45977E+00  2.26044E-02
  1.76100E+02  8.46100E+00  2.26211E-02
  1.76200E+02  8.46222E+00  2.26378E-02
  1.76300E+02  8.46345E+00  2.26546E-02
  1.76400E+02  8.46467E+00  2.26713E-02
  1.76500E+02  8.46589E+00  2.26880E-02
  1.76600E+02  8.46712E+00  2.27047E-02
  1.76700E+02  8.46834E+00  2.27215E-02
  1.76800E+02  8.46956E+00  2.27381E-02
  1.76900E+02  8.47078E+00  2.27547E-02
  1.77000E+02  8.47201E+00  2.27714E-02
  1.77100E+02  8.47323E+00  2.27881E-02
  1.77200E+02  8.47445E+00  2.28048E-02
  1.77300E+02  8.47567E+00  2.28214E-02
  1.77400E+02  8.47689E+00  2.28381E-02
  1.77500E+02  8.47811E+00  2.28548E-02
  1.77600E+02  8.47932E+00  2.28714E-02
  1.77700E+02  8.48054E+00  2.28880E-02
  1.77800E+02  8.48176E+00  2.29049E-02
  1.77900E+02  8.48298E+00  2.29214E-02
  1.78000E+02  8.48419E+00  2.29379E-02
  1.78100E+02  8.48541E+00  2.29546E-02
  1.78200E+02  8.48663E+00  2.29712E-02
  1.78300E+02  8.48784E+00  2.29878E-02
  1.78400E+02  8.48906E+00  2.30044E-02
  1.78500E+02  8.49027E+00  2.30210E-02
  1.78600E+02  8.49149E+00  2.30377E-02
  1.78700E+02  8.49270E+00  2.30542E-02
  1.78800E+02  8.49391E+00  2.30709E-02
  1.78900E+02  8.49513E+00  2.30875E-02
  1.79000E+02  8.49634E+00  2.31041E-02
  1.79100E+02  8.49755E+00  2.31207E-02
  1.79200E+02  8.49876E+00  2.31372E-02
  1.79300E+02  8.49997E+00  2.31537E-02
  1.79400E+02  8.50118E+00  2.31703E-02
  1.79500E+02  8.50239E+00  2.31868E-02
  1.79600E+02  8.50360E+00  2.32034E-02
  1.79700E+02  8.50481E+00  2.32199E-02
  1.79800E+02  8.50602E+00  2.32364E-02
  1.79900E+02  8.50723E+00  2.32530E-02
  1.80000E+02  8.50844E+00  2.32695E-02
  1.80100E+02  8.50965E+00  2.32861E-02
  1.80200E+02  8.51085E+00  2.33027E-02
  1.80300E+02  8.51206E+00  2.33190E-02
  1.80400E+02  8.51327E+00  2.33356E-02
  1.80500E+02  8.51447E+00  2.33522E-02
  1.80600E+02  8.51568E+00  2.33686E-02
  1.80700E+02  8.51688E+00  2.33851E-02
  1.80800E+02  8.51809E+00  2.34018E-02
  1.80900E+02  8.51929E+00  2.34181E-02
  1.81000E+02  8.52050E+00  2.34346E-02
  1.81100E+02  8.52170E+00  2.34510E-02
  1.81200E+02  8.52290E+00  2.34675E-02
  1.81300E+02  8.52410E+00  2.34841E-02
  1.81400E+02  8.52531E+00  2.35006E-02
  1.81500E+02  8.52651E+00  2.35169E-02
  1.81600E+02  8.52771E+00  2.35333E-02
  1.81700E+02  8.52891E+00  2.35497E-02
  1.81800E+02  8.53011E+00  2.35663E-02
  1.81900E+02  8.53131E+00  2.35827E-02
  1.82000E+02  8.53251E+00  2.35992E-02
  1.82100E+02  8.53371E+00  2.36157E-02
  1.82200E+02  8.53491E+00  2.36321E-02
  1.82300E+02  8.53610E+00  2.36485E-02
  1.82400E+02  8.53730E+00  2.36648E-02
  1.82500E+02  8.53850E+00  2.36813E-02
  1.82600E+02  8.53970E+00  2.36977E-02
  1.82700E+02  8.54089E+00  2.37141E-02
  1.82800E+02  8.54209E+00  2.37303E-02
  1.82900E+02  8.54328E+00  2.37470E-02
  1.83000E+02  8.54448E+00  2.37635E-02
  1.83100E+02  8.54567E+00  2.37795E-02
  1.83200E+02  8.54687E+00  2.37958E-02
  1.83300E+02  8.54806E+00  2.38123E-02
  1.83400E+02  8.54926E+00  2.38288E-02
  1.83500E+02  8.55045E+00  2.38452E-02
  1.83600E+02  8.55164E+00  2.38615E-02
  1.83700E+02  8.55283E+00  2.38776E-02
  1.83800E+02  8.55403E+00  2.38941E-02
  1.83900E+02  8.55522E+00  2.39106E-02
  1.84000E+02  8.55641E+00  2.39270E-02
  1.84100E+02  8.55760E+00  2.39433E-02
  1.84200E+02  8.55879E+00  2.39594E-02
  1.84300E+02  8.55998E+00  2.39757E-02
  1.84400E+02  8.56117E+00  2.39922E-02
  1.84500E+02  8.56236E+00  2.40084E-02
  1.84600E+02  8.56354E+00  2.40247E-02
  1.84700E+02  8.56473E+00  2.40411E-02
  1.84800E+02  8.56592E+00  2.40573E-02
  1.84900E+02  8.56711E+00  2.40737E-02
  1.85000E+02  8.56829E+00  2.40900E-02
  1.85100E+02  8.56948E+00  2.41062E-02
  1.85200E+02  8.57066E+00  2.41226E-02
  1.85300E+02  8.57185E+00  2.41388E-02
  1.85400E+02  8.57304E+00  2.41550E-02
  1.85500E+02  8.57422E+00  2.41713E-02
  1.85600E+02  8.57540E+00  2.41877E-02
  1.85700E+02  8.57659E+00  2.42039E-02
  1.85800E+02  8.57777E+00  2.42201E-02
  1.85900E+02  8.57895E+00  2.42363E-02
  1.86000E+02  8.58014E+00  2.42525E-02
  1.86100E+02  8.58132E+00  2.42689E-02
  1.86200E+02  8.58250E+00  2.42851E-02
  1.86300E+02  8.58368E+00  2.43013E-02
  1.86400E+02  8.58486E+00  2.43175E-02
  1.86500E+02  8.58604E+00  2.43337E-02
  1.86600E+02  8.58722E+00  2.43499E-02
  1.86700E+02  8.58840E+00  2.43662E-02
  1.86800E+02  8.58958E+00  2.43824E-02
  1.86900E+02  8.59076E+00  2.43984E-02
  1.87000E+02  8.59194E+00  2.44147E-02
  1.87100E+02  8.59312E+00  2.44310E-02
  1.87200E+02  8.59429E+00  2.44472E-02
  1.87300E+02  8.59547E+00  2.44632E-02
  1.87400E+02  8.59665E+00  2.44795E-02
  1.87500E+02  8.59782E+00  2.44957E-02
  1.87600E+02  8.59900E+00  2.45118E-02
  1.87700E+02  8.60017E+00  2.45281E-02
  1.87800E+02  8.60135E+00  2.45441E-02
  1.87900E+02  8.60252E+00  2.45602E-02
  1.88000E+02  8.60370E+00  2.45766E-02
  1.88100E+02  8.60487E+00  2.45926E-02
  1.88200E+02  8.60605E+00  2.46086E-02
  1.88300E+02  8.60722E+00  2.46249E-02
  1.88400E+02  8.60839E+00  2.46410E-02
  1.88500E+02  8.60956E+00  2.46570E-02
  1.88600E+02  8.61074E+00  2.46733E-02
  1.88700E+02  8.61191E+00  2.46894E-02
  1.88800E+02  8.61308E+00  2.47053E-02
  1.88900E+02  8.61425E+00  2.47214E-02
  1.89000E+02  8.61542E+00  2.47377E-02
  1.89100E+02  8.61659E+00  2.47537E-02
  1.89200E+02  8.61776E+00  2.47699E-02
  1.89300E+02  8.61893E+00  2.47860E-02
  1.89400E+02  8.62009E+00  2.48020E-02
  1.89500E+02  8.62126E+00  2.48182E-02
  1.89600E+02  8.62243E+00  2.48341E-02
  1.89700E+02  8.62360E+00  2.48501E-02
  1.89800E+02  8.62476E+00  2.48662E-02
  1.89900E+02  8.62593E+00  2.48825E-02
  1.90000E+02  8.62710E+00  2.48985E-02
  1.90100E+02  8.62826E+00  2.49145E-02
  1.90200E+02  8.62943E+00  2.49304E-02
  1.90300E+02  8.63059E+00  2.49465E-02
  1.90400E+02  8.63176E+00  2.49628E-02
  1.90500E+02  8.63292E+00  2.49786E-02
  1.90600E+02  8.63409E+00  2.49945E-02
  1.90700E+02  8.63525E+00  2.50107E-02
  1.90800E+02  8.63641E+00  2.50267E-02
  1.90900E+02  8.63757E+00  2.50428E-02
  1.91000E+02  8.63874E+00  2.50587E-02
  1.91100E+02  8.63990E+00  2.50746E-02
  1.91200E+02  8.64106E+00  2.50907E-02
  1.91300E+02  8.64222E+00  2.51067E-02
  1.91400E+02  8.64338E+00  2.51226E-02
  1.91500E+02  8.64454E+00  2.51387E-02
  1.91600E+02  8.64570E+00  2.51548E-02
  1.91700E+02  8.64686E+00  2.51706E-02
  1.91800E+02  8.64802E+00  2.51866E-02
  1.91900E+02  8.64918E+00  2.52026E-02
  1.92000E+02  8.65034E+00  2.52185E-02
  1.92100E+02  8.65149E+00  2.52346E-02
  1.92200E+02  8.65265E+00  2.52504E-02
  1.92300E+02  8.65381E+00  2.52662E-02
  1.92400E+02  8.65496E+00  2.52823E-02
  1.92500E+02  8.65612E+00  2.52983E-02
  1.92600E+02  8.65728E+00  2.53143E-02
  1.92700E+02  8.65843E+00  2.53301E-02
  1.92800E+02  8.65959E+00  2.53459E-02
  1.92900E+02  8.66074E+00  2.53620E-02
  1.93000E+02  8.66189E+00  2.53780E-02
  1.93100E+02  8.66305E+00  2.53938E-02
  1.93200E+02  8.66420E+00  2.54096E-02
  1.93300E+02  8.66535E+00  2.54257E-02
  1.93400E+02  8.66651E+00  2.54415E-02
  1.93500E+02  8.66766E+00  2.54574E-02
  1.93600E+02  8.66881E+00  2.54735E-02
  1.93700E+02  8.66996E+00  2.54892E-02
  1.93800E+02  8.67111E+00  2.55049E-02
  1.93900E+02  8.67226E+00  2.55210E-02
  1.94000E+02  8.67341E+00  2.55368E-02
  1.94100E+02  8.67456E+00  2.55528E-02
  1.94200E+02  8.67571E+00  2.55686E-02
  1.94300E+02  8.67686E+00  2.55843E-02
  1.94400E+02  8.67801E+00  2.56003E-02
  1.94500E+02  8.67916E+00  2.56161E-02
  1.94600E+02  8.68031E+00  2.56319E-02
  1.94700E+02  8.68145E+00  2.56477E-02
  1.94800E+02  8.68260E+00  2.56636E-02
  1.94900E+02  8.68375E+00  2.56796E-02
  1.95000E+02  8.68490E+00  2.56953E-02
  1.95100E+02  8.68604E+00  2.57110E-02
  1.95200E+02  8.68719E+00  2.57270E-02
  1.95300E+02  8.68833E+00  2.57427E-02
  1.95400E+02  8.68948E+00  2.57585E-02
  1.95500E+02  8.69062E+00  2.57744E-02
  1.95600E+02  8.69177E+00  2.57902E-02
  1.95700E+02  8.69291E+00  2.58059E-02
  1.95800E+02  8.69405E+00  2.58217E-02
  1.95900E+02  8.69519E+00  2.58376E-02
  1.96000E+02  8.69634E+00  2.58533E-02
  1.96100E+02  8.69748E+00  2.58691E-02
  1.96200E+02  8.69862E+00  2.58848E-02
  1.96300E+02  8.69976E+00  2.59006E-02
  1.96400E+02  8.70090E+00  2.59163E-02
  1.96500E+02  8.70204E+00  2.59320E-02
  1.96600E+02  8.70318E+00  2.59479E-02
  1.96700E+02  8.70432E+00  2.59637E-02
  1.96800E+02  8.70546E+00  2.59794E-02
  1.96900E+02  8.70660E+00  2.59951E-02
  1.97000E+02  8.70774E+00  2.60109E-02
  1.97100E+02  8.70888E+00  2.60266E-02
  1.97200E+02  8.71002E+00  2.60422E-02
  1.97300E+02  8.71115E+00  2.60581E-02
  1.97400E+02  8.71229E+00  2.60738E-02
  1.97500E+02  8.71343E+00  2.60894E-02
  1.97600E+02  8.71457E+00  2.61052E-02
  1.97700E+02  8.71570E+00  2.61209E-02
  1.97800E+02  8.71684E+00  2.61366E-02
  1.97900E+02  8.71797E+00  2.61523E-02
  1.98000E+02  8.71911E+00  2.61679E-02
  1.98100E+02  8.72024E+00  2.61837E-02
  1.98200E+02  8.72138E+00  2.61994E-02
  1.98300E+02  8.72251E+00  2.62150E-02
  1.98400E+02  8.72364E+00  2.62307E-02
  1.98500E+02  8.72478E+00  2.62464E-02
  1.98600E+02  8.72591E+00  2.62620E-02
  1.98700E+02  8.72704E+00  2.62776E-02
  1.98800E+02  8.72817E+00  2.62934E-02
  1.98900E+02  8.72930E+00  2.63091E-02
  1.99000E+02  8.73043E+00  2.63247E-02
  1.99100E+02  8.73157E+00  2.63402E-02
  1.99200E+02  8.73270E+00  2.63559E-02
  1.99300E+02  8.73383E+00  2.63715E-02
  1.99400E+02  8.73496E+00  2.63871E-02
  1.99500E+02  8.73608E+00  2.64028E-02
  1.99600E+02  8.73721E+00  2.64185E-02
  1.99700E+02  8.73834E+00  2.64339E-02
  1.99800E+02  8.73947E+00  2.64497E-02
  1.99900E+02  8.74522E+00  4.62882E+01
  2.00000E+02  8.75097E+00  9.27792E+01
