  0.00000E+00 -4.18588E-02
  1.00000E-01 -4.18085E-02
  2.00000E-01 -4.17582E-02
  3.00000E-01 -4.17079E-02
  4.00000E-01 -4.16580E-02
  5.00000E-01 -4.16083E-02
  6.00000E-01 -4.15589E-02
  7.00000E-01 -4.15099E-02
  8.00000E-01 -4.14611E-02
  9.00000E-01 -4.14127E-02
  1.00000E+00 -4.13645E-02
  1.10000E+00 -4.13166E-02
  1.20000E+00 -4.12691E-02
  1.30000E+00 -4.12218E-02
  1.40000E+00 -4.11747E-02
  1.50000E+00 -4.11280E-02
  1.60000E+00 -4.10815E-02
  1.70000E+00 -4.10353E-02
  1.80000E+00 -4.09894E-02
  1.90000E+00 -4.09437E-02
  2.00000E+00 -4.08983E-02
  2.10000E+00 -4.08531E-02
  2.20000E+00 -4.08083E-02
  2.30000E+00 -4.07636E-02
  2.40000E+00 -4.07192E-02
  2.50000E+00 -4.06751E-02
  2.60000E+00 -4.06312E-02
  2.70000E+00 -4.05876E-02
  2.80000E+00 -4.05442E-02
  2.90000E+00 -4.05010E-02
  3.00000E+00 -4.04581E-02
  3.10000E+00 -4.04154E-02
  3.20000E+00 -4.03730E-02
  3.30000E+00 -4.03307E-02
  3.40000E+00 -4.02887E-02
  3.50000E+00 -4.02470E-02
  3.60000E+00 -4.02054E-02
  3.70000E+00 -4.01641E-02
  3.80000E+00 -4.01230E-02
  3.90000E+00 -4.00821E-02
  4.00000E+00 -4.00414E-02
  4.10000E+00 -4.00009E-02
  4.20000E+00 -3.99607E-02
  4.30000E+00 -3.99206E-02
  4.40000E+00 -3.98808E-02
  4.50000E+00 -3.98412E-02
  4.60000E+00 -3.98017E-02
  4.70000E+00 -3.97625E-02
  4.80000E+00 -3.97235E-02
  4.90000E+00 -3.96846E-02
  5.00000E+00 -3.96460E-02
  5.10000E+00 -3.96076E-02
  5.20000E+00 -3.95693E-02
  5.30000E+00 -3.95312E-02
  5.40000E+00 -3.94934E-02
  5.50000E+00 -3.94557E-02
  5.60000E+00 -3.94182E-02
  5.70000E+00 -3.93809E-02
  5.80000E+00 -3.93437E-02
  5.90000E+00 -3.93068E-02
  6.00000E+00 -3.92700E-02
  6.10000E+00 -3.92334E-02
  6.20000E+00 -3.91970E-02
  6.30000E+00 -3.91607E-02
  6.40000E+00 -3.91246E-02
  6.50000E+00 -3.90887E-02
  6.60000E+00 -3.90530E-02
  6.70000E+00 -3.90174E-02
  6.80000E+00 -3.89820E-02
  6.90000E+00 -3.89468E-02
  7.00000E+00 -3.89117E-02
  7.10000E+00 -3.88768E-02
  7.20000E+00 -3.88420E-02
  7.30000E+00 -3.88074E-02
  7.40000E+00 -3.87730E-02
  7.50000E+00 -3.87387E-02
  7.60000E+00 -3.87046E-02
  7.70000E+00 -3.86706E-02
  7.80000E+00 -3.86368E-02
  7.90000E+00 -3.86031E-02
  8.00000E+00 -3.85696E-02
  8.10000E+00 -3.85362E-02
  8.20000E+00 -3.85030E-02
  8.30000E+00 -3.84699E-02
  8.40000E+00 -3.84370E-02
  8.50000E+00 -3.84042E-02
  8.60000E+00 -3.83716E-02
  8.70000E+00 -3.83391E-02
  8.80000E+00 -3.83067E-02
  8.90000E+00 -3.82745E-02
  9.00000E+00 -3.82424E-02
  9.10000E+00 -3.82105E-02
  9.20000E+00 -3.81787E-02
  9.30000E+00 -3.81470E-02
  9.40000E+00 -3.81155E-02
  9.50000E+00 -3.80841E-02
  9.60000E+00 -3.80528E-02
  9.70000E+00 -3.80217E-02
  9.80000E+00 -3.79907E-02
  9.90000E+00 -3.79598E-02
  1.00000E+01 -3.79290E-02
  1.01000E+01 -3.78984E-02
  1.02000E+01 -3.78679E-02
  1.03000E+01 -3.78375E-02
  1.04000E+01 -3.78073E-02
  1.05000E+01 -3.77772E-02
  1.06000E+01 -3.77472E-02
  1.07000E+01 -3.77173E-02
  1.08000E+01 -3.76875E-02
  1.09000E+01 -3.76579E-02
  1.10000E+01 -3.76283E-02
  1.11000E+01 -3.75989E-02
  1.12000E+01 -3.75696E-02
  1.13000E+01 -3.75405E-02
  1.14000E+01 -3.75114E-02
  1.15000E+01 -3.74825E-02
  1.16000E+01 -3.74536E-02
  1.17000E+01 -3.74249E-02
  1.18000E+01 -3.73963E-02
  1.19000E+01 -3.73678E-02
  1.20000E+01 -3.73395E-02
  1.21000E+01 -3.73112E-02
  1.22000E+01 -3.72830E-02
  1.23000E+01 -3.72550E-02
  1.24000E+01 -3.72270E-02
  1.25000E+01 -3.71992E-02
  1.26000E+01 -3.71714E-02
  1.27000E+01 -3.71438E-02
  1.28000E+01 -3.71163E-02
  1.29000E+01 -3.70888E-02
  1.30000E+01 -3.70615E-02
  1.31000E+01 -3.70343E-02
  1.32000E+01 -3.70072E-02
  1.33000E+01 -3.69802E-02
  1.34000E+01 -3.69532E-02
  1.35000E+01 -3.69264E-02
  1.36000E+01 -3.68997E-02
  1.37000E+01 -3.68731E-02
  1.38000E+01 -3.68466E-02
  1.39000E+01 -3.68201E-02
  1.40000E+01 -3.67938E-02
  1.41000E+01 -3.67675E-02
  1.42000E+01 -3.67414E-02
  1.43000E+01 -3.67154E-02
  1.44000E+01 -3.66894E-02
  1.45000E+01 -3.66635E-02
  1.46000E+01 -3.66378E-02
  1.47000E+01 -3.66121E-02
  1.48000E+01 -3.65865E-02
  1.49000E+01 -3.65610E-02
  1.50000E+01 -3.65356E-02
  1.51000E+01 -3.65103E-02
  1.52000E+01 -3.64850E-02
  1.53000E+01 -3.64599E-02
  1.54000E+01 -3.64348E-02
  1.55000E+01 -3.64099E-02
  1.56000E+01 -3.63850E-02
  1.57000E+01 -3.63602E-02
  1.58000E+01 -3.63355E-02
  1.59000E+01 -3.63108E-02
  1.60000E+01 -3.62863E-02
  1.61000E+01 -3.62618E-02
  1.62000E+01 -3.62374E-02
  1.63000E+01 -3.62132E-02
  1.64000E+01 -3.61889E-02
  1.65000E+01 -3.61648E-02
  1.66000E+01 -3.61408E-02
  1.67000E+01 -3.61168E-02
  1.68000E+01 -3.60929E-02
  1.69000E+01 -3.60691E-02
  1.70000E+01 -3.60453E-02
  1.71000E+01 -3.60217E-02
  1.72000E+01 -3.59981E-02
  1.73000E+01 -3.59746E-02
  1.74000E+01 -3.59512E-02
  1.75000E+01 -3.59278E-02
  1.76000E+01 -3.59046E-02
  1.77000E+01 -3.58814E-02
  1.78000E+01 -3.58582E-02
  1.79000E+01 -3.58352E-02
  1.80000E+01 -3.58122E-02
  1.81000E+01 -3.57893E-02
  1.82000E+01 -3.57665E-02
  1.83000E+01 -3.57437E-02
  1.84000E+01 -3.57211E-02
  1.85000E+01 -3.56985E-02
  1.86000E+01 -3.56759E-02
  1.87000E+01 -3.56535E-02
  1.88000E+01 -3.56311E-02
  1.89000E+01 -3.56087E-02
  1.90000E+01 -3.55865E-02
  1.91000E+01 -3.55643E-02
  1.92000E+01 -3.55422E-02
  1.93000E+01 -3.55201E-02
  1.94000E+01 -3.54981E-02
  1.95000E+01 -3.54762E-02
  1.96000E+01 -3.54544E-02
  1.97000E+01 -3.54326E-02
  1.98000E+01 -3.54109E-02
  1.99000E+01 -3.53892E-02
  2.00000E+01 -3.53677E-02
  2.01000E+01 -3.53461E-02
  2.02000E+01 -3.53247E-02
  2.03000E+01 -3.53033E-02
  2.04000E+01 -3.52820E-02
  2.05000E+01 -3.52607E-02
  2.06000E+01 -3.52395E-02
  2.07000E+01 -3.52184E-02
  2.08000E+01 -3.51973E-02
  2.09000E+01 -3.51763E-02
  2.10000E+01 -3.51554E-02
  2.11000E+01 -3.51345E-02
  2.12000E+01 -3.51137E-02
  2.13000E+01 -3.50929E-02
  2.14000E+01 -3.50722E-02
  2.15000E+01 -3.50516E-02
  2.16000E+01 -3.50310E-02
  2.17000E+01 -3.50105E-02
  2.18000E+01 -3.49901E-02
  2.19000E+01 -3.49697E-02
  2.20000E+01 -3.49493E-02
  2.21000E+01 -3.49290E-02
  2.22000E+01 -3.49088E-02
  2.23000E+01 -3.48886E-02
  2.24000E+01 -3.48685E-02
  2.25000E+01 -3.48485E-02
  2.26000E+01 -3.48285E-02
  2.27000E+01 -3.48086E-02
  2.28000E+01 -3.47887E-02
  2.29000E+01 -3.47688E-02
  2.30000E+01 -3.47491E-02
  2.31000E+01 -3.47294E-02
  2.32000E+01 -3.47097E-02
  2.33000E+01 -3.46901E-02
  2.34000E+01 -3.46705E-02
  2.35000E+01 -3.46511E-02
  2.36000E+01 -3.46316E-02
  2.37000E+01 -3.46122E-02
  2.38000E+01 -3.45929E-02
  2.39000E+01 -3.45736E-02
  2.40000E+01 -3.45544E-02
  2.41000E+01 -3.45352E-02
  2.42000E+01 -3.45161E-02
  2.43000E+01 -3.44970E-02
  2.44000E+01 -3.44780E-02
  2.45000E+01 -3.44590E-02
  2.46000E+01 -3.44401E-02
  2.47000E+01 -3.44212E-02
  2.48000E+01 -3.44024E-02
  2.49000E+01 -3.43837E-02
  2.50000E+01 -3.43649E-02
  2.51000E+01 -3.43463E-02
  2.52000E+01 -3.43277E-02
  2.53000E+01 -3.43091E-02
  2.54000E+01 -3.42906E-02
  2.55000E+01 -3.42721E-02
  2.56000E+01 -3.42537E-02
  2.57000E+01 -3.42353E-02
  2.58000E+01 -3.42170E-02
  2.59000E+01 -3.41987E-02
  2.60000E+01 -3.41805E-02
  2.61000E+01 -3.41623E-02
  2.62000E+01 -3.41442E-02
  2.63000E+01 -3.41261E-02
  2.64000E+01 -3.41080E-02
  2.65000E+01 -3.40901E-02
  2.66000E+01 -3.40721E-02
  2.67000E+01 -3.40542E-02
  2.68000E+01 -3.40363E-02
  2.69000E+01 -3.40185E-02
  2.70000E+01 -3.40008E-02
  2.71000E+01 -3.39831E-02
  2.72000E+01 -3.39654E-02
  2.73000E+01 -3.39478E-02
  2.74000E+01 -3.39302E-02
  2.75000E+01 -3.39126E-02
  2.76000E+01 -3.38951E-02
  2.77000E+01 -3.38777E-02
  2.78000E+01 -3.38603E-02
  2.79000E+01 -3.38429E-02
  2.80000E+01 -3.38256E-02
  2.81000E+01 -3.38083E-02
  2.82000E+01 -3.37911E-02
  2.83000E+01 -3.37739E-02
  2.84000E+01 -3.37567E-02
  2.85000E+01 -3.37396E-02
  2.86000E+01 -3.37225E-02
  2.87000E+01 -3.37055E-02
  2.88000E+01 -3.36885E-02
  2.89000E+01 -3.36716E-02
  2.90000E+01 -3.36547E-02
  2.91000E+01 -3.36378E-02
  2.92000E+01 -3.36210E-02
  2.93000E+01 -3.36042E-02
  2.94000E+01 -3.35875E-02
  2.95000E+01 -3.35708E-02
  2.96000E+01 -3.35541E-02
  2.97000E+01 -3.35375E-02
  2.98000E+01 -3.35209E-02
  2.99000E+01 -3.35044E-02
  3.00000E+01 -3.34879E-02
  3.01000E+01 -3.34714E-02
  3.02000E+01 -3.34550E-02
  3.03000E+01 -3.34386E-02
  3.04000E+01 -3.34223E-02
  3.05000E+01 -3.34060E-02
  3.06000E+01 -3.33897E-02
  3.07000E+01 -3.33735E-02
  3.08000E+01 -3.33573E-02
  3.09000E+01 -3.33411E-02
  3.10000E+01 -3.33250E-02
  3.11000E+01 -3.33089E-02
  3.12000E+01 -3.32929E-02
  3.13000E+01 -3.32769E-02
  3.14000E+01 -3.32609E-02
  3.15000E+01 -3.32450E-02
  3.16000E+01 -3.32291E-02
  3.17000E+01 -3.32132E-02
  3.18000E+01 -3.31974E-02
  3.19000E+01 -3.31816E-02
  3.20000E+01 -3.31659E-02
  3.21000E+01 -3.31502E-02
  3.22000E+01 -3.31345E-02
  3.23000E+01 -3.31189E-02
  3.24000E+01 -3.31032E-02
  3.25000E+01 -3.30877E-02
  3.26000E+01 -3.30721E-02
  3.27000E+01 -3.30566E-02
  3.28000E+01 -3.30412E-02
  3.29000E+01 -3.30257E-02
  3.30000E+01 -3.30103E-02
  3.31000E+01 -3.29950E-02
  3.32000E+01 -3.29796E-02
  3.33000E+01 -3.29643E-02
  3.34000E+01 -3.29491E-02
  3.35000E+01 -3.29339E-02
  3.36000E+01 -3.29187E-02
  3.37000E+01 -3.29035E-02
  3.38000E+01 -3.28884E-02
  3.39000E+01 -3.28733E-02
  3.40000E+01 -3.28582E-02
  3.41000E+01 -3.28432E-02
  3.42000E+01 -3.28282E-02
  3.43000E+01 -3.28132E-02
  3.44000E+01 -3.27983E-02
  3.45000E+01 -3.27834E-02
  3.46000E+01 -3.27685E-02
  3.47000E+01 -3.27537E-02
  3.48000E+01 -3.27389E-02
  3.49000E+01 -3.27241E-02
  3.50000E+01 -3.27094E-02
  3.51000E+01 -3.26947E-02
  3.52000E+01 -3.26800E-02
  3.53000E+01 -3.26653E-02
  3.54000E+01 -3.26507E-02
  3.55000E+01 -3.26361E-02
  3.56000E+01 -3.26216E-02
  3.57000E+01 -3.26071E-02
  3.58000E+01 -3.25926E-02
  3.59000E+01 -3.25781E-02
  3.60000E+01 -3.25637E-02
  3.61000E+01 -3.25493E-02
  3.62000E+01 -3.25349E-02
  3.63000E+01 -3.25206E-02
  3.64000E+01 -3.25063E-02
  3.65000E+01 -3.24920E-02
  3.66000E+01 -3.24777E-02
  3.67000E+01 -3.24635E-02
  3.68000E+01 -3.24493E-02
  3.69000E+01 -3.24351E-02
  3.70000E+01 -3.24210E-02
  3.71000E+01 -3.24069E-02
  3.72000E+01 -3.23928E-02
  3.73000E+01 -3.23788E-02
  3.74000E+01 -3.23648E-02
  3.75000E+01 -3.23508E-02
  3.76000E+01 -3.23368E-02
  3.77000E+01 -3.23229E-02
  3.78000E+01 -3.23090E-02
  3.79000E+01 -3.22951E-02
  3.80000E+01 -3.22812E-02
  3.81000E+01 -3.22674E-02
  3.82000E+01 -3.22536E-02
  3.83000E+01 -3.22399E-02
  3.84000E+01 -3.22261E-02
  3.85000E+01 -3.22124E-02
  3.86000E+01 -3.21987E-02
  3.87000E+01 -3.21851E-02
  3.88000E+01 -3.21714E-02
  3.89000E+01 -3.21578E-02
  3.90000E+01 -3.21443E-02
  3.91000E+01 -3.21307E-02
  3.92000E+01 -3.21172E-02
  3.93000E+01 -3.21037E-02
  3.94000E+01 -3.20902E-02
  3.95000E+01 -3.20768E-02
  3.96000E+01 -3.20634E-02
  3.97000E+01 -3.20500E-02
  3.98000E+01 -3.20366E-02
  3.99000E+01 -3.20233E-02
  4.00000E+01 -3.20100E-02
  4.01000E+01 -3.19967E-02
  4.02000E+01 -3.19834E-02
  4.03000E+01 -3.19702E-02
  4.04000E+01 -3.19570E-02
  4.05000E+01 -3.19438E-02
  4.06000E+01 -3.19306E-02
  4.07000E+01 -3.19175E-02
  4.08000E+01 -3.19044E-02
  4.09000E+01 -3.18913E-02
  4.10000E+01 -3.18783E-02
  4.11000E+01 -3.18652E-02
  4.12000E+01 -3.18522E-02
  4.13000E+01 -3.18392E-02
  4.14000E+01 -3.18263E-02
  4.15000E+01 -3.18133E-02
  4.16000E+01 -3.18004E-02
  4.17000E+01 -3.17875E-02
  4.18000E+01 -3.17747E-02
  4.19000E+01 -3.17619E-02
  4.20000E+01 -3.17490E-02
  4.21000E+01 -3.17362E-02
  4.22000E+01 -3.17235E-02
  4.23000E+01 -3.17107E-02
  4.24000E+01 -3.16980E-02
  4.25000E+01 -3.16853E-02
  4.26000E+01 -3.16727E-02
  4.27000E+01 -3.16600E-02
  4.28000E+01 -3.16474E-02
  4.29000E+01 -3.16348E-02
  4.30000E+01 -3.16222E-02
  4.31000E+01 -3.16097E-02
  4.32000E+01 -3.15971E-02
  4.33000E+01 -3.15846E-02
  4.34000E+01 -3.15721E-02
  4.35000E+01 -3.15597E-02
  4.36000E+01 -3.15472E-02
  4.37000E+01 -3.15348E-02
  4.38000E+01 -3.15224E-02
  4.39000E+01 -3.15100E-02
  4.40000E+01 -3.14977E-02
  4.41000E+01 -3.14854E-02
  4.42000E+01 -3.14731E-02
  4.43000E+01 -3.14608E-02
  4.44000E+01 -3.14485E-02
  4.45000E+01 -3.14363E-02
  4.46000E+01 -3.14241E-02
  4.47000E+01 -3.14119E-02
  4.48000E+01 -3.13997E-02
  4.49000E+01 -3.13875E-02
  4.50000E+01 -3.13754E-02
  4.51000E+01 -3.13633E-02
  4.52000E+01 -3.13512E-02
  4.53000E+01 -3.13391E-02
  4.54000E+01 -3.13271E-02
  4.55000E+01 -3.13151E-02
  4.56000E+01 -3.13031E-02
  4.57000E+01 -3.12911E-02
  4.58000E+01 -3.12791E-02
  4.59000E+01 -3.12672E-02
  4.60000E+01 -3.12553E-02
  4.61000E+01 -3.12434E-02
  4.62000E+01 -3.12315E-02
  4.63000E+01 -3.12196E-02
  4.64000E+01 -3.12078E-02
  4.65000E+01 -3.11960E-02
  4.66000E+01 -3.11842E-02
  4.67000E+01 -3.11724E-02
  4.68000E+01 -3.11607E-02
  4.69000E+01 -3.11489E-02
  4.70000E+01 -3.11372E-02
  4.71000E+01 -3.11255E-02
  4.72000E+01 -3.11139E-02
  4.73000E+01 -3.11022E-02
  4.74000E+01 -3.10906E-02
  4.75000E+01 -3.10790E-02
  4.76000E+01 -3.10674E-02
  4.77000E+01 -3.10558E-02
  4.78000E+01 -3.10442E-02
  4.79000E+01 -3.10327E-02
  4.80000E+01 -3.10212E-02
  4.81000E+01 -3.10097E-02
  4.82000E+01 -3.09982E-02
  4.83000E+01 -3.09867E-02
  4.84000E+01 -3.09753E-02
  4.85000E+01 -3.09639E-02
  4.86000E+01 -3.09525E-02
  4.87000E+01 -3.09411E-02
  4.88000E+01 -3.09297E-02
  4.89000E+01 -3.09184E-02
  4.90000E+01 -3.09071E-02
  4.91000E+01 -3.08958E-02
  4.92000E+01 -3.08845E-02
  4.93000E+01 -3.08732E-02
  4.94000E+01 -3.08620E-02
  4.95000E+01 -3.08507E-02
  4.96000E+01 -3.08395E-02
  4.97000E+01 -3.08283E-02
  4.98000E+01 -3.08172E-02
  4.99000E+01 -3.08060E-02
  5.00000E+01 -3.07949E-02
  5.01000E+01 -3.07837E-02
  5.02000E+01 -3.07726E-02
  5.03000E+01 -3.07616E-02
  5.04000E+01 -3.07505E-02
  5.05000E+01 -3.07394E-02
  5.06000E+01 -3.07284E-02
  5.07000E+01 -3.07174E-02
  5.08000E+01 -3.07064E-02
  5.09000E+01 -3.06954E-02
  5.10000E+01 -3.06845E-02
  5.11000E+01 -3.06735E-02
  5.12000E+01 -3.06626E-02
  5.13000E+01 -3.06517E-02
  5.14000E+01 -3.06408E-02
  5.15000E+01 -3.06299E-02
  5.16000E+01 -3.06191E-02
  5.17000E+01 -3.06082E-02
  5.18000E+01 -3.05974E-02
  5.19000E+01 -3.05866E-02
  5.20000E+01 -3.05758E-02
  5.21000E+01 -3.05651E-02
  5.22000E+01 -3.05543E-02
  5.23000E+01 -3.05436E-02
  5.24000E+01 -3.05329E-02
  5.25000E+01 -3.05222E-02
  5.26000E+01 -3.05115E-02
  5.27000E+01 -3.05008E-02
  5.28000E+01 -3.04902E-02
  5.29000E+01 -3.04795E-02
  5.30000E+01 -3.04689E-02
  5.31000E+01 -3.04583E-02
  5.32000E+01 -3.04477E-02
  5.33000E+01 -3.04372E-02
  5.34000E+01 -3.04266E-02
  5.35000E+01 -3.04161E-02
  5.36000E+01 -3.04055E-02
  5.37000E+01 -3.03950E-02
  5.38000E+01 -3.03846E-02
  5.39000E+01 -3.03741E-02
  5.40000E+01 -3.03636E-02
  5.41000E+01 -3.03532E-02
  5.42000E+01 -3.03428E-02
  5.43000E+01 -3.03324E-02
  5.44000E+01 -3.03220E-02
  5.45000E+01 -3.03116E-02
  5.46000E+01 -3.03012E-02
  5.47000E+01 -3.02909E-02
  5.48000E+01 -3.02806E-02
  5.49000E+01 -3.02703E-02
  5.50000E+01 -3.02600E-02
  5.51000E+01 -3.02497E-02
  5.52000E+01 -3.02394E-02
  5.53000E+01 -3.02292E-02
  5.54000E+01 -3.02189E-02
  5.55000E+01 -3.02087E-02
  5.56000E+01 -3.01985E-02
  5.57000E+01 -3.01883E-02
  5.58000E+01 -3.01782E-02
  5.59000E+01 -3.01680E-02
  5.60000E+01 -3.01579E-02
  5.61000E+01 -3.01477E-02
  5.62000E+01 -3.01376E-02
  5.63000E+01 -3.01275E-02
  5.64000E+01 -3.01175E-02
  5.65000E+01 -3.01074E-02
  5.66000E+01 -3.00973E-02
  5.67000E+01 -3.00873E-02
  5.68000E+01 -3.00773E-02
  5.69000E+01 -3.00673E-02
  5.70000E+01 -3.00573E-02
  5.71000E+01 -3.00473E-02
  5.72000E+01 -3.00373E-02
  5.73000E+01 -3.00274E-02
  5.74000E+01 -3.00175E-02
  5.75000E+01 -3.00075E-02
  5.76000E+01 -2.99976E-02
  5.77000E+01 -2.99877E-02
  5.78000E+01 -2.99779E-02
  5.79000E+01 -2.99680E-02
  5.80000E+01 -2.99582E-02
  5.81000E+01 -2.99483E-02
  5.82000E+01 -2.99385E-02
  5.83000E+01 -2.99287E-02
  5.84000E+01 -2.99189E-02
  5.85000E+01 -2.99091E-02
  5.86000E+01 -2.98994E-02
  5.87000E+01 -2.98896E-02
  5.88000E+01 -2.98799E-02
  5.89000E+01 -2.98702E-02
  5.90000E+01 -2.98605E-02
  5.91000E+01 -2.98508E-02
  5.92000E+01 -2.98411E-02
  5.93000E+01 -2.98314E-02
  5.94000E+01 -2.98218E-02
  5.95000E+01 -2.98121E-02
  5.96000E+01 -2.98025E-02
  5.97000E+01 -2.97929E-02
  5.98000E+01 -2.97833E-02
  5.99000E+01 -2.97737E-02
  6.00000E+01 -2.97642E-02
  6.01000E+01 -2.97546E-02
  6.02000E+01 -2.97451E-02
  6.03000E+01 -2.97355E-02
  6.04000E+01 -2.97260E-02
  6.05000E+01 -2.97165E-02
  6.06000E+01 -2.97070E-02
  6.07000E+01 -2.96976E-02
  6.08000E+01 -2.96881E-02
  6.09000E+01 -2.96786E-02
  6.10000E+01 -2.96692E-02
  6.11000E+01 -2.96598E-02
  6.12000E+01 -2.96504E-02
  6.13000E+01 -2.96410E-02
  6.14000E+01 -2.96316E-02
  6.15000E+01 -2.96222E-02
  6.16000E+01 -2.96129E-02
  6.17000E+01 -2.96035E-02
  6.18000E+01 -2.95942E-02
  6.19000E+01 -2.95849E-02
  6.20000E+01 -2.95756E-02
  6.21000E+01 -2.95663E-02
  6.22000E+01 -2.95570E-02
  6.23000E+01 -2.95477E-02
  6.24000E+01 -2.95385E-02
  6.25000E+01 -2.95292E-02
  6.26000E+01 -2.95200E-02
  6.27000E+01 -2.95108E-02
  6.28000E+01 -2.95016E-02
  6.29000E+01 -2.94924E-02
  6.30000E+01 -2.94832E-02
  6.31000E+01 -2.94740E-02
  6.32000E+01 -2.94649E-02
  6.33000E+01 -2.94557E-02
  6.34000E+01 -2.94466E-02
  6.35000E+01 -2.94375E-02
  6.36000E+01 -2.94284E-02
  6.37000E+01 -2.94193E-02
  6.38000E+01 -2.94102E-02
  6.39000E+01 -2.94011E-02
  6.40000E+01 -2.93921E-02
  6.41000E+01 -2.93830E-02
  6.42000E+01 -2.93740E-02
  6.43000E+01 -2.93650E-02
  6.44000E+01 -2.93560E-02
  6.45000E+01 -2.93470E-02
  6.46000E+01 -2.93380E-02
  6.47000E+01 -2.93290E-02
  6.48000E+01 -2.93200E-02
  6.49000E+01 -2.93111E-02
  6.50000E+01 -2.93021E-02
  6.51000E+01 -2.92932E-02
  6.52000E+01 -2.92843E-02
  6.53000E+01 -2.92754E-02
  6.54000E+01 -2.92665E-02
  6.55000E+01 -2.92576E-02
  6.56000E+01 -2.92488E-02
  6.57000E+01 -2.92399E-02
  6.58000E+01 -2.92311E-02
  6.59000E+01 -2.92222E-02
  6.60000E+01 -2.92134E-02
  6.61000E+01 -2.92046E-02
  6.62000E+01 -2.91958E-02
  6.63000E+01 -2.91870E-02
  6.64000E+01 -2.91782E-02
  6.65000E+01 -2.91695E-02
  6.66000E+01 -2.91607E-02
  6.67000E+01 -2.91520E-02
  6.68000E+01 -2.91432E-02
  6.69000E+01 -2.91345E-02
  6.70000E+01 -2.91258E-02
  6.71000E+01 -2.91171E-02
  6.72000E+01 -2.91084E-02
  6.73000E+01 -2.90998E-02
  6.74000E+01 -2.90911E-02
  6.75000E+01 -2.90824E-02
  6.76000E+01 -2.90738E-02
  6.77000E+01 -2.90652E-02
  6.78000E+01 -2.90566E-02
  6.79000E+01 -2.90479E-02
  6.80000E+01 -2.90393E-02
  6.81000E+01 -2.90308E-02
  6.82000E+01 -2.90222E-02
  6.83000E+01 -2.90136E-02
  6.84000E+01 -2.90051E-02
  6.85000E+01 -2.89965E-02
  6.86000E+01 -2.89880E-02
  6.87000E+01 -2.89795E-02
  6.88000E+01 -2.89710E-02
  6.89000E+01 -2.89625E-02
  6.90000E+01 -2.89540E-02
  6.91000E+01 -2.89455E-02
  6.92000E+01 -2.89370E-02
  6.93000E+01 -2.89286E-02
  6.94000E+01 -2.89201E-02
  6.95000E+01 -2.89117E-02
  6.96000E+01 -2.89032E-02
  6.97000E+01 -2.88948E-02
  6.98000E+01 -2.88864E-02
  6.99000E+01 -2.88780E-02
  7.00000E+01 -2.88696E-02
  7.01000E+01 -2.88613E-02
  7.02000E+01 -2.88529E-02
  7.03000E+01 -2.88446E-02
  7.04000E+01 -2.88362E-02
  7.05000E+01 -2.88279E-02
  7.06000E+01 -2.88196E-02
  7.07000E+01 -2.88112E-02
  7.08000E+01 -2.88029E-02
  7.09000E+01 -2.87946E-02
  7.10000E+01 -2.87864E-02
  7.11000E+01 -2.87781E-02
  7.12000E+01 -2.87698E-02
  7.13000E+01 -2.87616E-02
  7.14000E+01 -2.87533E-02
  7.15000E+01 -2.87451E-02
  7.16000E+01 -2.87369E-02
  7.17000E+01 -2.87287E-02
  7.18000E+01 -2.87205E-02
  7.19000E+01 -2.87123E-02
  7.20000E+01 -2.87041E-02
  7.21000E+01 -2.86959E-02
  7.22000E+01 -2.86878E-02
  7.23000E+01 -2.86796E-02
  7.24000E+01 -2.86715E-02
  7.25000E+01 -2.86633E-02
  7.26000E+01 -2.86552E-02
  7.27000E+01 -2.86471E-02
  7.28000E+01 -2.86390E-02
  7.29000E+01 -2.86309E-02
  7.30000E+01 -2.86228E-02
  7.31000E+01 -2.86147E-02
  7.32000E+01 -2.86067E-02
  7.33000E+01 -2.85986E-02
  7.34000E+01 -2.85906E-02
  7.35000E+01 -2.85825E-02
  7.36000E+01 -2.85745E-02
  7.37000E+01 -2.85665E-02
  7.38000E+01 -2.85585E-02
  7.39000E+01 -2.85505E-02
  7.40000E+01 -2.85425E-02
  7.41000E+01 -2.85345E-02
  7.42000E+01 -2.85266E-02
  7.43000E+01 -2.85186E-02
  7.44000E+01 -2.85106E-02
  7.45000E+01 -2.85027E-02
  7.46000E+01 -2.84948E-02
  7.47000E+01 -2.84868E-02
  7.48000E+01 -2.84789E-02
  7.49000E+01 -2.84710E-02
  7.50000E+01 -2.84631E-02
  7.51000E+01 -2.84552E-02
  7.52000E+01 -2.84474E-02
  7.53000E+01 -2.84395E-02
  7.54000E+01 -2.84316E-02
  7.55000E+01 -2.84238E-02
  7.56000E+01 -2.84160E-02
  7.57000E+01 -2.84081E-02
  7.58000E+01 -2.84003E-02
  7.59000E+01 -2.83925E-02
  7.60000E+01 -2.83847E-02
  7.61000E+01 -2.83769E-02
  7.62000E+01 -2.83691E-02
  7.63000E+01 -2.83613E-02
  7.64000E+01 -2.83536E-02
  7.65000E+01 -2.83458E-02
  7.66000E+01 -2.83380E-02
  7.67000E+01 -2.83303E-02
  7.68000E+01 -2.83226E-02
  7.69000E+01 -2.83148E-02
  7.70000E+01 -2.83071E-02
  7.71000E+01 -2.82994E-02
  7.72000E+01 -2.82917E-02
  7.73000E+01 -2.82840E-02
  7.74000E+01 -2.82764E-02
  7.75000E+01 -2.82687E-02
  7.76000E+01 -2.82610E-02
  7.77000E+01 -2.82534E-02
  7.78000E+01 -2.82457E-02
  7.79000E+01 -2.82381E-02
  7.80000E+01 -2.82305E-02
  7.81000E+01 -2.82228E-02
  7.82000E+01 -2.82152E-02
  7.83000E+01 -2.82076E-02
  7.84000E+01 -2.82000E-02
  7.85000E+01 -2.81924E-02
  7.86000E+01 -2.81849E-02
  7.87000E+01 -2.81773E-02
  7.88000E+01 -2.81697E-02
  7.89000E+01 -2.81622E-02
  7.90000E+01 -2.81546E-02
  7.91000E+01 -2.81471E-02
  7.92000E+01 -2.81396E-02
  7.93000E+01 -2.81321E-02
  7.94000E+01 -2.81246E-02
  7.95000E+01 -2.81171E-02
  7.96000E+01 -2.81096E-02
  7.97000E+01 -2.81021E-02
  7.98000E+01 -2.80946E-02
  7.99000E+01 -2.80871E-02
  8.00000E+01 -2.80797E-02
  8.01000E+01 -2.80722E-02
  8.02000E+01 -2.80648E-02
  8.03000E+01 -2.80573E-02
  8.04000E+01 -2.80499E-02
  8.05000E+01 -2.80425E-02
  8.06000E+01 -2.80351E-02
  8.07000E+01 -2.80277E-02
  8.08000E+01 -2.80203E-02
  8.09000E+01 -2.80129E-02
  8.10000E+01 -2.80055E-02
  8.11000E+01 -2.79982E-02
  8.12000E+01 -2.79908E-02
  8.13000E+01 -2.79834E-02
  8.14000E+01 -2.79761E-02
  8.15000E+01 -2.79688E-02
  8.16000E+01 -2.79614E-02
  8.17000E+01 -2.79541E-02
  8.18000E+01 -2.79468E-02
  8.19000E+01 -2.79395E-02
  8.20000E+01 -2.79322E-02
  8.21000E+01 -2.79249E-02
  8.22000E+01 -2.79176E-02
  8.23000E+01 -2.79103E-02
  8.24000E+01 -2.79031E-02
  8.25000E+01 -2.78958E-02
  8.26000E+01 -2.78885E-02
  8.27000E+01 -2.78813E-02
  8.28000E+01 -2.78741E-02
  8.29000E+01 -2.78668E-02
  8.30000E+01 -2.78596E-02
  8.31000E+01 -2.78524E-02
  8.32000E+01 -2.78452E-02
  8.33000E+01 -2.78380E-02
  8.34000E+01 -2.78308E-02
  8.35000E+01 -2.78236E-02
  8.36000E+01 -2.78165E-02
  8.37000E+01 -2.78093E-02
  8.38000E+01 -2.78021E-02
  8.39000E+01 -2.77950E-02
  8.40000E+01 -2.77878E-02
  8.41000E+01 -2.77807E-02
  8.42000E+01 -2.77736E-02
  8.43000E+01 -2.77664E-02
  8.44000E+01 -2.77593E-02
  8.45000E+01 -2.77522E-02
  8.46000E+01 -2.77451E-02
  8.47000E+01 -2.77380E-02
  8.48000E+01 -2.77309E-02
  8.49000E+01 -2.77239E-02
  8.50000E+01 -2.77168E-02
  8.51000E+01 -2.77097E-02
  8.52000E+01 -2.77027E-02
  8.53000E+01 -2.76956E-02
  8.54000E+01 -2.76886E-02
  8.55000E+01 -2.76816E-02
  8.56000E+01 -2.76745E-02
  8.57000E+01 -2.76675E-02
  8.58000E+01 -2.76605E-02
  8.59000E+01 -2.76535E-02
  8.60000E+01 -2.76465E-02
  8.61000E+01 -2.76395E-02
  8.62000E+01 -2.76325E-02
  8.63000E+01 -2.76256E-02
  8.64000E+01 -2.76186E-02
  8.65000E+01 -2.76116E-02
  8.66000E+01 -2.76047E-02
  8.67000E+01 -2.75977E-02
  8.68000E+01 -2.75908E-02
  8.69000E+01 -2.75839E-02
  8.70000E+01 -2.75769E-02
  8.71000E+01 -2.75700E-02
  8.72000E+01 -2.75631E-02
  8.73000E+01 -2.75562E-02
  8.74000E+01 -2.75493E-02
  8.75000E+01 -2.75424E-02
  8.76000E+01 -2.75355E-02
  8.77000E+01 -2.75287E-02
  8.78000E+01 -2.75218E-02
  8.79000E+01 -2.75149E-02
  8.80000E+01 -2.75081E-02
  8.81000E+01 -2.75012E-02
  8.82000E+01 -2.74944E-02
  8.83000E+01 -2.74875E-02
  8.84000E+01 -2.74807E-02
  8.85000E+01 -2.74739E-02
  8.86000E+01 -2.74671E-02
  8.87000E+01 -2.74603E-02
  8.88000E+01 -2.74535E-02
  8.89000E+01 -2.74467E-02
  8.90000E+01 -2.74399E-02
  8.91000E+01 -2.74331E-02
  8.92000E+01 -2.74264E-02
  8.93000E+01 -2.74196E-02
  8.94000E+01 -2.74128E-02
  8.95000E+01 -2.74061E-02
  8.96000E+01 -2.73993E-02
  8.97000E+01 -2.73926E-02
  8.98000E+01 -2.73859E-02
  8.99000E+01 -2.73791E-02
  9.00000E+01 -2.73724E-02
  9.01000E+01 -2.73657E-02
  9.02000E+01 -2.73590E-02
  9.03000E+01 -2.73523E-02
  9.04000E+01 -2.73456E-02
  9.05000E+01 -2.73389E-02
  9.06000E+01 -2.73322E-02
  9.07000E+01 -2.73256E-02
  9.08000E+01 -2.73189E-02
  9.09000E+01 -2.73123E-02
  9.10000E+01 -2.73056E-02
  9.11000E+01 -2.72990E-02
  9.12000E+01 -2.72923E-02
  9.13000E+01 -2.72857E-02
  9.14000E+01 -2.72791E-02
  9.15000E+01 -2.72724E-02
  9.16000E+01 -2.72658E-02
  9.17000E+01 -2.72592E-02
  9.18000E+01 -2.72526E-02
  9.19000E+01 -2.72460E-02
  9.20000E+01 -2.72394E-02
  9.21000E+01 -2.72329E-02
  9.22000E+01 -2.72263E-02
  9.23000E+01 -2.72197E-02
  9.24000E+01 -2.72131E-02
  9.25000E+01 -2.72066E-02
  9.26000E+01 -2.72000E-02
  9.27000E+01 -2.71935E-02
  9.28000E+01 -2.71870E-02
  9.29000E+01 -2.71804E-02
  9.30000E+01 -2.71739E-02
  9.31000E+01 -2.71674E-02
  9.32000E+01 -2.71609E-02
  9.33000E+01 -2.71544E-02
  9.34000E+01 -2.71479E-02
  9.35000E+01 -2.71414E-02
  9.36000E+01 -2.71349E-02
  9.37000E+01 -2.71284E-02
  9.38000E+01 -2.71219E-02
  9.39000E+01 -2.71155E-02
  9.40000E+01 -2.71090E-02
  9.41000E+01 -2.71026E-02
  9.42000E+01 -2.70961E-02
  9.43000E+01 -2.70897E-02
  9.44000E+01 -2.70832E-02
  9.45000E+01 -2.70768E-02
  9.46000E+01 -2.70704E-02
  9.47000E+01 -2.70640E-02
  9.48000E+01 -2.70575E-02
  9.49000E+01 -2.70511E-02
  9.50000E+01 -2.70447E-02
  9.51000E+01 -2.70383E-02
  9.52000E+01 -2.70320E-02
  9.53000E+01 -2.70256E-02
  9.54000E+01 -2.70192E-02
  9.55000E+01 -2.70128E-02
  9.56000E+01 -2.70065E-02
  9.57000E+01 -2.70001E-02
  9.58000E+01 -2.69938E-02
  9.59000E+01 -2.69874E-02
  9.60000E+01 -2.69811E-02
  9.61000E+01 -2.69747E-02
  9.62000E+01 -2.69684E-02
  9.63000E+01 -2.69621E-02
  9.64000E+01 -2.69558E-02
  9.65000E+01 -2.69495E-02
  9.66000E+01 -2.69432E-02
  9.67000E+01 -2.69369E-02
  9.68000E+01 -2.69306E-02
  9.69000E+01 -2.69243E-02
  9.70000E+01 -2.69180E-02
  9.71000E+01 -2.69117E-02
  9.72000E+01 -2.69055E-02
  9.73000E+01 -2.68992E-02
  9.74000E+01 -2.68929E-02
  9.75000E+01 -2.68867E-02
  9.76000E+01 -2.68804E-02
  9.77000E+01 -2.68742E-02
  9.78000E+01 -2.68680E-02
  9.79000E+01 -2.68617E-02
  9.80000E+01 -2.68555E-02
  9.81000E+01 -2.68493E-02
  9.82000E+01 -2.68431E-02
  9.83000E+01 -2.68369E-02
  9.84000E+01 -2.68307E-02
  9.85000E+01 -2.68245E-02
  9.86000E+01 -2.68183E-02
  9.87000E+01 -2.68121E-02
  9.88000E+01 -2.68059E-02
  9.89000E+01 -2.67998E-02
  9.90000E+01 -2.67936E-02
  9.91000E+01 -2.67874E-02
  9.92000E+01 -2.67813E-02
  9.93000E+01 -2.67751E-02
  9.94000E+01 -2.67690E-02
  9.95000E+01 -2.67628E-02
  9.96000E+01 -2.67567E-02
  9.97000E+01 -2.67506E-02
  9.98000E+01 -2.67445E-02
  9.99000E+01 -2.67383E-02
  1.00000E+02 -2.67322E-02
  1.00100E+02 -2.67261E-02
  1.00200E+02 -2.67200E-02
  1.00300E+02 -2.67139E-02
  1.00400E+02 -2.67078E-02
  1.00500E+02 -2.67018E-02
  1.00600E+02 -2.66957E-02
  1.00700E+02 -2.66896E-02
  1.00800E+02 -2.66835E-02
  1.00900E+02 -2.66775E-02
  1.01000E+02 -2.66714E-02
  1.01100E+02 -2.66654E-02
  1.01200E+02 -2.66593E-02
  1.01300E+02 -2.66533E-02
  1.01400E+02 -2.66473E-02
  1.01500E+02 -2.66412E-02
  1.01600E+02 -2.66352E-02
  1.01700E+02 -2.66292E-02
  1.01800E+02 -2.66232E-02
  1.01900E+02 -2.66172E-02
  1.02000E+02 -2.66112E-02
  1.02100E+02 -2.66052E-02
  1.02200E+02 -2.65992E-02
  1.02300E+02 -2.65932E-02
  1.02400E+02 -2.65872E-02
  1.02500E+02 -2.65812E-02
  1.02600E+02 -2.65753E-02
  1.02700E+02 -2.65693E-02
  1.02800E+02 -2.65633E-02
  1.02900E+02 -2.65574E-02
  1.03000E+02 -2.65514E-02
  1.03100E+02 -2.65455E-02
  1.03200E+02 -2.65396E-02
  1.03300E+02 -2.65336E-02
  1.03400E+02 -2.65277E-02
  1.03500E+02 -2.65218E-02
  1.03600E+02 -2.65159E-02
  1.03700E+02 -2.65099E-02
  1.03800E+02 -2.65040E-02
  1.03900E+02 -2.64981E-02
  1.04000E+02 -2.64922E-02
  1.04100E+02 -2.64863E-02
  1.04200E+02 -2.64805E-02
  1.04300E+02 -2.64746E-02
  1.04400E+02 -2.64687E-02
  1.04500E+02 -2.64628E-02
  1.04600E+02 -2.64570E-02
  1.04700E+02 -2.64511E-02
  1.04800E+02 -2.64452E-02
  1.04900E+02 -2.64394E-02
  1.05000E+02 -2.64335E-02
  1.05100E+02 -2.64277E-02
  1.05200E+02 -2.64219E-02
  1.05300E+02 -2.64160E-02
  1.05400E+02 -2.64102E-02
  1.05500E+02 -2.64044E-02
  1.05600E+02 -2.63986E-02
  1.05700E+02 -2.63928E-02
  1.05800E+02 -2.63870E-02
  1.05900E+02 -2.63812E-02
  1.06000E+02 -2.63754E-02
  1.06100E+02 -2.63696E-02
  1.06200E+02 -2.63638E-02
  1.06300E+02 -2.63580E-02
  1.06400E+02 -2.63522E-02
  1.06500E+02 -2.63465E-02
  1.06600E+02 -2.63407E-02
  1.06700E+02 -2.63349E-02
  1.06800E+02 -2.63292E-02
  1.06900E+02 -2.63234E-02
  1.07000E+02 -2.63177E-02
  1.07100E+02 -2.63119E-02
  1.07200E+02 -2.63062E-02
  1.07300E+02 -2.63005E-02
  1.07400E+02 -2.62947E-02
  1.07500E+02 -2.62890E-02
  1.07600E+02 -2.62833E-02
  1.07700E+02 -2.62776E-02
  1.07800E+02 -2.62719E-02
  1.07900E+02 -2.62662E-02
  1.08000E+02 -2.62605E-02
  1.08100E+02 -2.62548E-02
  1.08200E+02 -2.62491E-02
  1.08300E+02 -2.62434E-02
  1.08400E+02 -2.62377E-02
  1.08500E+02 -2.62321E-02
  1.08600E+02 -2.62264E-02
  1.08700E+02 -2.62207E-02
  1.08800E+02 -2.62151E-02
  1.08900E+02 -2.62094E-02
  1.09000E+02 -2.62038E-02
  1.09100E+02 -2.61981E-02
  1.09200E+02 -2.61925E-02
  1.09300E+02 -2.61868E-02
  1.09400E+02 -2.61812E-02
  1.09500E+02 -2.61756E-02
  1.09600E+02 -2.61700E-02
  1.09700E+02 -2.61643E-02
  1.09800E+02 -2.61587E-02
  1.09900E+02 -2.61531E-02
  1.10000E+02 -2.61475E-02
  1.10100E+02 -2.61419E-02
  1.10200E+02 -2.61363E-02
  1.10300E+02 -2.61307E-02
  1.10400E+02 -2.61251E-02
  1.10500E+02 -2.61196E-02
  1.10600E+02 -2.61140E-02
  1.10700E+02 -2.61084E-02
  1.10800E+02 -2.61029E-02
  1.10900E+02 -2.60973E-02
  1.11000E+02 -2.60917E-02
  1.11100E+02 -2.60862E-02
  1.11200E+02 -2.60806E-02
  1.11300E+02 -2.60751E-02
  1.11400E+02 -2.60696E-02
  1.11500E+02 -2.60640E-02
  1.11600E+02 -2.60585E-02
  1.11700E+02 -2.60530E-02
  1.11800E+02 -2.60474E-02
  1.11900E+02 -2.60419E-02
  1.12000E+02 -2.60364E-02
  1.12100E+02 -2.60309E-02
  1.12200E+02 -2.60254E-02
  1.12300E+02 -2.60199E-02
  1.12400E+02 -2.60144E-02
  1.12500E+02 -2.60089E-02
  1.12600E+02 -2.60034E-02
  1.12700E+02 -2.59980E-02
  1.12800E+02 -2.59925E-02
  1.12900E+02 -2.59870E-02
  1.13000E+02 -2.59815E-02
  1.13100E+02 -2.59761E-02
  1.13200E+02 -2.59706E-02
  1.13300E+02 -2.59652E-02
  1.13400E+02 -2.59597E-02
  1.13500E+02 -2.59543E-02
  1.13600E+02 -2.59488E-02
  1.13700E+02 -2.59434E-02
  1.13800E+02 -2.59380E-02
  1.13900E+02 -2.59325E-02
  1.14000E+02 -2.59271E-02
  1.14100E+02 -2.59217E-02
  1.14200E+02 -2.59163E-02
  1.14300E+02 -2.59109E-02
  1.14400E+02 -2.59055E-02
  1.14500E+02 -2.59001E-02
  1.14600E+02 -2.58947E-02
  1.14700E+02 -2.58893E-02
  1.14800E+02 -2.58839E-02
  1.14900E+02 -2.58785E-02
  1.15000E+02 -2.58731E-02
  1.15100E+02 -2.58677E-02
  1.15200E+02 -2.58624E-02
  1.15300E+02 -2.58570E-02
  1.15400E+02 -2.58516E-02
  1.15500E+02 -2.58463E-02
  1.15600E+02 -2.58409E-02
  1.15700E+02 -2.58356E-02
  1.15800E+02 -2.58302E-02
  1.15900E+02 -2.58249E-02
  1.16000E+02 -2.58196E-02
  1.16100E+02 -2.58142E-02
  1.16200E+02 -2.58089E-02
  1.16300E+02 -2.58036E-02
  1.16400E+02 -2.57983E-02
  1.16500E+02 -2.57929E-02
  1.16600E+02 -2.57876E-02
  1.16700E+02 -2.57823E-02
  1.16800E+02 -2.57770E-02
  1.16900E+02 -2.57717E-02
  1.17000E+02 -2.57664E-02
  1.17100E+02 -2.57611E-02
  1.17200E+02 -2.57558E-02
  1.17300E+02 -2.57506E-02
  1.17400E+02 -2.57453E-02
  1.17500E+02 -2.57400E-02
  1.17600E+02 -2.57347E-02
  1.17700E+02 -2.57295E-02
  1.17800E+02 -2.57242E-02
  1.17900E+02 -2.57189E-02
  1.18000E+02 -2.57137E-02
  1.18100E+02 -2.57084E-02
  1.18200E+02 -2.57032E-02
  1.18300E+02 -2.56980E-02
  1.18400E+02 -2.56927E-02
  1.18500E+02 -2.56875E-02
  1.18600E+02 -2.56823E-02
  1.18700E+02 -2.56770E-02
  1.18800E+02 -2.56718E-02
  1.18900E+02 -2.56666E-02
  1.19000E+02 -2.56614E-02
  1.19100E+02 -2.56562E-02
  1.19200E+02 -2.56510E-02
  1.19300E+02 -2.56458E-02
  1.19400E+02 -2.56406E-02
  1.19500E+02 -2.56354E-02
  1.19600E+02 -2.56302E-02
  1.19700E+02 -2.56250E-02
  1.19800E+02 -2.56198E-02
  1.19900E+02 -2.56146E-02
  1.20000E+02 -2.56095E-02
  1.20100E+02 -2.56043E-02
  1.20200E+02 -2.55991E-02
  1.20300E+02 -2.55940E-02
  1.20400E+02 -2.55888E-02
  1.20500E+02 -2.55837E-02
  1.20600E+02 -2.55785E-02
  1.20700E+02 -2.55734E-02
  1.20800E+02 -2.55682E-02
  1.20900E+02 -2.55631E-02
  1.21000E+02 -2.55579E-02
  1.21100E+02 -2.55528E-02
  1.21200E+02 -2.55477E-02
  1.21300E+02 -2.55426E-02
  1.21400E+02 -2.55374E-02
  1.21500E+02 -2.55323E-02
  1.21600E+02 -2.55272E-02
  1.21700E+02 -2.55221E-02
  1.21800E+02 -2.55170E-02
  1.21900E+02 -2.55119E-02
  1.22000E+02 -2.55068E-02
  1.22100E+02 -2.55017E-02
  1.22200E+02 -2.54966E-02
  1.22300E+02 -2.54916E-02
  1.22400E+02 -2.54865E-02
  1.22500E+02 -2.54814E-02
  1.22600E+02 -2.54763E-02
  1.22700E+02 -2.54713E-02
  1.22800E+02 -2.54662E-02
  1.22900E+02 -2.54611E-02
  1.23000E+02 -2.54561E-02
  1.23100E+02 -2.54510E-02
  1.23200E+02 -2.54460E-02
  1.23300E+02 -2.54409E-02
  1.23400E+02 -2.54359E-02
  1.23500E+02 -2.54308E-02
  1.23600E+02 -2.54258E-02
  1.23700E+02 -2.54208E-02
  1.23800E+02 -2.54158E-02
  1.23900E+02 -2.54107E-02
  1.24000E+02 -2.54057E-02
  1.24100E+02 -2.54007E-02
  1.24200E+02 -2.53957E-02
  1.24300E+02 -2.53907E-02
  1.24400E+02 -2.53857E-02
  1.24500E+02 -2.53807E-02
  1.24600E+02 -2.53757E-02
  1.24700E+02 -2.53707E-02
  1.24800E+02 -2.53657E-02
  1.24900E+02 -2.53607E-02
  1.25000E+02 -2.53557E-02
  1.25100E+02 -2.53507E-02
  1.25200E+02 -2.53458E-02
  1.25300E+02 -2.53408E-02
  1.25400E+02 -2.53358E-02
  1.25500E+02 -2.53309E-02
  1.25600E+02 -2.53259E-02
  1.25700E+02 -2.53210E-02
  1.25800E+02 -2.53160E-02
  1.25900E+02 -2.53111E-02
  1.26000E+02 -2.53061E-02
  1.26100E+02 -2.53012E-02
  1.26200E+02 -2.52962E-02
  1.26300E+02 -2.52913E-02
  1.26400E+02 -2.52864E-02
  1.26500E+02 -2.52814E-02
  1.26600E+02 -2.52765E-02
  1.26700E+02 -2.52716E-02
  1.26800E+02 -2.52667E-02
  1.26900E+02 -2.52618E-02
  1.27000E+02 -2.52569E-02
  1.27100E+02 -2.52519E-02
  1.27200E+02 -2.52470E-02
  1.27300E+02 -2.52421E-02
  1.27400E+02 -2.52372E-02
  1.27500E+02 -2.52324E-02
  1.27600E+02 -2.52275E-02
  1.27700E+02 -2.52226E-02
  1.27800E+02 -2.52177E-02
  1.27900E+02 -2.52128E-02
  1.28000E+02 -2.52080E-02
  1.28100E+02 -2.52031E-02
  1.28200E+02 -2.51982E-02
  1.28300E+02 -2.51934E-02
  1.28400E+02 -2.51885E-02
  1.28500E+02 -2.51836E-02
  1.28600E+02 -2.51788E-02
  1.28700E+02 -2.51739E-02
  1.28800E+02 -2.51691E-02
  1.28900E+02 -2.51642E-02
  1.29000E+02 -2.51594E-02
  1.29100E+02 -2.51546E-02
  1.29200E+02 -2.51497E-02
  1.29300E+02 -2.51449E-02
  1.29400E+02 -2.51401E-02
  1.29500E+02 -2.51353E-02
  1.29600E+02 -2.51304E-02
  1.29700E+02 -2.51256E-02
  1.29800E+02 -2.51208E-02
  1.29900E+02 -2.51160E-02
  1.30000E+02 -2.51112E-02
  1.30100E+02 -2.51064E-02
  1.30200E+02 -2.51016E-02
  1.30300E+02 -2.50968E-02
  1.30400E+02 -2.50920E-02
  1.30500E+02 -2.50872E-02
  1.30600E+02 -2.50825E-02
  1.30700E+02 -2.50777E-02
  1.30800E+02 -2.50729E-02
  1.30900E+02 -2.50681E-02
  1.31000E+02 -2.50634E-02
  1.31100E+02 -2.50586E-02
  1.31200E+02 -2.50538E-02
  1.31300E+02 -2.50491E-02
  1.31400E+02 -2.50443E-02
  1.31500E+02 -2.50395E-02
  1.31600E+02 -2.50348E-02
  1.31700E+02 -2.50301E-02
  1.31800E+02 -2.50253E-02
  1.31900E+02 -2.50206E-02
  1.32000E+02 -2.50158E-02
  1.32100E+02 -2.50111E-02
  1.32200E+02 -2.50064E-02
  1.32300E+02 -2.50016E-02
  1.32400E+02 -2.49969E-02
  1.32500E+02 -2.49922E-02
  1.32600E+02 -2.49875E-02
  1.32700E+02 -2.49828E-02
  1.32800E+02 -2.49781E-02
  1.32900E+02 -2.49734E-02
  1.33000E+02 -2.49686E-02
  1.33100E+02 -2.49639E-02
  1.33200E+02 -2.49593E-02
  1.33300E+02 -2.49546E-02
  1.33400E+02 -2.49499E-02
  1.33500E+02 -2.49452E-02
  1.33600E+02 -2.49405E-02
  1.33700E+02 -2.49358E-02
  1.33800E+02 -2.49311E-02
  1.33900E+02 -2.49265E-02
  1.34000E+02 -2.49218E-02
  1.34100E+02 -2.49171E-02
  1.34200E+02 -2.49125E-02
  1.34300E+02 -2.49078E-02
  1.34400E+02 -2.49031E-02
  1.34500E+02 -2.48985E-02
  1.34600E+02 -2.48938E-02
  1.34700E+02 -2.48892E-02
  1.34800E+02 -2.48845E-02
  1.34900E+02 -2.48799E-02
  1.35000E+02 -2.48753E-02
  1.35100E+02 -2.48706E-02
  1.35200E+02 -2.48660E-02
  1.35300E+02 -2.48614E-02
  1.35400E+02 -2.48567E-02
  1.35500E+02 -2.48521E-02
  1.35600E+02 -2.48475E-02
  1.35700E+02 -2.48429E-02
  1.35800E+02 -2.48383E-02
  1.35900E+02 -2.48337E-02
  1.36000E+02 -2.48290E-02
  1.36100E+02 -2.48244E-02
  1.36200E+02 -2.48198E-02
  1.36300E+02 -2.48152E-02
  1.36400E+02 -2.48107E-02
  1.36500E+02 -2.48061E-02
  1.36600E+02 -2.48015E-02
  1.36700E+02 -2.47969E-02
  1.36800E+02 -2.47923E-02
  1.36900E+02 -2.47877E-02
  1.37000E+02 -2.47832E-02
  1.37100E+02 -2.47786E-02
  1.37200E+02 -2.47740E-02
  1.37300E+02 -2.47694E-02
  1.37400E+02 -2.47649E-02
  1.37500E+02 -2.47603E-02
  1.37600E+02 -2.47558E-02
  1.37700E+02 -2.47512E-02
  1.37800E+02 -2.47467E-02
  1.37900E+02 -2.47421E-02
  1.38000E+02 -2.47376E-02
  1.38100E+02 -2.47330E-02
  1.38200E+02 -2.47285E-02
  1.38300E+02 -2.47240E-02
  1.38400E+02 -2.47194E-02
  1.38500E+02 -2.47149E-02
  1.38600E+02 -2.47104E-02
  1.38700E+02 -2.47058E-02
  1.38800E+02 -2.47013E-02
  1.38900E+02 -2.46968E-02
  1.39000E+02 -2.46923E-02
  1.39100E+02 -2.46878E-02
  1.39200E+02 -2.46833E-02
  1.39300E+02 -2.46788E-02
  1.39400E+02 -2.46743E-02
  1.39500E+02 -2.46698E-02
  1.39600E+02 -2.46653E-02
  1.39700E+02 -2.46608E-02
  1.39800E+02 -2.46563E-02
  1.39900E+02 -2.46518E-02
  1.40000E+02 -2.46473E-02
  1.40100E+02 -2.46428E-02
  1.40200E+02 -2.46384E-02
  1.40300E+02 -2.46339E-02
  1.40400E+02 -2.46294E-02
  1.40500E+02 -2.46249E-02
  1.40600E+02 -2.46205E-02
  1.40700E+02 -2.46160E-02
  1.40800E+02 -2.46115E-02
  1.40900E+02 -2.46071E-02
  1.41000E+02 -2.46026E-02
  1.41100E+02 -2.45982E-02
  1.41200E+02 -2.45937E-02
  1.41300E+02 -2.45893E-02
  1.41400E+02 -2.45849E-02
  1.41500E+02 -2.45804E-02
  1.41600E+02 -2.45760E-02
  1.41700E+02 -2.45715E-02
  1.41800E+02 -2.45671E-02
  1.41900E+02 -2.45627E-02
  1.42000E+02 -2.45583E-02
  1.42100E+02 -2.45538E-02
  1.42200E+02 -2.45494E-02
  1.42300E+02 -2.45450E-02
  1.42400E+02 -2.45406E-02
  1.42500E+02 -2.45362E-02
  1.42600E+02 -2.45318E-02
  1.42700E+02 -2.45274E-02
  1.42800E+02 -2.45230E-02
  1.42900E+02 -2.45186E-02
  1.43000E+02 -2.45142E-02
  1.43100E+02 -2.45098E-02
  1.43200E+02 -2.45054E-02
  1.43300E+02 -2.45010E-02
  1.43400E+02 -2.44966E-02
  1.43500E+02 -2.44922E-02
  1.43600E+02 -2.44879E-02
  1.43700E+02 -2.44835E-02
  1.43800E+02 -2.44791E-02
  1.43900E+02 -2.44747E-02
  1.44000E+02 -2.44704E-02
  1.44100E+02 -2.44660E-02
  1.44200E+02 -2.44616E-02
  1.44300E+02 -2.44573E-02
  1.44400E+02 -2.44529E-02
  1.44500E+02 -2.44486E-02
  1.44600E+02 -2.44442E-02
  1.44700E+02 -2.44399E-02
  1.44800E+02 -2.44355E-02
  1.44900E+02 -2.44312E-02
  1.45000E+02 -2.44268E-02
  1.45100E+02 -2.44225E-02
  1.45200E+02 -2.44182E-02
  1.45300E+02 -2.44138E-02
  1.45400E+02 -2.44095E-02
  1.45500E+02 -2.44052E-02
  1.45600E+02 -2.44009E-02
  1.45700E+02 -2.43966E-02
  1.45800E+02 -2.43922E-02
  1.45900E+02 -2.43879E-02
  1.46000E+02 -2.43836E-02
  1.46100E+02 -2.43793E-02
  1.46200E+02 -2.43750E-02
  1.46300E+02 -2.43707E-02
  1.46400E+02 -2.43664E-02
  1.46500E+02 -2.43621E-02
  1.46600E+02 -2.43578E-02
  1.46700E+02 -2.43535E-02
  1.46800E+02 -2.43492E-02
  1.46900E+02 -2.43449E-02
  1.47000E+02 -2.43407E-02
  1.47100E+02 -2.43364E-02
  1.47200E+02 -2.43321E-02
  1.47300E+02 -2.43278E-02
  1.47400E+02 -2.43235E-02
  1.47500E+02 -2.43193E-02
  1.47600E+02 -2.43150E-02
  1.47700E+02 -2.43107E-02
  1.47800E+02 -2.43065E-02
  1.47900E+02 -2.43022E-02
  1.48000E+02 -2.42980E-02
  1.48100E+02 -2.42937E-02
  1.48200E+02 -2.42895E-02
  1.48300E+02 -2.42852E-02
  1.48400E+02 -2.42810E-02
  1.48500E+02 -2.42767E-02
  1.48600E+02 -2.42725E-02
  1.48700E+02 -2.42682E-02
  1.48800E+02 -2.42640E-02
  1.48900E+02 -2.42598E-02
  1.49000E+02 -2.42555E-02
  1.49100E+02 -2.42513E-02
  1.49200E+02 -2.42471E-02
  1.49300E+02 -2.42429E-02
  1.49400E+02 -2.42387E-02
  1.49500E+02 -2.42344E-02
  1.49600E+02 -2.42302E-02
  1.49700E+02 -2.42260E-02
  1.49800E+02 -2.42218E-02
  1.49900E+02 -2.42176E-02
  1.50000E+02 -2.42134E-02
  1.50100E+02 -2.42092E-02
  1.50200E+02 -2.42050E-02
  1.50300E+02 -2.42008E-02
  1.50400E+02 -2.41966E-02
  1.50500E+02 -2.41924E-02
  1.50600E+02 -2.41882E-02
  1.50700E+02 -2.41840E-02
  1.50800E+02 -2.41799E-02
  1.50900E+02 -2.41757E-02
  1.51000E+02 -2.41715E-02
  1.51100E+02 -2.41673E-02
  1.51200E+02 -2.41632E-02
  1.51300E+02 -2.41590E-02
  1.51400E+02 -2.41548E-02
  1.51500E+02 -2.41507E-02
  1.51600E+02 -2.41465E-02
  1.51700E+02 -2.41423E-02
  1.51800E+02 -2.41382E-02
  1.51900E+02 -2.41340E-02
  1.52000E+02 -2.41299E-02
  1.52100E+02 -2.41257E-02
  1.52200E+02 -2.41216E-02
  1.52300E+02 -2.41174E-02
  1.52400E+02 -2.41133E-02
  1.52500E+02 -2.41092E-02
  1.52600E+02 -2.41050E-02
  1.52700E+02 -2.41009E-02
  1.52800E+02 -2.40968E-02
  1.52900E+02 -2.40926E-02
  1.53000E+02 -2.40885E-02
  1.53100E+02 -2.40844E-02
  1.53200E+02 -2.40803E-02
  1.53300E+02 -2.40762E-02
  1.53400E+02 -2.40720E-02
  1.53500E+02 -2.40679E-02
  1.53600E+02 -2.40638E-02
  1.53700E+02 -2.40597E-02
  1.53800E+02 -2.40556E-02
  1.53900E+02 -2.40515E-02
  1.54000E+02 -2.40474E-02
  1.54100E+02 -2.40433E-02
  1.54200E+02 -2.40392E-02
  1.54300E+02 -2.40351E-02
  1.54400E+02 -2.40310E-02
  1.54500E+02 -2.40269E-02
  1.54600E+02 -2.40229E-02
  1.54700E+02 -2.40188E-02
  1.54800E+02 -2.40147E-02
  1.54900E+02 -2.40106E-02
  1.55000E+02 -2.40065E-02
  1.55100E+02 -2.40025E-02
  1.55200E+02 -2.39984E-02
  1.55300E+02 -2.39943E-02
  1.55400E+02 -2.39903E-02
  1.55500E+02 -2.39862E-02
  1.55600E+02 -2.39821E-02
  1.55700E+02 -2.39781E-02
  1.55800E+02 -2.39740E-02
  1.55900E+02 -2.39700E-02
  1.56000E+02 -2.39659E-02
  1.56100E+02 -2.39619E-02
  1.56200E+02 -2.39578E-02
  1.56300E+02 -2.39538E-02
  1.56400E+02 -2.39497E-02
  1.56500E+02 -2.39457E-02
  1.56600E+02 -2.39417E-02
  1.56700E+02 -2.39376E-02
  1.56800E+02 -2.39336E-02
  1.56900E+02 -2.39296E-02
  1.57000E+02 -2.39255E-02
  1.57100E+02 -2.39215E-02
  1.57200E+02 -2.39175E-02
  1.57300E+02 -2.39135E-02
  1.57400E+02 -2.39095E-02
  1.57500E+02 -2.39055E-02
  1.57600E+02 -2.39014E-02
  1.57700E+02 -2.38974E-02
  1.57800E+02 -2.38934E-02
  1.57900E+02 -2.38894E-02
  1.58000E+02 -2.38854E-02
  1.58100E+02 -2.38814E-02
  1.58200E+02 -2.38774E-02
  1.58300E+02 -2.38734E-02
  1.58400E+02 -2.38694E-02
  1.58500E+02 -2.38654E-02
  1.58600E+02 -2.38615E-02
  1.58700E+02 -2.38575E-02
  1.58800E+02 -2.38535E-02
  1.58900E+02 -2.38495E-02
  1.59000E+02 -2.38455E-02
  1.59100E+02 -2.38416E-02
  1.59200E+02 -2.38376E-02
  1.59300E+02 -2.38336E-02
  1.59400E+02 -2.38296E-02
  1.59500E+02 -2.38257E-02
  1.59600E+02 -2.38217E-02
  1.59700E+02 -2.38177E-02
  1.59800E+02 -2.38138E-02
  1.59900E+02 -2.38098E-02
  1.60000E+02 -2.38059E-02
  1.60100E+02 -2.38019E-02
  1.60200E+02 -2.37980E-02
  1.60300E+02 -2.37940E-02
  1.60400E+02 -2.37901E-02
  1.60500E+02 -2.37861E-02
  1.60600E+02 -2.37822E-02
  1.60700E+02 -2.37783E-02
  1.60800E+02 -2.37743E-02
  1.60900E+02 -2.37704E-02
  1.61000E+02 -2.37665E-02
  1.61100E+02 -2.37625E-02
  1.61200E+02 -2.37586E-02
  1.61300E+02 -2.37547E-02
  1.61400E+02 -2.37507E-02
  1.61500E+02 -2.37468E-02
  1.61600E+02 -2.37429E-02
  1.61700E+02 -2.37390E-02
  1.61800E+02 -2.37351E-02
  1.61900E+02 -2.37312E-02
  1.62000E+02 -2.37273E-02
  1.62100E+02 -2.37234E-02
  1.62200E+02 -2.37195E-02
  1.62300E+02 -2.37156E-02
  1.62400E+02 -2.37117E-02
  1.62500E+02 -2.37078E-02
  1.62600E+02 -2.37039E-02
  1.62700E+02 -2.37000E-02
  1.62800E+02 -2.36961E-02
  1.62900E+02 -2.36922E-02
  1.63000E+02 -2.36883E-02
  1.63100E+02 -2.36844E-02
  1.63200E+02 -2.36805E-02
  1.63300E+02 -2.36767E-02
  1.63400E+02 -2.36728E-02
  1.63500E+02 -2.36689E-02
  1.63600E+02 -2.36650E-02
  1.63700E+02 -2.36612E-02
  1.63800E+02 -2.36573E-02
  1.63900E+02 -2.36534E-02
  1.64000E+02 -2.36496E-02
  1.64100E+02 -2.36457E-02
  1.64200E+02 -2.36418E-02
  1.64300E+02 -2.36380E-02
  1.64400E+02 -2.36341E-02
  1.64500E+02 -2.36303E-02
  1.64600E+02 -2.36264E-02
  1.64700E+02 -2.36226E-02
  1.64800E+02 -2.36187E-02
  1.64900E+02 -2.36149E-02
  1.65000E+02 -2.36111E-02
  1.65100E+02 -2.36072E-02
  1.65200E+02 -2.36034E-02
  1.65300E+02 -2.35995E-02
  1.65400E+02 -2.35957E-02
  1.65500E+02 -2.35919E-02
  1.65600E+02 -2.35881E-02
  1.65700E+02 -2.35842E-02
  1.65800E+02 -2.35804E-02
  1.65900E+02 -2.35766E-02
  1.66000E+02 -2.35728E-02
  1.66100E+02 -2.35690E-02
  1.66200E+02 -2.35651E-02
  1.66300E+02 -2.35613E-02
  1.66400E+02 -2.35575E-02
  1.66500E+02 -2.35537E-02
  1.66600E+02 -2.35499E-02
  1.66700E+02 -2.35461E-02
  1.66800E+02 -2.35423E-02
  1.66900E+02 -2.35385E-02
  1.67000E+02 -2.35347E-02
  1.67100E+02 -2.35309E-02
  1.67200E+02 -2.35271E-02
  1.67300E+02 -2.35233E-02
  1.67400E+02 -2.35195E-02
  1.67500E+02 -2.35157E-02
  1.67600E+02 -2.35120E-02
  1.67700E+02 -2.35082E-02
  1.67800E+02 -2.35044E-02
  1.67900E+02 -2.35006E-02
  1.68000E+02 -2.34968E-02
  1.68100E+02 -2.34931E-02
  1.68200E+02 -2.34893E-02
  1.68300E+02 -2.34855E-02
  1.68400E+02 -2.34818E-02
  1.68500E+02 -2.34780E-02
  1.68600E+02 -2.34742E-02
  1.68700E+02 -2.34705E-02
  1.68800E+02 -2.34667E-02
  1.68900E+02 -2.34630E-02
  1.69000E+02 -2.34592E-02
  1.69100E+02 -2.34554E-02
  1.69200E+02 -2.34517E-02
  1.69300E+02 -2.34479E-02
  1.69400E+02 -2.34442E-02
  1.69500E+02 -2.34405E-02
  1.69600E+02 -2.34367E-02
  1.69700E+02 -2.34330E-02
  1.69800E+02 -2.34292E-02
  1.69900E+02 -2.34255E-02
  1.70000E+02 -2.34218E-02
  1.70100E+02 -2.34180E-02
  1.70200E+02 -2.34143E-02
  1.70300E+02 -2.34106E-02
  1.70400E+02 -2.34069E-02
  1.70500E+02 -2.34031E-02
  1.70600E+02 -2.33994E-02
  1.70700E+02 -2.33957E-02
  1.70800E+02 -2.33920E-02
  1.70900E+02 -2.33883E-02
  1.71000E+02 -2.33845E-02
  1.71100E+02 -2.33808E-02
  1.71200E+02 -2.33771E-02
  1.71300E+02 -2.33734E-02
  1.71400E+02 -2.33697E-02
  1.71500E+02 -2.33660E-02
  1.71600E+02 -2.33623E-02
  1.71700E+02 -2.33586E-02
  1.71800E+02 -2.33549E-02
  1.71900E+02 -2.33512E-02
  1.72000E+02 -2.33475E-02
  1.72100E+02 -2.33438E-02
  1.72200E+02 -2.33402E-02
  1.72300E+02 -2.33365E-02
  1.72400E+02 -2.33328E-02
  1.72500E+02 -2.33291E-02
  1.72600E+02 -2.33254E-02
  1.72700E+02 -2.33217E-02
  1.72800E+02 -2.33181E-02
  1.72900E+02 -2.33144E-02
  1.73000E+02 -2.33107E-02
  1.73100E+02 -2.33070E-02
  1.73200E+02 -2.33034E-02
  1.73300E+02 -2.32997E-02
  1.73400E+02 -2.32961E-02
  1.73500E+02 -2.32924E-02
  1.73600E+02 -2.32887E-02
  1.73700E+02 -2.32851E-02
  1.73800E+02 -2.32814E-02
  1.73900E+02 -2.32778E-02
  1.74000E+02 -2.32741E-02
  1.74100E+02 -2.32705E-02
  1.74200E+02 -2.32668E-02
  1.74300E+02 -2.32632E-02
  1.74400E+02 -2.32595E-02
  1.74500E+02 -2.32559E-02
  1.74600E+02 -2.32522E-02
  1.74700E+02 -2.32486E-02
  1.74800E+02 -2.32450E-02
  1.74900E+02 -2.32413E-02
  1.75000E+02 -2.32377E-02
  1.75100E+02 -2.32341E-02
  1.75200E+02 -2.32304E-02
  1.75300E+02 -2.32268E-02
  1.75400E+02 -2.32232E-02
  1.75500E+02 -2.32196E-02
  1.75600E+02 -2.32160E-02
  1.75700E+02 -2.32123E-02
  1.75800E+02 -2.32087E-02
  1.75900E+02 -2.32051E-02
  1.76000E+02 -2.32015E-02
  1.76100E+02 -2.31979E-02
  1.76200E+02 -2.31943E-02
  1.76300E+02 -2.31907E-02
  1.76400E+02 -2.31871E-02
  1.76500E+02 -2.31835E-02
  1.76600E+02 -2.31799E-02
  1.76700E+02 -2.31763E-02
  1.76800E+02 -2.31727E-02
  1.76900E+02 -2.31691E-02
  1.77000E+02 -2.31655E-02
  1.77100E+02 -2.31619E-02
  1.77200E+02 -2.31583E-02
  1.77300E+02 -2.31547E-02
  1.77400E+02 -2.31511E-02
  1.77500E+02 -2.31475E-02
  1.77600E+02 -2.31440E-02
  1.77700E+02 -2.31404E-02
  1.77800E+02 -2.31368E-02
  1.77900E+02 -2.31332E-02
  1.78000E+02 -2.31297E-02
  1.78100E+02 -2.31261E-02
  1.78200E+02 -2.31225E-02
  1.78300E+02 -2.31189E-02
  1.78400E+02 -2.31154E-02
  1.78500E+02 -2.31118E-02
  1.78600E+02 -2.31083E-02
  1.78700E+02 -2.31047E-02
  1.78800E+02 -2.31011E-02
  1.78900E+02 -2.30976E-02
  1.79000E+02 -2.30940E-02
  1.79100E+02 -2.30905E-02
  1.79200E+02 -2.30869E-02
  1.79300E+02 -2.30834E-02
  1.79400E+02 -2.30798E-02
  1.79500E+02 -2.30763E-02
  1.79600E+02 -2.30727E-02
  1.79700E+02 -2.30692E-02
  1.79800E+02 -2.30657E-02
  1.79900E+02 -2.30621E-02
  1.80000E+02 -2.30586E-02
  1.80100E+02 -2.30551E-02
  1.80200E+02 -2.30515E-02
  1.80300E+02 -2.30480E-02
  1.80400E+02 -2.30445E-02
  1.80500E+02 -2.30409E-02
  1.80600E+02 -2.30374E-02
  1.80700E+02 -2.30339E-02
  1.80800E+02 -2.30304E-02
  1.80900E+02 -2.30269E-02
  1.81000E+02 -2.30233E-02
  1.81100E+02 -2.30198E-02
  1.81200E+02 -2.30163E-02
  1.81300E+02 -2.30128E-02
  1.81400E+02 -2.30093E-02
  1.81500E+02 -2.30058E-02
  1.81600E+02 -2.30023E-02
  1.81700E+02 -2.29988E-02
  1.81800E+02 -2.29953E-02
  1.81900E+02 -2.29918E-02
  1.82000E+02 -2.29883E-02
  1.82100E+02 -2.29848E-02
  1.82200E+02 -2.29813E-02
  1.82300E+02 -2.29778E-02
  1.82400E+02 -2.29743E-02
  1.82500E+02 -2.29708E-02
  1.82600E+02 -2.29673E-02
  1.82700E+02 -2.29638E-02
  1.82800E+02 -2.29604E-02
  1.82900E+02 -2.29569E-02
  1.83000E+02 -2.29534E-02
  1.83100E+02 -2.29499E-02
  1.83200E+02 -2.29464E-02
  1.83300E+02 -2.29430E-02
  1.83400E+02 -2.29395E-02
  1.83500E+02 -2.29360E-02
  1.83600E+02 -2.29326E-02
  1.83700E+02 -2.29291E-02
  1.83800E+02 -2.29256E-02
  1.83900E+02 -2.29222E-02
  1.84000E+02 -2.29187E-02
  1.84100E+02 -2.29152E-02
  1.84200E+02 -2.29118E-02
  1.84300E+02 -2.29083E-02
  1.84400E+02 -2.29049E-02
  1.84500E+02 -2.29014E-02
  1.84600E+02 -2.28980E-02
  1.84700E+02 -2.28945E-02
  1.84800E+02 -2.28911E-02
  1.84900E+02 -2.28876E-02
  1.85000E+02 -2.28842E-02
  1.85100E+02 -2.28807E-02
  1.85200E+02 -2.28773E-02
  1.85300E+02 -2.28739E-02
  1.85400E+02 -2.28704E-02
  1.85500E+02 -2.28670E-02
  1.85600E+02 -2.28636E-02
  1.85700E+02 -2.28601E-02
  1.85800E+02 -2.28567E-02
  1.85900E+02 -2.28533E-02
  1.86000E+02 -2.28498E-02
  1.86100E+02 -2.28464E-02
  1.86200E+02 -2.28430E-02
  1.86300E+02 -2.28396E-02
  1.86400E+02 -2.28362E-02
  1.86500E+02 -2.28327E-02
  1.86600E+02 -2.28293E-02
  1.86700E+02 -2.28259E-02
  1.86800E+02 -2.28225E-02
  1.86900E+02 -2.28191E-02
  1.87000E+02 -2.28157E-02
  1.87100E+02 -2.28123E-02
  1.87200E+02 -2.28089E-02
  1.87300E+02 -2.28055E-02
  1.87400E+02 -2.28021E-02
  1.87500E+02 -2.27987E-02
  1.87600E+02 -2.27953E-02
  1.87700E+02 -2.27919E-02
  1.87800E+02 -2.27885E-02
  1.87900E+02 -2.27851E-02
  1.88000E+02 -2.27817E-02
  1.88100E+02 -2.27783E-02
  1.88200E+02 -2.27749E-02
  1.88300E+02 -2.27715E-02
  1.88400E+02 -2.27681E-02
  1.88500E+02 -2.27648E-02
  1.88600E+02 -2.27614E-02
  1.88700E+02 -2.27580E-02
  1.88800E+02 -2.27546E-02
  1.88900E+02 -2.27512E-02
  1.89000E+02 -2.27479E-02
  1.89100E+02 -2.27445E-02
  1.89200E+02 -2.27411E-02
  1.89300E+02 -2.27378E-02
  1.89400E+02 -2.27344E-02
  1.89500E+02 -2.27310E-02
  1.89600E+02 -2.27277E-02
  1.89700E+02 -2.27243E-02
  1.89800E+02 -2.27209E-02
  1.89900E+02 -2.27176E-02
  1.90000E+02 -2.27142E-02
  1.90100E+02 -2.27109E-02
  1.90200E+02 -2.27075E-02
  1.90300E+02 -2.27042E-02
  1.90400E+02 -2.27008E-02
  1.90500E+02 -2.26975E-02
  1.90600E+02 -2.26941E-02
  1.90700E+02 -2.26908E-02
  1.90800E+02 -2.26874E-02
  1.90900E+02 -2.26841E-02
  1.91000E+02 -2.26808E-02
  1.91100E+02 -2.26774E-02
  1.91200E+02 -2.26741E-02
  1.91300E+02 -2.26708E-02
  1.91400E+02 -2.26674E-02
  1.91500E+02 -2.26641E-02
  1.91600E+02 -2.26608E-02
  1.91700E+02 -2.26574E-02
  1.91800E+02 -2.26541E-02
  1.91900E+02 -2.26508E-02
  1.92000E+02 -2.26475E-02
  1.92100E+02 -2.26441E-02
  1.92200E+02 -2.26408E-02
  1.92300E+02 -2.26375E-02
  1.92400E+02 -2.26342E-02
  1.92500E+02 -2.26309E-02
  1.92600E+02 -2.26276E-02
  1.92700E+02 -2.26242E-02
  1.92800E+02 -2.26209E-02
  1.92900E+02 -2.26176E-02
  1.93000E+02 -2.26143E-02
  1.93100E+02 -2.26110E-02
  1.93200E+02 -2.26077E-02
  1.93300E+02 -2.26044E-02
  1.93400E+02 -2.26011E-02
  1.93500E+02 -2.25978E-02
  1.93600E+02 -2.25945E-02
  1.93700E+02 -2.25912E-02
  1.93800E+02 -2.25879E-02
  1.93900E+02 -2.25846E-02
  1.94000E+02 -2.25814E-02
  1.94100E+02 -2.25781E-02
  1.94200E+02 -2.25748E-02
  1.94300E+02 -2.25715E-02
  1.94400E+02 -2.25682E-02
  1.94500E+02 -2.25649E-02
  1.94600E+02 -2.25616E-02
  1.94700E+02 -2.25584E-02
  1.94800E+02 -2.25551E-02
  1.94900E+02 -2.25518E-02
  1.95000E+02 -2.25485E-02
  1.95100E+02 -2.25453E-02
  1.95200E+02 -2.25420E-02
  1.95300E+02 -2.25387E-02
  1.95400E+02 -2.25355E-02
  1.95500E+02 -2.25322E-02
  1.95600E+02 -2.25289E-02
  1.95700E+02 -2.25257E-02
  1.95800E+02 -2.25224E-02
  1.95900E+02 -2.25192E-02
  1.96000E+02 -2.25159E-02
  1.96100E+02 -2.25126E-02
  1.96200E+02 -2.25094E-02
  1.96300E+02 -2.25061E-02
  1.96400E+02 -2.25029E-02
  1.96500E+02 -2.24996E-02
  1.96600E+02 -2.24964E-02
  1.96700E+02 -2.24931E-02
  1.96800E+02 -2.24899E-02
  1.96900E+02 -2.24867E-02
  1.97000E+02 -2.24834E-02
  1.97100E+02 -2.24802E-02
  1.97200E+02 -2.24769E-02
  1.97300E+02 -2.24737E-02
  1.97400E+02 -2.24705E-02
  1.97500E+02 -2.24672E-02
  1.97600E+02 -2.24640E-02
  1.97700E+02 -2.24608E-02
  1.97800E+02 -2.24575E-02
  1.97900E+02 -2.24543E-02
  1.98000E+02 -2.24511E-02
  1.98100E+02 -2.24479E-02
  1.98200E+02 -2.24446E-02
  1.98300E+02 -2.24414E-02
  1.98400E+02 -2.24382E-02
  1.98500E+02 -2.24350E-02
  1.98600E+02 -2.24318E-02
  1.98700E+02 -2.24285E-02
  1.98800E+02 -2.24253E-02
  1.98900E+02 -2.24221E-02
  1.99000E+02 -2.24189E-02
  1.99100E+02 -2.24157E-02
  1.99200E+02 -2.24125E-02
  1.99300E+02 -2.24093E-02
  1.99400E+02 -2.24061E-02
  1.99500E+02 -2.24029E-02
  1.99600E+02 -2.23997E-02
  1.99700E+02 -2.23965E-02
  1.99800E+02 -2.23933E-02
  1.99900E+02 -2.23901E-02
  2.00000E+02 -2.23869E-02
