@page size 600,600
@view 0.12,0.1,0.97,0.93
@subtitle "PHOENIX module phox, 01/25/18 at 14:52:35 -08:00"
@xaxes scale Normal
@yaxes scale Normal
@xaxis label "energy (meV)"
@yaxis label "two-phonon contribution (1/eV)"
@type xy
 -8.39411E+01 -3.65832E-04
 -8.36920E+01 -5.21241E-04
 -8.34429E+01 -9.66322E-05
 -8.31938E+01  2.09904E-05
 -8.29447E+01 -3.65462E-04
 -8.26957E+01 -3.58000E-04
 -8.24466E+01 -7.33425E-05
 -8.21975E+01 -2.15929E-04
 -8.19484E+01 -4.06823E-04
 -8.16993E+01 -2.33886E-04
 -8.14502E+01 -1.80224E-04
 -8.12012E+01 -3.28128E-04
 -8.09521E+01 -3.05291E-04
 -8.07030E+01 -2.05904E-04
 -8.04539E+01 -2.04890E-04
 -8.02048E+01 -2.18208E-04
 -7.99557E+01 -2.41062E-04
 -7.97067E+01 -2.93193E-04
 -7.94576E+01 -2.59681E-04
 -7.92085E+01 -1.68790E-04
 -7.89594E+01 -2.10649E-04
 -7.87103E+01 -3.21442E-04
 -7.84612E+01 -3.27684E-04
 -7.82122E+01 -2.60981E-04
 -7.79631E+01 -1.87490E-04
 -7.77140E+01 -1.70712E-04
 -7.74649E+01 -2.95089E-04
 -7.72158E+01 -4.06092E-04
 -7.69667E+01 -3.52023E-04
 -7.67177E+01 -3.44586E-04
 -7.64686E+01 -4.79817E-04
 -7.62195E+01 -4.43797E-04
 -7.59704E+01 -2.70787E-04
 -7.57213E+01 -2.83887E-04
 -7.54722E+01 -2.73952E-04
 -7.52232E+01 -1.47353E-04
 -7.49741E+01 -1.86166E-04
 -7.47250E+01 -1.96265E-04
 -7.44759E+01 -8.11281E-05
 -7.42268E+01 -1.14322E-04
 -7.39777E+01 -1.21227E-04
 -7.37287E+01  2.32563E-04
 -7.34796E+01  4.88861E-04
 -7.32305E+01  2.85716E-04
 -7.29814E+01  3.46491E-04
 -7.27323E+01  7.63727E-04
 -7.24832E+01  7.96225E-04
 -7.22342E+01  6.70125E-04
 -7.19851E+01  9.84817E-04
 -7.17360E+01  1.43277E-03
 -7.14869E+01  1.56224E-03
 -7.12378E+01  1.58493E-03
 -7.09887E+01  1.67644E-03
 -7.07397E+01  1.78153E-03
 -7.04906E+01  1.93880E-03
 -7.02415E+01  2.07039E-03
 -6.99924E+01  2.20188E-03
 -6.97433E+01  2.46792E-03
 -6.94942E+01  2.60531E-03
 -6.92452E+01  2.42805E-03
 -6.89961E+01  2.41456E-03
 -6.87470E+01  2.88749E-03
 -6.84979E+01  3.20468E-03
 -6.82488E+01  2.82997E-03
 -6.79997E+01  2.59844E-03
 -6.77507E+01  3.19142E-03
 -6.75016E+01  3.67738E-03
 -6.72525E+01  3.43724E-03
 -6.70034E+01  3.36668E-03
 -6.67543E+01  3.80960E-03
 -6.65052E+01  4.00660E-03
 -6.62562E+01  3.99736E-03
 -6.60071E+01  4.22765E-03
 -6.57580E+01  4.39487E-03
 -6.55089E+01  4.56901E-03
 -6.52598E+01  5.03892E-03
 -6.50107E+01  5.27451E-03
 -6.47617E+01  5.17262E-03
 -6.45126E+01  5.52416E-03
 -6.42635E+01  6.19799E-03
 -6.40144E+01  6.29240E-03
 -6.37653E+01  6.22029E-03
 -6.35162E+01  6.89136E-03
 -6.32672E+01  7.62870E-03
 -6.30181E+01  7.58374E-03
 -6.27690E+01  7.60472E-03
 -6.25199E+01  8.32767E-03
 -6.22708E+01  8.90665E-03
 -6.20217E+01  8.93884E-03
 -6.17727E+01  9.10406E-03
 -6.15236E+01  9.72940E-03
 -6.12745E+01  1.03472E-02
 -6.10254E+01  1.06178E-02
 -6.07763E+01  1.08066E-02
 -6.05272E+01  1.12965E-02
 -6.02782E+01  1.19063E-02
 -6.00291E+01  1.22478E-02
 -5.97800E+01  1.26066E-02
 -5.95309E+01  1.32760E-02
 -5.92818E+01  1.38959E-02
 -5.90327E+01  1.42629E-02
 -5.87837E+01  1.45857E-02
 -5.85346E+01  1.49919E-02
 -5.82855E+01  1.57015E-02
 -5.80364E+01  1.67440E-02
 -5.77873E+01  1.74392E-02
 -5.75382E+01  1.77165E-02
 -5.72892E+01  1.83322E-02
 -5.70401E+01  1.91298E-02
 -5.67910E+01  1.94857E-02
 -5.65419E+01  1.99645E-02
 -5.62928E+01  2.10164E-02
 -5.60437E+01  2.15797E-02
 -5.57947E+01  2.16381E-02
 -5.55456E+01  2.25291E-02
 -5.52965E+01  2.35717E-02
 -5.50474E+01  2.35405E-02
 -5.47983E+01  2.36660E-02
 -5.45492E+01  2.48352E-02
 -5.43002E+01  2.56450E-02
 -5.40511E+01  2.56707E-02
 -5.38020E+01  2.61831E-02
 -5.35529E+01  2.71051E-02
 -5.33038E+01  2.75879E-02
 -5.30547E+01  2.80505E-02
 -5.28057E+01  2.87118E-02
 -5.25566E+01  2.91049E-02
 -5.23075E+01  2.95956E-02
 -5.20584E+01  3.05981E-02
 -5.18093E+01  3.13406E-02
 -5.15602E+01  3.14610E-02
 -5.13112E+01  3.20215E-02
 -5.10621E+01  3.31575E-02
 -5.08130E+01  3.37068E-02
 -5.05639E+01  3.38509E-02
 -5.03148E+01  3.45403E-02
 -5.00657E+01  3.54831E-02
 -4.98167E+01  3.62185E-02
 -4.95676E+01  3.69084E-02
 -4.93185E+01  3.75354E-02
 -4.90694E+01  3.81081E-02
 -4.88203E+01  3.89123E-02
 -4.85712E+01  3.98711E-02
 -4.83222E+01  4.05287E-02
 -4.80731E+01  4.10110E-02
 -4.78240E+01  4.19776E-02
 -4.75749E+01  4.29691E-02
 -4.73258E+01  4.32228E-02
 -4.70767E+01  4.37175E-02
 -4.68277E+01  4.49629E-02
 -4.65786E+01  4.56561E-02
 -4.63295E+01  4.58937E-02
 -4.60804E+01  4.69437E-02
 -4.58313E+01  4.81985E-02
 -4.55822E+01  4.86273E-02
 -4.53332E+01  4.88806E-02
 -4.50841E+01  4.96860E-02
 -4.48350E+01  5.05886E-02
 -4.45859E+01  5.13136E-02
 -4.43368E+01  5.23106E-02
 -4.40877E+01  5.32374E-02
 -4.38387E+01  5.36599E-02
 -4.35896E+01  5.44132E-02
 -4.33405E+01  5.56995E-02
 -4.30914E+01  5.64870E-02
 -4.28423E+01  5.67276E-02
 -4.25932E+01  5.76200E-02
 -4.23442E+01  5.91154E-02
 -4.20951E+01  5.98642E-02
 -4.18460E+01  6.01742E-02
 -4.15969E+01  6.11841E-02
 -4.13478E+01  6.23064E-02
 -4.10987E+01  6.27096E-02
 -4.08497E+01  6.30903E-02
 -4.06006E+01  6.41318E-02
 -4.03515E+01  6.50540E-02
 -4.01024E+01  6.55891E-02
 -3.98533E+01  6.65868E-02
 -3.96042E+01  6.74881E-02
 -3.93552E+01  6.75566E-02
 -3.91061E+01  6.81557E-02
 -3.88570E+01  6.97079E-02
 -3.86079E+01  7.04282E-02
 -3.83588E+01  7.04039E-02
 -3.81097E+01  7.13800E-02
 -3.78607E+01  7.27109E-02
 -3.76116E+01  7.30785E-02
 -3.73625E+01  7.34698E-02
 -3.71134E+01  7.46167E-02
 -3.68643E+01  7.54003E-02
 -3.66152E+01  7.56353E-02
 -3.63662E+01  7.63879E-02
 -3.61171E+01  7.72702E-02
 -3.58680E+01  7.76159E-02
 -3.56189E+01  7.85514E-02
 -3.53698E+01  7.99852E-02
 -3.51207E+01  8.03233E-02
 -3.48717E+01  8.05018E-02
 -3.46226E+01  8.18323E-02
 -3.43735E+01  8.29509E-02
 -3.41244E+01  8.33345E-02
 -3.38753E+01  8.42407E-02
 -3.36262E+01  8.55267E-02
 -3.33772E+01  8.63202E-02
 -3.31281E+01  8.69801E-02
 -3.28790E+01  8.78227E-02
 -3.26299E+01  8.85866E-02
 -3.23808E+01  8.95070E-02
 -3.21317E+01  9.06696E-02
 -3.18827E+01  9.15322E-02
 -3.16336E+01  9.20946E-02
 -3.13845E+01  9.29652E-02
 -3.11354E+01  9.40563E-02
 -3.08863E+01  9.48129E-02
 -3.06372E+01  9.56016E-02
 -3.03882E+01  9.67230E-02
 -3.01391E+01  9.76079E-02
 -2.98900E+01  9.83659E-02
 -2.96409E+01  9.94093E-02
 -2.93918E+01  1.00443E-01
 -2.91427E+01  1.01375E-01
 -2.88937E+01  1.02461E-01
 -2.86446E+01  1.03627E-01
 -2.83955E+01  1.04688E-01
 -2.81464E+01  1.05772E-01
 -2.78973E+01  1.06907E-01
 -2.76482E+01  1.08044E-01
 -2.73992E+01  1.09202E-01
 -2.71501E+01  1.10128E-01
 -2.69010E+01  1.10844E-01
 -2.66519E+01  1.12009E-01
 -2.64028E+01  1.13818E-01
 -2.61537E+01  1.15214E-01
 -2.59047E+01  1.15881E-01
 -2.56556E+01  1.17028E-01
 -2.54065E+01  1.18645E-01
 -2.51574E+01  1.19809E-01
 -2.49083E+01  1.20736E-01
 -2.46592E+01  1.21869E-01
 -2.44102E+01  1.23345E-01
 -2.41611E+01  1.25157E-01
 -2.39120E+01  1.26577E-01
 -2.36629E+01  1.27309E-01
 -2.34138E+01  1.28522E-01
 -2.31647E+01  1.30398E-01
 -2.29157E+01  1.31523E-01
 -2.26666E+01  1.32301E-01
 -2.24175E+01  1.33977E-01
 -2.21684E+01  1.35738E-01
 -2.19193E+01  1.36956E-01
 -2.16702E+01  1.38001E-01
 -2.14212E+01  1.38861E-01
 -2.11721E+01  1.40096E-01
 -2.09230E+01  1.42318E-01
 -2.06739E+01  1.44260E-01
 -2.04248E+01  1.44870E-01
 -2.01757E+01  1.46251E-01
 -1.99267E+01  1.49466E-01
 -1.96776E+01  1.51352E-01
 -1.94285E+01  1.51224E-01
 -1.91794E+01  1.52867E-01
 -1.89303E+01  1.56308E-01
 -1.86812E+01  1.57872E-01
 -1.84322E+01  1.58362E-01
 -1.81831E+01  1.60712E-01
 -1.79340E+01  1.63619E-01
 -1.76849E+01  1.65332E-01
 -1.74358E+01  1.66824E-01
 -1.71867E+01  1.68544E-01
 -1.69377E+01  1.70471E-01
 -1.66886E+01  1.72832E-01
 -1.64395E+01  1.74722E-01
 -1.61904E+01  1.76033E-01
 -1.59413E+01  1.78371E-01
 -1.56922E+01  1.81439E-01
 -1.54432E+01  1.82916E-01
 -1.51941E+01  1.83652E-01
 -1.49450E+01  1.86120E-01
 -1.46959E+01  1.88899E-01
 -1.44468E+01  1.90346E-01
 -1.41977E+01  1.92160E-01
 -1.39487E+01  1.94761E-01
 -1.36996E+01  1.96136E-01
 -1.34505E+01  1.96997E-01
 -1.32014E+01  1.99547E-01
 -1.29523E+01  2.02155E-01
 -1.27032E+01  2.03424E-01
 -1.24542E+01  2.05162E-01
 -1.22051E+01  2.07521E-01
 -1.19560E+01  2.09442E-01
 -1.17069E+01  2.11250E-01
 -1.14578E+01  2.13063E-01
 -1.12087E+01  2.14798E-01
 -1.09597E+01  2.17124E-01
 -1.07106E+01  2.20026E-01
 -1.04615E+01  2.22184E-01
 -1.02124E+01  2.23575E-01
 -9.96333E+00  2.25830E-01
 -9.71425E+00  2.28800E-01
 -9.46517E+00  2.30847E-01
 -9.21608E+00  2.32292E-01
 -8.96700E+00  2.34603E-01
 -8.71792E+00  2.37358E-01
 -8.46883E+00  2.39661E-01
 -8.21975E+00  2.41732E-01
 -7.97067E+00  2.43622E-01
 -7.72158E+00  2.45746E-01
 -7.47250E+00  2.48350E-01
 -7.22342E+00  2.50040E-01
 -6.97433E+00  2.50936E-01
 -6.72525E+00  2.53381E-01
 -6.47617E+00  2.56678E-01
 -6.22708E+00  2.58210E-01
 -5.97800E+00  2.59375E-01
 -5.72892E+00  2.62598E-01
 -5.47983E+00  2.66018E-01
 -5.23075E+00  2.67310E-01
 -4.98167E+00  2.68232E-01
 -4.73258E+00  2.71022E-01
 -4.48350E+00  2.74318E-01
 -4.23442E+00  2.75957E-01
 -3.98533E+00  2.77320E-01
 -3.73625E+00  2.80719E-01
 -3.48717E+00  2.84148E-01
 -3.23808E+00  2.85243E-01
 -2.98900E+00  2.86520E-01
 -2.73992E+00  2.90109E-01
 -2.49083E+00  2.93624E-01
 -2.24175E+00  2.95227E-01
 -1.99267E+00  2.97042E-01
 -1.74358E+00  3.00204E-01
 -1.49450E+00  3.02427E-01
 -1.24542E+00  3.03756E-01
 -9.96333E-01  3.06211E-01
 -7.47250E-01  3.08637E-01
 -4.98167E-01  3.10052E-01
 -2.49083E-01  3.11904E-01
  0.00000E+00  3.13729E-01
  2.49083E-01  3.14368E-01
  4.98167E-01  3.15219E-01
  7.47250E-01  3.16786E-01
  9.96333E-01  3.17409E-01
  1.24542E+00  3.17464E-01
  1.49450E+00  3.18462E-01
  1.74358E+00  3.19167E-01
  1.99267E+00  3.18977E-01
  2.24175E+00  3.19889E-01
  2.49083E+00  3.21089E-01
  2.73992E+00  3.20586E-01
  2.98900E+00  3.20578E-01
  3.23808E+00  3.22318E-01
  3.48717E+00  3.22887E-01
  3.73625E+00  3.22100E-01
  3.98533E+00  3.22815E-01
  4.23442E+00  3.24170E-01
  4.48350E+00  3.23984E-01
  4.73258E+00  3.23974E-01
  4.98167E+00  3.25463E-01
  5.23075E+00  3.26100E-01
  5.47983E+00  3.25548E-01
  5.72892E+00  3.26400E-01
  5.97800E+00  3.27800E-01
  6.22708E+00  3.27635E-01
  6.47617E+00  3.27497E-01
  6.72525E+00  3.28388E-01
  6.97433E+00  3.28689E-01
  7.22342E+00  3.28412E-01
  7.47250E+00  3.29131E-01
  7.72158E+00  3.30179E-01
  7.97067E+00  3.29947E-01
  8.21975E+00  3.29443E-01
  8.46883E+00  3.30074E-01
  8.71792E+00  3.30516E-01
  8.96700E+00  3.29794E-01
  9.21608E+00  3.29836E-01
  9.46517E+00  3.31279E-01
  9.71425E+00  3.31809E-01
  9.96333E+00  3.30915E-01
  1.02124E+01  3.30447E-01
  1.04615E+01  3.30722E-01
  1.07106E+01  3.30641E-01
  1.09597E+01  3.30374E-01
  1.12087E+01  3.30565E-01
  1.14578E+01  3.30933E-01
  1.17069E+01  3.31548E-01
  1.19560E+01  3.32146E-01
  1.22051E+01  3.31647E-01
  1.24542E+01  3.30749E-01
  1.27032E+01  3.31233E-01
  1.29523E+01  3.32257E-01
  1.32014E+01  3.31983E-01
  1.34505E+01  3.31306E-01
  1.36996E+01  3.31798E-01
  1.39487E+01  3.32338E-01
  1.41977E+01  3.31685E-01
  1.44468E+01  3.31308E-01
  1.46959E+01  3.31466E-01
  1.49450E+01  3.30546E-01
  1.51941E+01  3.29380E-01
  1.54432E+01  3.29246E-01
  1.56922E+01  3.29158E-01
  1.59413E+01  3.28460E-01
  1.61904E+01  3.27619E-01
  1.64395E+01  3.26662E-01
  1.66886E+01  3.25900E-01
  1.69377E+01  3.25723E-01
  1.71867E+01  3.25210E-01
  1.74358E+01  3.24495E-01
  1.76849E+01  3.24319E-01
  1.79340E+01  3.23785E-01
  1.81831E+01  3.23004E-01
  1.84322E+01  3.23101E-01
  1.86812E+01  3.23088E-01
  1.89303E+01  3.21514E-01
  1.91794E+01  3.20223E-01
  1.94285E+01  3.20868E-01
  1.96776E+01  3.20805E-01
  1.99267E+01  3.19186E-01
  2.01757E+01  3.18951E-01
  2.04248E+01  3.19811E-01
  2.06739E+01  3.19124E-01
  2.09230E+01  3.17671E-01
  2.11721E+01  3.17619E-01
  2.14212E+01  3.18251E-01
  2.16702E+01  3.17641E-01
  2.19193E+01  3.16361E-01
  2.21684E+01  3.16227E-01
  2.24175E+01  3.16732E-01
  2.26666E+01  3.16427E-01
  2.29157E+01  3.15656E-01
  2.31647E+01  3.15599E-01
  2.34138E+01  3.16202E-01
  2.36629E+01  3.15766E-01
  2.39120E+01  3.14694E-01
  2.41611E+01  3.15455E-01
  2.44102E+01  3.16204E-01
  2.46592E+01  3.14416E-01
  2.49083E+01  3.13293E-01
  2.51574E+01  3.14709E-01
  2.54065E+01  3.15171E-01
  2.56556E+01  3.13736E-01
  2.59047E+01  3.13314E-01
  2.61537E+01  3.14045E-01
  2.64028E+01  3.14072E-01
  2.66519E+01  3.13874E-01
  2.69010E+01  3.13859E-01
  2.71501E+01  3.13269E-01
  2.73992E+01  3.13110E-01
  2.76482E+01  3.14018E-01
  2.78973E+01  3.14201E-01
  2.81464E+01  3.13160E-01
  2.83955E+01  3.12994E-01
  2.86446E+01  3.14144E-01
  2.88937E+01  3.14438E-01
  2.91427E+01  3.13502E-01
  2.93918E+01  3.13201E-01
  2.96409E+01  3.13994E-01
  2.98900E+01  3.14397E-01
  3.01391E+01  3.13571E-01
  3.03882E+01  3.12633E-01
  3.06372E+01  3.12791E-01
  3.08863E+01  3.13402E-01
  3.11354E+01  3.13243E-01
  3.13845E+01  3.12772E-01
  3.16336E+01  3.12967E-01
  3.18827E+01  3.13496E-01
  3.21317E+01  3.13226E-01
  3.23808E+01  3.12200E-01
  3.26299E+01  3.12469E-01
  3.28790E+01  3.13707E-01
  3.31281E+01  3.12780E-01
  3.33772E+01  3.11051E-01
  3.36262E+01  3.12153E-01
  3.38753E+01  3.13856E-01
  3.41244E+01  3.12401E-01
  3.43735E+01  3.10433E-01
  3.46226E+01  3.11675E-01
  3.48717E+01  3.12810E-01
  3.51207E+01  3.11023E-01
  3.53698E+01  3.10506E-01
  3.56189E+01  3.12486E-01
  3.58680E+01  3.12709E-01
  3.61171E+01  3.11459E-01
  3.63662E+01  3.11988E-01
  3.66152E+01  3.12768E-01
  3.68643E+01  3.11823E-01
  3.71134E+01  3.11450E-01
  3.73625E+01  3.12387E-01
  3.76116E+01  3.12272E-01
  3.78607E+01  3.11535E-01
  3.81097E+01  3.11717E-01
  3.83588E+01  3.11977E-01
  3.86079E+01  3.11773E-01
  3.88570E+01  3.11199E-01
  3.91061E+01  3.09927E-01
  3.93552E+01  3.09019E-01
  3.96042E+01  3.09870E-01
  3.98533E+01  3.10534E-01
  4.01024E+01  3.08573E-01
  4.03515E+01  3.06201E-01
  4.06006E+01  3.06298E-01
  4.08497E+01  3.06975E-01
  4.10987E+01  3.05830E-01
  4.13478E+01  3.04265E-01
  4.15969E+01  3.03645E-01
  4.18460E+01  3.03151E-01
  4.20951E+01  3.02157E-01
  4.23442E+01  3.00685E-01
  4.25932E+01  2.99090E-01
  4.28423E+01  2.98261E-01
  4.30914E+01  2.98161E-01
  4.33405E+01  2.96806E-01
  4.35896E+01  2.94478E-01
  4.38387E+01  2.93864E-01
  4.40877E+01  2.93585E-01
  4.43368E+01  2.91306E-01
  4.45859E+01  2.89126E-01
  4.48350E+01  2.88514E-01
  4.50841E+01  2.87365E-01
  4.53332E+01  2.84920E-01
  4.55822E+01  2.83522E-01
  4.58313E+01  2.82796E-01
  4.60804E+01  2.80209E-01
  4.63295E+01  2.77653E-01
  4.65786E+01  2.77147E-01
  4.68277E+01  2.76057E-01
  4.70767E+01  2.72790E-01
  4.73258E+01  2.69874E-01
  4.75749E+01  2.68582E-01
  4.78240E+01  2.66830E-01
  4.80731E+01  2.64506E-01
  4.83222E+01  2.62398E-01
  4.85712E+01  2.59454E-01
  4.88203E+01  2.56724E-01
  4.90694E+01  2.54973E-01
  4.93185E+01  2.52523E-01
  4.95676E+01  2.49640E-01
  4.98167E+01  2.47485E-01
  5.00657E+01  2.45473E-01
  5.03148E+01  2.42949E-01
  5.05639E+01  2.40635E-01
  5.08130E+01  2.38931E-01
  5.10621E+01  2.36559E-01
  5.13112E+01  2.33853E-01
  5.15602E+01  2.32585E-01
  5.18093E+01  2.31041E-01
  5.20584E+01  2.27593E-01
  5.23075E+01  2.24854E-01
  5.25566E+01  2.23401E-01
  5.28057E+01  2.20898E-01
  5.30547E+01  2.17957E-01
  5.33038E+01  2.15910E-01
  5.35529E+01  2.13561E-01
  5.38020E+01  2.10534E-01
  5.40511E+01  2.08109E-01
  5.43002E+01  2.05359E-01
  5.45492E+01  2.01177E-01
  5.47983E+01  1.98144E-01
  5.50474E+01  1.96579E-01
  5.52965E+01  1.92931E-01
  5.55456E+01  1.87657E-01
  5.57947E+01  1.84061E-01
  5.60437E+01  1.81630E-01
  5.62928E+01  1.77970E-01
  5.65419E+01  1.73225E-01
  5.67910E+01  1.68975E-01
  5.70401E+01  1.65284E-01
  5.72892E+01  1.61238E-01
  5.75382E+01  1.57058E-01
  5.77873E+01  1.53043E-01
  5.80364E+01  1.48752E-01
  5.82855E+01  1.44735E-01
  5.85346E+01  1.41516E-01
  5.87837E+01  1.38126E-01
  5.90327E+01  1.34265E-01
  5.92818E+01  1.30478E-01
  5.95309E+01  1.27066E-01
  5.97800E+01  1.24284E-01
  6.00291E+01  1.21250E-01
  6.02782E+01  1.17446E-01
  6.05272E+01  1.14486E-01
  6.07763E+01  1.12259E-01
  6.10254E+01  1.08965E-01
  6.12745E+01  1.05345E-01
  6.15236E+01  1.02503E-01
  6.17727E+01  9.98572E-02
  6.20217E+01  9.67948E-02
  6.22708E+01  9.32379E-02
  6.25199E+01  9.00948E-02
  6.27690E+01  8.74624E-02
  6.30181E+01  8.42675E-02
  6.32672E+01  8.10349E-02
  6.35162E+01  7.82985E-02
  6.37653E+01  7.53437E-02
  6.40144E+01  7.19861E-02
  6.42635E+01  6.86879E-02
  6.45126E+01  6.62590E-02
  6.47617E+01  6.42270E-02
  6.50107E+01  6.10588E-02
  6.52598E+01  5.77968E-02
  6.55089E+01  5.63364E-02
  6.57580E+01  5.51587E-02
  6.60071E+01  5.25664E-02
  6.62562E+01  5.01987E-02
  6.65052E+01  4.89937E-02
  6.67543E+01  4.75977E-02
  6.70034E+01  4.59290E-02
  6.72525E+01  4.48840E-02
  6.75016E+01  4.37282E-02
  6.77507E+01  4.18265E-02
  6.79997E+01  4.07317E-02
  6.82488E+01  4.07360E-02
  6.84979E+01  3.95118E-02
  6.87470E+01  3.73005E-02
  6.89961E+01  3.64940E-02
  6.92452E+01  3.61093E-02
  6.94942E+01  3.44036E-02
  6.97433E+01  3.24595E-02
  6.99924E+01  3.10533E-02
  7.02415E+01  2.97457E-02
  7.04906E+01  2.82820E-02
  7.07397E+01  2.62212E-02
  7.09887E+01  2.37305E-02
  7.12378E+01  2.19127E-02
  7.14869E+01  2.05698E-02
  7.17360E+01  1.82598E-02
  7.19851E+01  1.54523E-02
  7.22342E+01  1.38681E-02
  7.24832E+01  1.26852E-02
  7.27323E+01  1.04684E-02
  7.29814E+01  8.42098E-03
  7.32305E+01  7.47902E-03
  7.34796E+01  6.26521E-03
  7.37287E+01  4.30075E-03
  7.39777E+01  3.38478E-03
  7.42268E+01  3.50306E-03
  7.44759E+01  2.52081E-03
  7.47250E+01  1.14689E-03
  7.49741E+01  1.17581E-03
  7.52232E+01  1.31862E-03
  7.54722E+01  4.76812E-04
  7.57213E+01 -3.10656E-05
  7.59704E+01  1.93117E-04
  7.62195E+01  4.56341E-05
  7.64686E+01 -2.45669E-04
  7.67177E+01  1.20934E-04
  7.69667E+01  2.14429E-04
  7.72158E+01 -5.58426E-04
  7.74649E+01 -7.96145E-04
  7.77140E+01 -1.51511E-04
  7.79631E+01 -2.40192E-05
  7.82122E+01 -3.60026E-04
  7.84612E+01 -3.30956E-04
  7.87103E+01 -4.24921E-04
  7.89594E+01 -6.38486E-04
  7.92085E+01 -3.85953E-04
  7.94576E+01 -3.64568E-04
  7.97067E+01 -1.00433E-03
  7.99557E+01 -1.26734E-03
  8.02048E+01 -7.53543E-04
  8.04539E+01 -4.65477E-04
  8.07030E+01 -8.27637E-04
  8.09521E+01 -1.13829E-03
  8.12012E+01 -1.15327E-03
  8.14502E+01 -1.09449E-03
  8.16993E+01 -1.02229E-03
  8.19484E+01 -1.28594E-03
  8.21975E+01 -1.48609E-03
  8.24466E+01 -1.00785E-03
  8.26957E+01 -9.97664E-04
  8.29447E+01 -1.81326E-03
  8.31938E+01 -1.85370E-03
  8.34429E+01 -1.10042E-03
  8.36920E+01 -9.92393E-04
  8.39411E+01 -1.53453E-03
  8.41902E+01 -1.72747E-03
  8.44392E+01 -1.33199E-03
  8.46883E+01 -1.15158E-03
  8.49374E+01 -1.48960E-03
  8.51865E+01 -1.45944E-03
  8.54356E+01 -1.19285E-03
  8.56847E+01 -1.43905E-03
  8.59337E+01 -1.55359E-03
  8.61828E+01 -1.07826E-03
  8.64319E+01 -7.09304E-04
  8.66810E+01 -1.07904E-03
  8.69301E+01 -1.62342E-03
  8.71792E+01 -1.31864E-03
  8.74282E+01 -9.41857E-04
  8.76773E+01 -1.40905E-03
  8.79264E+01 -1.64334E-03
  8.81755E+01 -1.26734E-03
  8.84246E+01 -1.14967E-03
  8.86737E+01 -1.36761E-03
  8.89227E+01 -1.50269E-03
  8.91718E+01 -1.44663E-03
  8.94209E+01 -1.50363E-03
  8.96700E+01 -1.75701E-03
  8.99191E+01 -1.81803E-03
  9.01682E+01 -1.64057E-03
  9.04172E+01 -1.52767E-03
  9.06663E+01 -1.42603E-03
  9.09154E+01 -1.36861E-03
  9.11645E+01 -1.64562E-03
  9.14136E+01 -1.80133E-03
  9.16627E+01 -1.49812E-03
  9.19117E+01 -1.30790E-03
  9.21608E+01 -1.29198E-03
  9.24099E+01 -1.24875E-03
  9.26590E+01 -1.30778E-03
  9.29081E+01 -1.31469E-03
  9.31572E+01 -1.17996E-03
  9.34062E+01 -1.11807E-03
  9.36553E+01 -1.21904E-03
  9.39044E+01 -1.23380E-03
  9.41535E+01 -1.02920E-03
  9.44026E+01 -1.00027E-03
  9.46517E+01 -1.28740E-03
  9.49007E+01 -1.38404E-03
  9.51498E+01 -1.22382E-03
  9.53989E+01 -1.30021E-03
  9.56480E+01 -1.42848E-03
  9.58971E+01 -1.28755E-03
  9.61462E+01 -1.29936E-03
  9.63952E+01 -1.47003E-03
  9.66443E+01 -1.45609E-03
  9.68934E+01 -1.47050E-03
  9.71425E+01 -1.50287E-03
  9.73916E+01 -1.37640E-03
  9.76407E+01 -1.41313E-03
  9.78897E+01 -1.54530E-03
  9.81388E+01 -1.37135E-03
  9.83879E+01 -1.30575E-03
  9.86370E+01 -1.57639E-03
  9.88861E+01 -1.45136E-03
  9.91352E+01 -1.06780E-03
  9.93842E+01 -1.29275E-03
  9.96333E+01 -1.58969E-03
