  0.00000E+00 -3.62338E-02
  1.00000E-01 -3.61945E-02
  2.00000E-01 -3.61552E-02
  3.00000E-01 -3.61159E-02
  4.00000E-01 -3.60768E-02
  5.00000E-01 -3.60381E-02
  6.00000E-01 -3.59996E-02
  7.00000E-01 -3.59613E-02
  8.00000E-01 -3.59234E-02
  9.00000E-01 -3.58857E-02
  1.00000E+00 -3.58482E-02
  1.10000E+00 -3.58110E-02
  1.20000E+00 -3.57741E-02
  1.30000E+00 -3.57374E-02
  1.40000E+00 -3.57009E-02
  1.50000E+00 -3.56647E-02
  1.60000E+00 -3.56287E-02
  1.70000E+00 -3.55930E-02
  1.80000E+00 -3.55575E-02
  1.90000E+00 -3.55222E-02
  2.00000E+00 -3.54871E-02
  2.10000E+00 -3.54523E-02
  2.20000E+00 -3.54177E-02
  2.30000E+00 -3.53833E-02
  2.40000E+00 -3.53492E-02
  2.50000E+00 -3.53152E-02
  2.60000E+00 -3.52815E-02
  2.70000E+00 -3.52480E-02
  2.80000E+00 -3.52147E-02
  2.90000E+00 -3.51815E-02
  3.00000E+00 -3.51486E-02
  3.10000E+00 -3.51159E-02
  3.20000E+00 -3.50834E-02
  3.30000E+00 -3.50511E-02
  3.40000E+00 -3.50190E-02
  3.50000E+00 -3.49871E-02
  3.60000E+00 -3.49554E-02
  3.70000E+00 -3.49239E-02
  3.80000E+00 -3.48925E-02
  3.90000E+00 -3.48613E-02
  4.00000E+00 -3.48304E-02
  4.10000E+00 -3.47996E-02
  4.20000E+00 -3.47690E-02
  4.30000E+00 -3.47385E-02
  4.40000E+00 -3.47082E-02
  4.50000E+00 -3.46782E-02
  4.60000E+00 -3.46482E-02
  4.70000E+00 -3.46185E-02
  4.80000E+00 -3.45889E-02
  4.90000E+00 -3.45595E-02
  5.00000E+00 -3.45303E-02
  5.10000E+00 -3.45012E-02
  5.20000E+00 -3.44723E-02
  5.30000E+00 -3.44435E-02
  5.40000E+00 -3.44149E-02
  5.50000E+00 -3.43865E-02
  5.60000E+00 -3.43582E-02
  5.70000E+00 -3.43301E-02
  5.80000E+00 -3.43021E-02
  5.90000E+00 -3.42743E-02
  6.00000E+00 -3.42466E-02
  6.10000E+00 -3.42191E-02
  6.20000E+00 -3.41917E-02
  6.30000E+00 -3.41644E-02
  6.40000E+00 -3.41374E-02
  6.50000E+00 -3.41104E-02
  6.60000E+00 -3.40836E-02
  6.70000E+00 -3.40569E-02
  6.80000E+00 -3.40304E-02
  6.90000E+00 -3.40040E-02
  7.00000E+00 -3.39778E-02
  7.10000E+00 -3.39517E-02
  7.20000E+00 -3.39257E-02
  7.30000E+00 -3.38998E-02
  7.40000E+00 -3.38741E-02
  7.50000E+00 -3.38486E-02
  7.60000E+00 -3.38231E-02
  7.70000E+00 -3.37978E-02
  7.80000E+00 -3.37726E-02
  7.90000E+00 -3.37475E-02
  8.00000E+00 -3.37225E-02
  8.10000E+00 -3.36977E-02
  8.20000E+00 -3.36730E-02
  8.30000E+00 -3.36484E-02
  8.40000E+00 -3.36240E-02
  8.50000E+00 -3.35996E-02
  8.60000E+00 -3.35754E-02
  8.70000E+00 -3.35513E-02
  8.80000E+00 -3.35273E-02
  8.90000E+00 -3.35035E-02
  9.00000E+00 -3.34797E-02
  9.10000E+00 -3.34560E-02
  9.20000E+00 -3.34325E-02
  9.30000E+00 -3.34091E-02
  9.40000E+00 -3.33858E-02
  9.50000E+00 -3.33626E-02
  9.60000E+00 -3.33395E-02
  9.70000E+00 -3.33165E-02
  9.80000E+00 -3.32936E-02
  9.90000E+00 -3.32709E-02
  1.00000E+01 -3.32482E-02
  1.01000E+01 -3.32256E-02
  1.02000E+01 -3.32032E-02
  1.03000E+01 -3.31808E-02
  1.04000E+01 -3.31585E-02
  1.05000E+01 -3.31364E-02
  1.06000E+01 -3.31143E-02
  1.07000E+01 -3.30924E-02
  1.08000E+01 -3.30705E-02
  1.09000E+01 -3.30488E-02
  1.10000E+01 -3.30271E-02
  1.11000E+01 -3.30055E-02
  1.12000E+01 -3.29841E-02
  1.13000E+01 -3.29627E-02
  1.14000E+01 -3.29414E-02
  1.15000E+01 -3.29202E-02
  1.16000E+01 -3.28991E-02
  1.17000E+01 -3.28781E-02
  1.18000E+01 -3.28572E-02
  1.19000E+01 -3.28364E-02
  1.20000E+01 -3.28156E-02
  1.21000E+01 -3.27950E-02
  1.22000E+01 -3.27744E-02
  1.23000E+01 -3.27540E-02
  1.24000E+01 -3.27336E-02
  1.25000E+01 -3.27133E-02
  1.26000E+01 -3.26931E-02
  1.27000E+01 -3.26730E-02
  1.28000E+01 -3.26529E-02
  1.29000E+01 -3.26330E-02
  1.30000E+01 -3.26131E-02
  1.31000E+01 -3.25933E-02
  1.32000E+01 -3.25736E-02
  1.33000E+01 -3.25539E-02
  1.34000E+01 -3.25344E-02
  1.35000E+01 -3.25149E-02
  1.36000E+01 -3.24955E-02
  1.37000E+01 -3.24762E-02
  1.38000E+01 -3.24570E-02
  1.39000E+01 -3.24378E-02
  1.40000E+01 -3.24188E-02
  1.41000E+01 -3.23997E-02
  1.42000E+01 -3.23808E-02
  1.43000E+01 -3.23620E-02
  1.44000E+01 -3.23432E-02
  1.45000E+01 -3.23245E-02
  1.46000E+01 -3.23059E-02
  1.47000E+01 -3.22873E-02
  1.48000E+01 -3.22688E-02
  1.49000E+01 -3.22504E-02
  1.50000E+01 -3.22321E-02
  1.51000E+01 -3.22138E-02
  1.52000E+01 -3.21956E-02
  1.53000E+01 -3.21775E-02
  1.54000E+01 -3.21594E-02
  1.55000E+01 -3.21414E-02
  1.56000E+01 -3.21235E-02
  1.57000E+01 -3.21057E-02
  1.58000E+01 -3.20879E-02
  1.59000E+01 -3.20702E-02
  1.60000E+01 -3.20525E-02
  1.61000E+01 -3.20349E-02
  1.62000E+01 -3.20174E-02
  1.63000E+01 -3.20000E-02
  1.64000E+01 -3.19826E-02
  1.65000E+01 -3.19653E-02
  1.66000E+01 -3.19480E-02
  1.67000E+01 -3.19308E-02
  1.68000E+01 -3.19137E-02
  1.69000E+01 -3.18966E-02
  1.70000E+01 -3.18796E-02
  1.71000E+01 -3.18627E-02
  1.72000E+01 -3.18458E-02
  1.73000E+01 -3.18290E-02
  1.74000E+01 -3.18122E-02
  1.75000E+01 -3.17955E-02
  1.76000E+01 -3.17789E-02
  1.77000E+01 -3.17623E-02
  1.78000E+01 -3.17458E-02
  1.79000E+01 -3.17293E-02
  1.80000E+01 -3.17129E-02
  1.81000E+01 -3.16965E-02
  1.82000E+01 -3.16803E-02
  1.83000E+01 -3.16640E-02
  1.84000E+01 -3.16479E-02
  1.85000E+01 -3.16317E-02
  1.86000E+01 -3.16157E-02
  1.87000E+01 -3.15997E-02
  1.88000E+01 -3.15837E-02
  1.89000E+01 -3.15678E-02
  1.90000E+01 -3.15520E-02
  1.91000E+01 -3.15362E-02
  1.92000E+01 -3.15205E-02
  1.93000E+01 -3.15048E-02
  1.94000E+01 -3.14892E-02
  1.95000E+01 -3.14736E-02
  1.96000E+01 -3.14581E-02
  1.97000E+01 -3.14426E-02
  1.98000E+01 -3.14272E-02
  1.99000E+01 -3.14119E-02
  2.00000E+01 -3.13965E-02
  2.01000E+01 -3.13813E-02
  2.02000E+01 -3.13661E-02
  2.03000E+01 -3.13509E-02
  2.04000E+01 -3.13358E-02
  2.05000E+01 -3.13208E-02
  2.06000E+01 -3.13058E-02
  2.07000E+01 -3.12908E-02
  2.08000E+01 -3.12759E-02
  2.09000E+01 -3.12610E-02
  2.10000E+01 -3.12462E-02
  2.11000E+01 -3.12315E-02
  2.12000E+01 -3.12167E-02
  2.13000E+01 -3.12021E-02
  2.14000E+01 -3.11875E-02
  2.15000E+01 -3.11729E-02
  2.16000E+01 -3.11584E-02
  2.17000E+01 -3.11439E-02
  2.18000E+01 -3.11295E-02
  2.19000E+01 -3.11151E-02
  2.20000E+01 -3.11007E-02
  2.21000E+01 -3.10864E-02
  2.22000E+01 -3.10722E-02
  2.23000E+01 -3.10580E-02
  2.24000E+01 -3.10438E-02
  2.25000E+01 -3.10297E-02
  2.26000E+01 -3.10156E-02
  2.27000E+01 -3.10016E-02
  2.28000E+01 -3.09876E-02
  2.29000E+01 -3.09737E-02
  2.30000E+01 -3.09598E-02
  2.31000E+01 -3.09459E-02
  2.32000E+01 -3.09321E-02
  2.33000E+01 -3.09183E-02
  2.34000E+01 -3.09046E-02
  2.35000E+01 -3.08909E-02
  2.36000E+01 -3.08773E-02
  2.37000E+01 -3.08637E-02
  2.38000E+01 -3.08501E-02
  2.39000E+01 -3.08366E-02
  2.40000E+01 -3.08231E-02
  2.41000E+01 -3.08097E-02
  2.42000E+01 -3.07963E-02
  2.43000E+01 -3.07829E-02
  2.44000E+01 -3.07696E-02
  2.45000E+01 -3.07563E-02
  2.46000E+01 -3.07430E-02
  2.47000E+01 -3.07298E-02
  2.48000E+01 -3.07167E-02
  2.49000E+01 -3.07036E-02
  2.50000E+01 -3.06905E-02
  2.51000E+01 -3.06774E-02
  2.52000E+01 -3.06644E-02
  2.53000E+01 -3.06514E-02
  2.54000E+01 -3.06385E-02
  2.55000E+01 -3.06256E-02
  2.56000E+01 -3.06128E-02
  2.57000E+01 -3.05999E-02
  2.58000E+01 -3.05871E-02
  2.59000E+01 -3.05744E-02
  2.60000E+01 -3.05617E-02
  2.61000E+01 -3.05490E-02
  2.62000E+01 -3.05364E-02
  2.63000E+01 -3.05238E-02
  2.64000E+01 -3.05112E-02
  2.65000E+01 -3.04987E-02
  2.66000E+01 -3.04862E-02
  2.67000E+01 -3.04737E-02
  2.68000E+01 -3.04613E-02
  2.69000E+01 -3.04489E-02
  2.70000E+01 -3.04365E-02
  2.71000E+01 -3.04242E-02
  2.72000E+01 -3.04119E-02
  2.73000E+01 -3.03997E-02
  2.74000E+01 -3.03874E-02
  2.75000E+01 -3.03753E-02
  2.76000E+01 -3.03631E-02
  2.77000E+01 -3.03510E-02
  2.78000E+01 -3.03389E-02
  2.79000E+01 -3.03268E-02
  2.80000E+01 -3.03148E-02
  2.81000E+01 -3.03028E-02
  2.82000E+01 -3.02909E-02
  2.83000E+01 -3.02789E-02
  2.84000E+01 -3.02671E-02
  2.85000E+01 -3.02552E-02
  2.86000E+01 -3.02434E-02
  2.87000E+01 -3.02316E-02
  2.88000E+01 -3.02198E-02
  2.89000E+01 -3.02081E-02
  2.90000E+01 -3.01964E-02
  2.91000E+01 -3.01847E-02
  2.92000E+01 -3.01731E-02
  2.93000E+01 -3.01615E-02
  2.94000E+01 -3.01499E-02
  2.95000E+01 -3.01383E-02
  2.96000E+01 -3.01268E-02
  2.97000E+01 -3.01153E-02
  2.98000E+01 -3.01039E-02
  2.99000E+01 -3.00924E-02
  3.00000E+01 -3.00810E-02
  3.01000E+01 -3.00697E-02
  3.02000E+01 -3.00583E-02
  3.03000E+01 -3.00470E-02
  3.04000E+01 -3.00358E-02
  3.05000E+01 -3.00245E-02
  3.06000E+01 -3.00133E-02
  3.07000E+01 -3.00021E-02
  3.08000E+01 -2.99909E-02
  3.09000E+01 -2.99798E-02
  3.10000E+01 -2.99687E-02
  3.11000E+01 -2.99576E-02
  3.12000E+01 -2.99466E-02
  3.13000E+01 -2.99355E-02
  3.14000E+01 -2.99245E-02
  3.15000E+01 -2.99136E-02
  3.16000E+01 -2.99026E-02
  3.17000E+01 -2.98917E-02
  3.18000E+01 -2.98808E-02
  3.19000E+01 -2.98700E-02
  3.20000E+01 -2.98591E-02
  3.21000E+01 -2.98483E-02
  3.22000E+01 -2.98376E-02
  3.23000E+01 -2.98268E-02
  3.24000E+01 -2.98161E-02
  3.25000E+01 -2.98054E-02
  3.26000E+01 -2.97947E-02
  3.27000E+01 -2.97841E-02
  3.28000E+01 -2.97734E-02
  3.29000E+01 -2.97628E-02
  3.30000E+01 -2.97523E-02
  3.31000E+01 -2.97417E-02
  3.32000E+01 -2.97312E-02
  3.33000E+01 -2.97207E-02
  3.34000E+01 -2.97103E-02
  3.35000E+01 -2.96998E-02
  3.36000E+01 -2.96894E-02
  3.37000E+01 -2.96790E-02
  3.38000E+01 -2.96687E-02
  3.39000E+01 -2.96583E-02
  3.40000E+01 -2.96480E-02
  3.41000E+01 -2.96377E-02
  3.42000E+01 -2.96274E-02
  3.43000E+01 -2.96172E-02
  3.44000E+01 -2.96070E-02
  3.45000E+01 -2.95968E-02
  3.46000E+01 -2.95866E-02
  3.47000E+01 -2.95765E-02
  3.48000E+01 -2.95663E-02
  3.49000E+01 -2.95562E-02
  3.50000E+01 -2.95462E-02
  3.51000E+01 -2.95361E-02
  3.52000E+01 -2.95261E-02
  3.53000E+01 -2.95161E-02
  3.54000E+01 -2.95061E-02
  3.55000E+01 -2.94961E-02
  3.56000E+01 -2.94862E-02
  3.57000E+01 -2.94763E-02
  3.58000E+01 -2.94664E-02
  3.59000E+01 -2.94565E-02
  3.60000E+01 -2.94467E-02
  3.61000E+01 -2.94368E-02
  3.62000E+01 -2.94270E-02
  3.63000E+01 -2.94173E-02
  3.64000E+01 -2.94075E-02
  3.65000E+01 -2.93978E-02
  3.66000E+01 -2.93881E-02
  3.67000E+01 -2.93784E-02
  3.68000E+01 -2.93687E-02
  3.69000E+01 -2.93590E-02
  3.70000E+01 -2.93494E-02
  3.71000E+01 -2.93398E-02
  3.72000E+01 -2.93302E-02
  3.73000E+01 -2.93207E-02
  3.74000E+01 -2.93111E-02
  3.75000E+01 -2.93016E-02
  3.76000E+01 -2.92921E-02
  3.77000E+01 -2.92826E-02
  3.78000E+01 -2.92732E-02
  3.79000E+01 -2.92637E-02
  3.80000E+01 -2.92543E-02
  3.81000E+01 -2.92449E-02
  3.82000E+01 -2.92356E-02
  3.83000E+01 -2.92262E-02
  3.84000E+01 -2.92169E-02
  3.85000E+01 -2.92076E-02
  3.86000E+01 -2.91983E-02
  3.87000E+01 -2.91890E-02
  3.88000E+01 -2.91797E-02
  3.89000E+01 -2.91705E-02
  3.90000E+01 -2.91613E-02
  3.91000E+01 -2.91521E-02
  3.92000E+01 -2.91429E-02
  3.93000E+01 -2.91338E-02
  3.94000E+01 -2.91246E-02
  3.95000E+01 -2.91155E-02
  3.96000E+01 -2.91064E-02
  3.97000E+01 -2.90973E-02
  3.98000E+01 -2.90883E-02
  3.99000E+01 -2.90793E-02
  4.00000E+01 -2.90702E-02
  4.01000E+01 -2.90612E-02
  4.02000E+01 -2.90523E-02
  4.03000E+01 -2.90433E-02
  4.04000E+01 -2.90343E-02
  4.05000E+01 -2.90254E-02
  4.06000E+01 -2.90165E-02
  4.07000E+01 -2.90076E-02
  4.08000E+01 -2.89988E-02
  4.09000E+01 -2.89899E-02
  4.10000E+01 -2.89811E-02
  4.11000E+01 -2.89723E-02
  4.12000E+01 -2.89635E-02
  4.13000E+01 -2.89547E-02
  4.14000E+01 -2.89459E-02
  4.15000E+01 -2.89372E-02
  4.16000E+01 -2.89285E-02
  4.17000E+01 -2.89197E-02
  4.18000E+01 -2.89111E-02
  4.19000E+01 -2.89024E-02
  4.20000E+01 -2.88937E-02
  4.21000E+01 -2.88851E-02
  4.22000E+01 -2.88765E-02
  4.23000E+01 -2.88679E-02
  4.24000E+01 -2.88593E-02
  4.25000E+01 -2.88507E-02
  4.26000E+01 -2.88422E-02
  4.27000E+01 -2.88336E-02
  4.28000E+01 -2.88251E-02
  4.29000E+01 -2.88166E-02
  4.30000E+01 -2.88081E-02
  4.31000E+01 -2.87997E-02
  4.32000E+01 -2.87912E-02
  4.33000E+01 -2.87828E-02
  4.34000E+01 -2.87744E-02
  4.35000E+01 -2.87660E-02
  4.36000E+01 -2.87576E-02
  4.37000E+01 -2.87492E-02
  4.38000E+01 -2.87409E-02
  4.39000E+01 -2.87326E-02
  4.40000E+01 -2.87242E-02
  4.41000E+01 -2.87159E-02
  4.42000E+01 -2.87077E-02
  4.43000E+01 -2.86994E-02
  4.44000E+01 -2.86911E-02
  4.45000E+01 -2.86829E-02
  4.46000E+01 -2.86747E-02
  4.47000E+01 -2.86665E-02
  4.48000E+01 -2.86583E-02
  4.49000E+01 -2.86501E-02
  4.50000E+01 -2.86420E-02
  4.51000E+01 -2.86338E-02
  4.52000E+01 -2.86257E-02
  4.53000E+01 -2.86176E-02
  4.54000E+01 -2.86095E-02
  4.55000E+01 -2.86014E-02
  4.56000E+01 -2.85933E-02
  4.57000E+01 -2.85853E-02
  4.58000E+01 -2.85773E-02
  4.59000E+01 -2.85692E-02
  4.60000E+01 -2.85612E-02
  4.61000E+01 -2.85533E-02
  4.62000E+01 -2.85453E-02
  4.63000E+01 -2.85373E-02
  4.64000E+01 -2.85294E-02
  4.65000E+01 -2.85215E-02
  4.66000E+01 -2.85135E-02
  4.67000E+01 -2.85056E-02
  4.68000E+01 -2.84978E-02
  4.69000E+01 -2.84899E-02
  4.70000E+01 -2.84820E-02
  4.71000E+01 -2.84742E-02
  4.72000E+01 -2.84664E-02
  4.73000E+01 -2.84586E-02
  4.74000E+01 -2.84508E-02
  4.75000E+01 -2.84430E-02
  4.76000E+01 -2.84352E-02
  4.77000E+01 -2.84274E-02
  4.78000E+01 -2.84197E-02
  4.79000E+01 -2.84120E-02
  4.80000E+01 -2.84043E-02
  4.81000E+01 -2.83966E-02
  4.82000E+01 -2.83889E-02
  4.83000E+01 -2.83812E-02
  4.84000E+01 -2.83736E-02
  4.85000E+01 -2.83659E-02
  4.86000E+01 -2.83583E-02
  4.87000E+01 -2.83507E-02
  4.88000E+01 -2.83431E-02
  4.89000E+01 -2.83355E-02
  4.90000E+01 -2.83279E-02
  4.91000E+01 -2.83203E-02
  4.92000E+01 -2.83128E-02
  4.93000E+01 -2.83053E-02
  4.94000E+01 -2.82977E-02
  4.95000E+01 -2.82902E-02
  4.96000E+01 -2.82827E-02
  4.97000E+01 -2.82753E-02
  4.98000E+01 -2.82678E-02
  4.99000E+01 -2.82603E-02
  5.00000E+01 -2.82529E-02
  5.01000E+01 -2.82455E-02
  5.02000E+01 -2.82381E-02
  5.03000E+01 -2.82307E-02
  5.04000E+01 -2.82233E-02
  5.05000E+01 -2.82159E-02
  5.06000E+01 -2.82085E-02
  5.07000E+01 -2.82012E-02
  5.08000E+01 -2.81938E-02
  5.09000E+01 -2.81865E-02
  5.10000E+01 -2.81792E-02
  5.11000E+01 -2.81719E-02
  5.12000E+01 -2.81646E-02
  5.13000E+01 -2.81573E-02
  5.14000E+01 -2.81501E-02
  5.15000E+01 -2.81428E-02
  5.16000E+01 -2.81356E-02
  5.17000E+01 -2.81284E-02
  5.18000E+01 -2.81211E-02
  5.19000E+01 -2.81139E-02
  5.20000E+01 -2.81068E-02
  5.21000E+01 -2.80996E-02
  5.22000E+01 -2.80924E-02
  5.23000E+01 -2.80853E-02
  5.24000E+01 -2.80781E-02
  5.25000E+01 -2.80710E-02
  5.26000E+01 -2.80639E-02
  5.27000E+01 -2.80568E-02
  5.28000E+01 -2.80497E-02
  5.29000E+01 -2.80426E-02
  5.30000E+01 -2.80355E-02
  5.31000E+01 -2.80285E-02
  5.32000E+01 -2.80214E-02
  5.33000E+01 -2.80144E-02
  5.34000E+01 -2.80074E-02
  5.35000E+01 -2.80004E-02
  5.36000E+01 -2.79934E-02
  5.37000E+01 -2.79864E-02
  5.38000E+01 -2.79794E-02
  5.39000E+01 -2.79724E-02
  5.40000E+01 -2.79655E-02
  5.41000E+01 -2.79585E-02
  5.42000E+01 -2.79516E-02
  5.43000E+01 -2.79447E-02
  5.44000E+01 -2.79378E-02
  5.45000E+01 -2.79309E-02
  5.46000E+01 -2.79240E-02
  5.47000E+01 -2.79171E-02
  5.48000E+01 -2.79103E-02
  5.49000E+01 -2.79034E-02
  5.50000E+01 -2.78966E-02
  5.51000E+01 -2.78898E-02
  5.52000E+01 -2.78829E-02
  5.53000E+01 -2.78761E-02
  5.54000E+01 -2.78693E-02
  5.55000E+01 -2.78626E-02
  5.56000E+01 -2.78558E-02
  5.57000E+01 -2.78490E-02
  5.58000E+01 -2.78423E-02
  5.59000E+01 -2.78355E-02
  5.60000E+01 -2.78288E-02
  5.61000E+01 -2.78221E-02
  5.62000E+01 -2.78154E-02
  5.63000E+01 -2.78087E-02
  5.64000E+01 -2.78020E-02
  5.65000E+01 -2.77953E-02
  5.66000E+01 -2.77886E-02
  5.67000E+01 -2.77820E-02
  5.68000E+01 -2.77753E-02
  5.69000E+01 -2.77687E-02
  5.70000E+01 -2.77621E-02
  5.71000E+01 -2.77554E-02
  5.72000E+01 -2.77488E-02
  5.73000E+01 -2.77422E-02
  5.74000E+01 -2.77357E-02
  5.75000E+01 -2.77291E-02
  5.76000E+01 -2.77225E-02
  5.77000E+01 -2.77160E-02
  5.78000E+01 -2.77094E-02
  5.79000E+01 -2.77029E-02
  5.80000E+01 -2.76964E-02
  5.81000E+01 -2.76899E-02
  5.82000E+01 -2.76834E-02
  5.83000E+01 -2.76769E-02
  5.84000E+01 -2.76704E-02
  5.85000E+01 -2.76639E-02
  5.86000E+01 -2.76574E-02
  5.87000E+01 -2.76510E-02
  5.88000E+01 -2.76446E-02
  5.89000E+01 -2.76381E-02
  5.90000E+01 -2.76317E-02
  5.91000E+01 -2.76253E-02
  5.92000E+01 -2.76189E-02
  5.93000E+01 -2.76125E-02
  5.94000E+01 -2.76061E-02
  5.95000E+01 -2.75997E-02
  5.96000E+01 -2.75934E-02
  5.97000E+01 -2.75870E-02
  5.98000E+01 -2.75806E-02
  5.99000E+01 -2.75743E-02
  6.00000E+01 -2.75680E-02
  6.01000E+01 -2.75617E-02
  6.02000E+01 -2.75554E-02
  6.03000E+01 -2.75491E-02
  6.04000E+01 -2.75428E-02
  6.05000E+01 -2.75365E-02
  6.06000E+01 -2.75302E-02
  6.07000E+01 -2.75240E-02
  6.08000E+01 -2.75177E-02
  6.09000E+01 -2.75115E-02
  6.10000E+01 -2.75052E-02
  6.11000E+01 -2.74990E-02
  6.12000E+01 -2.74928E-02
  6.13000E+01 -2.74866E-02
  6.14000E+01 -2.74804E-02
  6.15000E+01 -2.74742E-02
  6.16000E+01 -2.74680E-02
  6.17000E+01 -2.74618E-02
  6.18000E+01 -2.74557E-02
  6.19000E+01 -2.74495E-02
  6.20000E+01 -2.74434E-02
  6.21000E+01 -2.74372E-02
  6.22000E+01 -2.74311E-02
  6.23000E+01 -2.74250E-02
  6.24000E+01 -2.74189E-02
  6.25000E+01 -2.74128E-02
  6.26000E+01 -2.74067E-02
  6.27000E+01 -2.74006E-02
  6.28000E+01 -2.73945E-02
  6.29000E+01 -2.73885E-02
  6.30000E+01 -2.73824E-02
  6.31000E+01 -2.73764E-02
  6.32000E+01 -2.73703E-02
  6.33000E+01 -2.73643E-02
  6.34000E+01 -2.73583E-02
  6.35000E+01 -2.73523E-02
  6.36000E+01 -2.73463E-02
  6.37000E+01 -2.73403E-02
  6.38000E+01 -2.73343E-02
  6.39000E+01 -2.73283E-02
  6.40000E+01 -2.73223E-02
  6.41000E+01 -2.73164E-02
  6.42000E+01 -2.73104E-02
  6.43000E+01 -2.73045E-02
  6.44000E+01 -2.72985E-02
  6.45000E+01 -2.72926E-02
  6.46000E+01 -2.72867E-02
  6.47000E+01 -2.72808E-02
  6.48000E+01 -2.72749E-02
  6.49000E+01 -2.72690E-02
  6.50000E+01 -2.72631E-02
  6.51000E+01 -2.72572E-02
  6.52000E+01 -2.72514E-02
  6.53000E+01 -2.72455E-02
  6.54000E+01 -2.72396E-02
  6.55000E+01 -2.72338E-02
  6.56000E+01 -2.72280E-02
  6.57000E+01 -2.72221E-02
  6.58000E+01 -2.72163E-02
  6.59000E+01 -2.72105E-02
  6.60000E+01 -2.72047E-02
  6.61000E+01 -2.71989E-02
  6.62000E+01 -2.71931E-02
  6.63000E+01 -2.71873E-02
  6.64000E+01 -2.71815E-02
  6.65000E+01 -2.71758E-02
  6.66000E+01 -2.71700E-02
  6.67000E+01 -2.71643E-02
  6.68000E+01 -2.71585E-02
  6.69000E+01 -2.71528E-02
  6.70000E+01 -2.71470E-02
  6.71000E+01 -2.71413E-02
  6.72000E+01 -2.71356E-02
  6.73000E+01 -2.71299E-02
  6.74000E+01 -2.71242E-02
  6.75000E+01 -2.71185E-02
  6.76000E+01 -2.71128E-02
  6.77000E+01 -2.71072E-02
  6.78000E+01 -2.71015E-02
  6.79000E+01 -2.70958E-02
  6.80000E+01 -2.70902E-02
  6.81000E+01 -2.70845E-02
  6.82000E+01 -2.70789E-02
  6.83000E+01 -2.70733E-02
  6.84000E+01 -2.70677E-02
  6.85000E+01 -2.70620E-02
  6.86000E+01 -2.70564E-02
  6.87000E+01 -2.70508E-02
  6.88000E+01 -2.70453E-02
  6.89000E+01 -2.70397E-02
  6.90000E+01 -2.70341E-02
  6.91000E+01 -2.70285E-02
  6.92000E+01 -2.70230E-02
  6.93000E+01 -2.70174E-02
  6.94000E+01 -2.70119E-02
  6.95000E+01 -2.70063E-02
  6.96000E+01 -2.70008E-02
  6.97000E+01 -2.69953E-02
  6.98000E+01 -2.69897E-02
  6.99000E+01 -2.69842E-02
  7.00000E+01 -2.69787E-02
  7.01000E+01 -2.69732E-02
  7.02000E+01 -2.69677E-02
  7.03000E+01 -2.69623E-02
  7.04000E+01 -2.69568E-02
  7.05000E+01 -2.69513E-02
  7.06000E+01 -2.69458E-02
  7.07000E+01 -2.69404E-02
  7.08000E+01 -2.69349E-02
  7.09000E+01 -2.69295E-02
  7.10000E+01 -2.69241E-02
  7.11000E+01 -2.69186E-02
  7.12000E+01 -2.69132E-02
  7.13000E+01 -2.69078E-02
  7.14000E+01 -2.69024E-02
  7.15000E+01 -2.68970E-02
  7.16000E+01 -2.68916E-02
  7.17000E+01 -2.68862E-02
  7.18000E+01 -2.68808E-02
  7.19000E+01 -2.68755E-02
  7.20000E+01 -2.68701E-02
  7.21000E+01 -2.68648E-02
  7.22000E+01 -2.68594E-02
  7.23000E+01 -2.68541E-02
  7.24000E+01 -2.68487E-02
  7.25000E+01 -2.68434E-02
  7.26000E+01 -2.68381E-02
  7.27000E+01 -2.68327E-02
  7.28000E+01 -2.68274E-02
  7.29000E+01 -2.68221E-02
  7.30000E+01 -2.68168E-02
  7.31000E+01 -2.68115E-02
  7.32000E+01 -2.68062E-02
  7.33000E+01 -2.68010E-02
  7.34000E+01 -2.67957E-02
  7.35000E+01 -2.67904E-02
  7.36000E+01 -2.67852E-02
  7.37000E+01 -2.67799E-02
  7.38000E+01 -2.67747E-02
  7.39000E+01 -2.67694E-02
  7.40000E+01 -2.67642E-02
  7.41000E+01 -2.67590E-02
  7.42000E+01 -2.67538E-02
  7.43000E+01 -2.67485E-02
  7.44000E+01 -2.67433E-02
  7.45000E+01 -2.67381E-02
  7.46000E+01 -2.67329E-02
  7.47000E+01 -2.67278E-02
  7.48000E+01 -2.67226E-02
  7.49000E+01 -2.67174E-02
  7.50000E+01 -2.67122E-02
  7.51000E+01 -2.67071E-02
  7.52000E+01 -2.67019E-02
  7.53000E+01 -2.66968E-02
  7.54000E+01 -2.66916E-02
  7.55000E+01 -2.66865E-02
  7.56000E+01 -2.66813E-02
  7.57000E+01 -2.66762E-02
  7.58000E+01 -2.66711E-02
  7.59000E+01 -2.66660E-02
  7.60000E+01 -2.66609E-02
  7.61000E+01 -2.66558E-02
  7.62000E+01 -2.66507E-02
  7.63000E+01 -2.66456E-02
  7.64000E+01 -2.66405E-02
  7.65000E+01 -2.66354E-02
  7.66000E+01 -2.66304E-02
  7.67000E+01 -2.66253E-02
  7.68000E+01 -2.66202E-02
  7.69000E+01 -2.66152E-02
  7.70000E+01 -2.66101E-02
  7.71000E+01 -2.66051E-02
  7.72000E+01 -2.66001E-02
  7.73000E+01 -2.65950E-02
  7.74000E+01 -2.65900E-02
  7.75000E+01 -2.65850E-02
  7.76000E+01 -2.65800E-02
  7.77000E+01 -2.65750E-02
  7.78000E+01 -2.65700E-02
  7.79000E+01 -2.65650E-02
  7.80000E+01 -2.65600E-02
  7.81000E+01 -2.65550E-02
  7.82000E+01 -2.65500E-02
  7.83000E+01 -2.65451E-02
  7.84000E+01 -2.65401E-02
  7.85000E+01 -2.65351E-02
  7.86000E+01 -2.65302E-02
  7.87000E+01 -2.65252E-02
  7.88000E+01 -2.65203E-02
  7.89000E+01 -2.65154E-02
  7.90000E+01 -2.65104E-02
  7.91000E+01 -2.65055E-02
  7.92000E+01 -2.65006E-02
  7.93000E+01 -2.64957E-02
  7.94000E+01 -2.64908E-02
  7.95000E+01 -2.64859E-02
  7.96000E+01 -2.64810E-02
  7.97000E+01 -2.64761E-02
  7.98000E+01 -2.64712E-02
  7.99000E+01 -2.64663E-02
  8.00000E+01 -2.64614E-02
  8.01000E+01 -2.64566E-02
  8.02000E+01 -2.64517E-02
  8.03000E+01 -2.64469E-02
  8.04000E+01 -2.64420E-02
  8.05000E+01 -2.64372E-02
  8.06000E+01 -2.64323E-02
  8.07000E+01 -2.64275E-02
  8.08000E+01 -2.64227E-02
  8.09000E+01 -2.64178E-02
  8.10000E+01 -2.64130E-02
  8.11000E+01 -2.64082E-02
  8.12000E+01 -2.64034E-02
  8.13000E+01 -2.63986E-02
  8.14000E+01 -2.63938E-02
  8.15000E+01 -2.63890E-02
  8.16000E+01 -2.63842E-02
  8.17000E+01 -2.63794E-02
  8.18000E+01 -2.63747E-02
  8.19000E+01 -2.63699E-02
  8.20000E+01 -2.63651E-02
  8.21000E+01 -2.63604E-02
  8.22000E+01 -2.63556E-02
  8.23000E+01 -2.63509E-02
  8.24000E+01 -2.63461E-02
  8.25000E+01 -2.63414E-02
  8.26000E+01 -2.63366E-02
  8.27000E+01 -2.63319E-02
  8.28000E+01 -2.63272E-02
  8.29000E+01 -2.63225E-02
  8.30000E+01 -2.63178E-02
  8.31000E+01 -2.63131E-02
  8.32000E+01 -2.63084E-02
  8.33000E+01 -2.63037E-02
  8.34000E+01 -2.62990E-02
  8.35000E+01 -2.62943E-02
  8.36000E+01 -2.62896E-02
  8.37000E+01 -2.62849E-02
  8.38000E+01 -2.62802E-02
  8.39000E+01 -2.62756E-02
  8.40000E+01 -2.62709E-02
  8.41000E+01 -2.62663E-02
  8.42000E+01 -2.62616E-02
  8.43000E+01 -2.62570E-02
  8.44000E+01 -2.62523E-02
  8.45000E+01 -2.62477E-02
  8.46000E+01 -2.62431E-02
  8.47000E+01 -2.62384E-02
  8.48000E+01 -2.62338E-02
  8.49000E+01 -2.62292E-02
  8.50000E+01 -2.62246E-02
  8.51000E+01 -2.62200E-02
  8.52000E+01 -2.62154E-02
  8.53000E+01 -2.62108E-02
  8.54000E+01 -2.62062E-02
  8.55000E+01 -2.62016E-02
  8.56000E+01 -2.61970E-02
  8.57000E+01 -2.61924E-02
  8.58000E+01 -2.61879E-02
  8.59000E+01 -2.61833E-02
  8.60000E+01 -2.61787E-02
  8.61000E+01 -2.61742E-02
  8.62000E+01 -2.61696E-02
  8.63000E+01 -2.61651E-02
  8.64000E+01 -2.61605E-02
  8.65000E+01 -2.61560E-02
  8.66000E+01 -2.61515E-02
  8.67000E+01 -2.61469E-02
  8.68000E+01 -2.61424E-02
  8.69000E+01 -2.61379E-02
  8.70000E+01 -2.61334E-02
  8.71000E+01 -2.61289E-02
  8.72000E+01 -2.61244E-02
  8.73000E+01 -2.61199E-02
  8.74000E+01 -2.61154E-02
  8.75000E+01 -2.61109E-02
  8.76000E+01 -2.61064E-02
  8.77000E+01 -2.61019E-02
  8.78000E+01 -2.60974E-02
  8.79000E+01 -2.60930E-02
  8.80000E+01 -2.60885E-02
  8.81000E+01 -2.60840E-02
  8.82000E+01 -2.60796E-02
  8.83000E+01 -2.60751E-02
  8.84000E+01 -2.60707E-02
  8.85000E+01 -2.60662E-02
  8.86000E+01 -2.60618E-02
  8.87000E+01 -2.60574E-02
  8.88000E+01 -2.60529E-02
  8.89000E+01 -2.60485E-02
  8.90000E+01 -2.60441E-02
  8.91000E+01 -2.60397E-02
  8.92000E+01 -2.60353E-02
  8.93000E+01 -2.60309E-02
  8.94000E+01 -2.60264E-02
  8.95000E+01 -2.60220E-02
  8.96000E+01 -2.60177E-02
  8.97000E+01 -2.60133E-02
  8.98000E+01 -2.60089E-02
  8.99000E+01 -2.60045E-02
  9.00000E+01 -2.60001E-02
  9.01000E+01 -2.59958E-02
  9.02000E+01 -2.59914E-02
  9.03000E+01 -2.59870E-02
  9.04000E+01 -2.59827E-02
  9.05000E+01 -2.59783E-02
  9.06000E+01 -2.59740E-02
  9.07000E+01 -2.59696E-02
  9.08000E+01 -2.59653E-02
  9.09000E+01 -2.59609E-02
  9.10000E+01 -2.59566E-02
  9.11000E+01 -2.59523E-02
  9.12000E+01 -2.59479E-02
  9.13000E+01 -2.59436E-02
  9.14000E+01 -2.59393E-02
  9.15000E+01 -2.59350E-02
  9.16000E+01 -2.59307E-02
  9.17000E+01 -2.59264E-02
  9.18000E+01 -2.59221E-02
  9.19000E+01 -2.59178E-02
  9.20000E+01 -2.59135E-02
  9.21000E+01 -2.59092E-02
  9.22000E+01 -2.59049E-02
  9.23000E+01 -2.59007E-02
  9.24000E+01 -2.58964E-02
  9.25000E+01 -2.58921E-02
  9.26000E+01 -2.58879E-02
  9.27000E+01 -2.58836E-02
  9.28000E+01 -2.58793E-02
  9.29000E+01 -2.58751E-02
  9.30000E+01 -2.58709E-02
  9.31000E+01 -2.58666E-02
  9.32000E+01 -2.58624E-02
  9.33000E+01 -2.58581E-02
  9.34000E+01 -2.58539E-02
  9.35000E+01 -2.58497E-02
  9.36000E+01 -2.58455E-02
  9.37000E+01 -2.58412E-02
  9.38000E+01 -2.58370E-02
  9.39000E+01 -2.58328E-02
  9.40000E+01 -2.58286E-02
  9.41000E+01 -2.58244E-02
  9.42000E+01 -2.58202E-02
  9.43000E+01 -2.58160E-02
  9.44000E+01 -2.58118E-02
  9.45000E+01 -2.58076E-02
  9.46000E+01 -2.58035E-02
  9.47000E+01 -2.57993E-02
  9.48000E+01 -2.57951E-02
  9.49000E+01 -2.57909E-02
  9.50000E+01 -2.57868E-02
  9.51000E+01 -2.57826E-02
  9.52000E+01 -2.57784E-02
  9.53000E+01 -2.57743E-02
  9.54000E+01 -2.57701E-02
  9.55000E+01 -2.57660E-02
  9.56000E+01 -2.57619E-02
  9.57000E+01 -2.57577E-02
  9.58000E+01 -2.57536E-02
  9.59000E+01 -2.57495E-02
  9.60000E+01 -2.57453E-02
  9.61000E+01 -2.57412E-02
  9.62000E+01 -2.57371E-02
  9.63000E+01 -2.57330E-02
  9.64000E+01 -2.57289E-02
  9.65000E+01 -2.57248E-02
  9.66000E+01 -2.57207E-02
  9.67000E+01 -2.57166E-02
  9.68000E+01 -2.57125E-02
  9.69000E+01 -2.57084E-02
  9.70000E+01 -2.57043E-02
  9.71000E+01 -2.57002E-02
  9.72000E+01 -2.56961E-02
  9.73000E+01 -2.56920E-02
  9.74000E+01 -2.56880E-02
  9.75000E+01 -2.56839E-02
  9.76000E+01 -2.56798E-02
  9.77000E+01 -2.56758E-02
  9.78000E+01 -2.56717E-02
  9.79000E+01 -2.56677E-02
  9.80000E+01 -2.56636E-02
  9.81000E+01 -2.56596E-02
  9.82000E+01 -2.56555E-02
  9.83000E+01 -2.56515E-02
  9.84000E+01 -2.56475E-02
  9.85000E+01 -2.56434E-02
  9.86000E+01 -2.56394E-02
  9.87000E+01 -2.56354E-02
  9.88000E+01 -2.56314E-02
  9.89000E+01 -2.56274E-02
  9.90000E+01 -2.56233E-02
  9.91000E+01 -2.56193E-02
  9.92000E+01 -2.56153E-02
  9.93000E+01 -2.56113E-02
  9.94000E+01 -2.56073E-02
  9.95000E+01 -2.56033E-02
  9.96000E+01 -2.55993E-02
  9.97000E+01 -2.55954E-02
  9.98000E+01 -2.55914E-02
  9.99000E+01 -2.55874E-02
  1.00000E+02 -2.55834E-02
  1.00100E+02 -2.55795E-02
  1.00200E+02 -2.55755E-02
  1.00300E+02 -2.55715E-02
  1.00400E+02 -2.55676E-02
  1.00500E+02 -2.55636E-02
  1.00600E+02 -2.55596E-02
  1.00700E+02 -2.55557E-02
  1.00800E+02 -2.55518E-02
  1.00900E+02 -2.55478E-02
  1.01000E+02 -2.55439E-02
  1.01100E+02 -2.55399E-02
  1.01200E+02 -2.55360E-02
  1.01300E+02 -2.55321E-02
  1.01400E+02 -2.55281E-02
  1.01500E+02 -2.55242E-02
  1.01600E+02 -2.55203E-02
  1.01700E+02 -2.55164E-02
  1.01800E+02 -2.55125E-02
  1.01900E+02 -2.55086E-02
  1.02000E+02 -2.55047E-02
  1.02100E+02 -2.55008E-02
  1.02200E+02 -2.54969E-02
  1.02300E+02 -2.54930E-02
  1.02400E+02 -2.54891E-02
  1.02500E+02 -2.54852E-02
  1.02600E+02 -2.54813E-02
  1.02700E+02 -2.54774E-02
  1.02800E+02 -2.54736E-02
  1.02900E+02 -2.54697E-02
  1.03000E+02 -2.54658E-02
  1.03100E+02 -2.54620E-02
  1.03200E+02 -2.54581E-02
  1.03300E+02 -2.54542E-02
  1.03400E+02 -2.54504E-02
  1.03500E+02 -2.54465E-02
  1.03600E+02 -2.54427E-02
  1.03700E+02 -2.54388E-02
  1.03800E+02 -2.54350E-02
  1.03900E+02 -2.54311E-02
  1.04000E+02 -2.54273E-02
  1.04100E+02 -2.54235E-02
  1.04200E+02 -2.54197E-02
  1.04300E+02 -2.54158E-02
  1.04400E+02 -2.54120E-02
  1.04500E+02 -2.54082E-02
  1.04600E+02 -2.54044E-02
  1.04700E+02 -2.54006E-02
  1.04800E+02 -2.53967E-02
  1.04900E+02 -2.53929E-02
  1.05000E+02 -2.53891E-02
  1.05100E+02 -2.53853E-02
  1.05200E+02 -2.53815E-02
  1.05300E+02 -2.53778E-02
  1.05400E+02 -2.53740E-02
  1.05500E+02 -2.53702E-02
  1.05600E+02 -2.53664E-02
  1.05700E+02 -2.53626E-02
  1.05800E+02 -2.53588E-02
  1.05900E+02 -2.53551E-02
  1.06000E+02 -2.53513E-02
  1.06100E+02 -2.53475E-02
  1.06200E+02 -2.53438E-02
  1.06300E+02 -2.53400E-02
  1.06400E+02 -2.53363E-02
  1.06500E+02 -2.53325E-02
  1.06600E+02 -2.53287E-02
  1.06700E+02 -2.53250E-02
  1.06800E+02 -2.53213E-02
  1.06900E+02 -2.53175E-02
  1.07000E+02 -2.53138E-02
  1.07100E+02 -2.53100E-02
  1.07200E+02 -2.53063E-02
  1.07300E+02 -2.53026E-02
  1.07400E+02 -2.52989E-02
  1.07500E+02 -2.52951E-02
  1.07600E+02 -2.52914E-02
  1.07700E+02 -2.52877E-02
  1.07800E+02 -2.52840E-02
  1.07900E+02 -2.52803E-02
  1.08000E+02 -2.52766E-02
  1.08100E+02 -2.52729E-02
  1.08200E+02 -2.52692E-02
  1.08300E+02 -2.52655E-02
  1.08400E+02 -2.52618E-02
  1.08500E+02 -2.52581E-02
  1.08600E+02 -2.52544E-02
  1.08700E+02 -2.52507E-02
  1.08800E+02 -2.52470E-02
  1.08900E+02 -2.52434E-02
  1.09000E+02 -2.52397E-02
  1.09100E+02 -2.52360E-02
  1.09200E+02 -2.52323E-02
  1.09300E+02 -2.52287E-02
  1.09400E+02 -2.52250E-02
  1.09500E+02 -2.52214E-02
  1.09600E+02 -2.52177E-02
  1.09700E+02 -2.52140E-02
  1.09800E+02 -2.52104E-02
  1.09900E+02 -2.52067E-02
  1.10000E+02 -2.52031E-02
  1.10100E+02 -2.51995E-02
  1.10200E+02 -2.51958E-02
  1.10300E+02 -2.51922E-02
  1.10400E+02 -2.51885E-02
  1.10500E+02 -2.51849E-02
  1.10600E+02 -2.51813E-02
  1.10700E+02 -2.51777E-02
  1.10800E+02 -2.51740E-02
  1.10900E+02 -2.51704E-02
  1.11000E+02 -2.51668E-02
  1.11100E+02 -2.51632E-02
  1.11200E+02 -2.51596E-02
  1.11300E+02 -2.51560E-02
  1.11400E+02 -2.51524E-02
  1.11500E+02 -2.51488E-02
  1.11600E+02 -2.51452E-02
  1.11700E+02 -2.51416E-02
  1.11800E+02 -2.51380E-02
  1.11900E+02 -2.51344E-02
  1.12000E+02 -2.51308E-02
  1.12100E+02 -2.51272E-02
  1.12200E+02 -2.51237E-02
  1.12300E+02 -2.51201E-02
  1.12400E+02 -2.51165E-02
  1.12500E+02 -2.51129E-02
  1.12600E+02 -2.51094E-02
  1.12700E+02 -2.51058E-02
  1.12800E+02 -2.51022E-02
  1.12900E+02 -2.50987E-02
  1.13000E+02 -2.50951E-02
  1.13100E+02 -2.50916E-02
  1.13200E+02 -2.50880E-02
  1.13300E+02 -2.50845E-02
  1.13400E+02 -2.50809E-02
  1.13500E+02 -2.50774E-02
  1.13600E+02 -2.50738E-02
  1.13700E+02 -2.50703E-02
  1.13800E+02 -2.50668E-02
  1.13900E+02 -2.50632E-02
  1.14000E+02 -2.50597E-02
  1.14100E+02 -2.50562E-02
  1.14200E+02 -2.50527E-02
  1.14300E+02 -2.50491E-02
  1.14400E+02 -2.50456E-02
  1.14500E+02 -2.50421E-02
  1.14600E+02 -2.50386E-02
  1.14700E+02 -2.50351E-02
  1.14800E+02 -2.50316E-02
  1.14900E+02 -2.50281E-02
  1.15000E+02 -2.50246E-02
  1.15100E+02 -2.50211E-02
  1.15200E+02 -2.50176E-02
  1.15300E+02 -2.50141E-02
  1.15400E+02 -2.50106E-02
  1.15500E+02 -2.50071E-02
  1.15600E+02 -2.50036E-02
  1.15700E+02 -2.50001E-02
  1.15800E+02 -2.49967E-02
  1.15900E+02 -2.49932E-02
  1.16000E+02 -2.49897E-02
  1.16100E+02 -2.49862E-02
  1.16200E+02 -2.49828E-02
  1.16300E+02 -2.49793E-02
  1.16400E+02 -2.49758E-02
  1.16500E+02 -2.49724E-02
  1.16600E+02 -2.49689E-02
  1.16700E+02 -2.49655E-02
  1.16800E+02 -2.49620E-02
  1.16900E+02 -2.49586E-02
  1.17000E+02 -2.49551E-02
  1.17100E+02 -2.49517E-02
  1.17200E+02 -2.49482E-02
  1.17300E+02 -2.49448E-02
  1.17400E+02 -2.49414E-02
  1.17500E+02 -2.49379E-02
  1.17600E+02 -2.49345E-02
  1.17700E+02 -2.49311E-02
  1.17800E+02 -2.49277E-02
  1.17900E+02 -2.49242E-02
  1.18000E+02 -2.49208E-02
  1.18100E+02 -2.49174E-02
  1.18200E+02 -2.49140E-02
  1.18300E+02 -2.49106E-02
  1.18400E+02 -2.49072E-02
  1.18500E+02 -2.49037E-02
  1.18600E+02 -2.49003E-02
  1.18700E+02 -2.48969E-02
  1.18800E+02 -2.48935E-02
  1.18900E+02 -2.48901E-02
  1.19000E+02 -2.48867E-02
  1.19100E+02 -2.48834E-02
  1.19200E+02 -2.48800E-02
  1.19300E+02 -2.48766E-02
  1.19400E+02 -2.48732E-02
  1.19500E+02 -2.48698E-02
  1.19600E+02 -2.48664E-02
  1.19700E+02 -2.48631E-02
  1.19800E+02 -2.48597E-02
  1.19900E+02 -2.48563E-02
  1.20000E+02 -2.48529E-02
  1.20100E+02 -2.48496E-02
  1.20200E+02 -2.48462E-02
  1.20300E+02 -2.48429E-02
  1.20400E+02 -2.48395E-02
  1.20500E+02 -2.48361E-02
  1.20600E+02 -2.48328E-02
  1.20700E+02 -2.48294E-02
  1.20800E+02 -2.48261E-02
  1.20900E+02 -2.48227E-02
  1.21000E+02 -2.48194E-02
  1.21100E+02 -2.48161E-02
  1.21200E+02 -2.48127E-02
  1.21300E+02 -2.48094E-02
  1.21400E+02 -2.48060E-02
  1.21500E+02 -2.48027E-02
  1.21600E+02 -2.47994E-02
  1.21700E+02 -2.47961E-02
  1.21800E+02 -2.47927E-02
  1.21900E+02 -2.47894E-02
  1.22000E+02 -2.47861E-02
  1.22100E+02 -2.47828E-02
  1.22200E+02 -2.47795E-02
  1.22300E+02 -2.47762E-02
  1.22400E+02 -2.47728E-02
  1.22500E+02 -2.47695E-02
  1.22600E+02 -2.47662E-02
  1.22700E+02 -2.47629E-02
  1.22800E+02 -2.47596E-02
  1.22900E+02 -2.47563E-02
  1.23000E+02 -2.47530E-02
  1.23100E+02 -2.47498E-02
  1.23200E+02 -2.47465E-02
  1.23300E+02 -2.47432E-02
  1.23400E+02 -2.47399E-02
  1.23500E+02 -2.47366E-02
  1.23600E+02 -2.47333E-02
  1.23700E+02 -2.47301E-02
  1.23800E+02 -2.47268E-02
  1.23900E+02 -2.47235E-02
  1.24000E+02 -2.47202E-02
  1.24100E+02 -2.47170E-02
  1.24200E+02 -2.47137E-02
  1.24300E+02 -2.47104E-02
  1.24400E+02 -2.47072E-02
  1.24500E+02 -2.47039E-02
  1.24600E+02 -2.47007E-02
  1.24700E+02 -2.46974E-02
  1.24800E+02 -2.46942E-02
  1.24900E+02 -2.46909E-02
  1.25000E+02 -2.46877E-02
  1.25100E+02 -2.46844E-02
  1.25200E+02 -2.46812E-02
  1.25300E+02 -2.46779E-02
  1.25400E+02 -2.46747E-02
  1.25500E+02 -2.46715E-02
  1.25600E+02 -2.46682E-02
  1.25700E+02 -2.46650E-02
  1.25800E+02 -2.46618E-02
  1.25900E+02 -2.46585E-02
  1.26000E+02 -2.46553E-02
  1.26100E+02 -2.46521E-02
  1.26200E+02 -2.46489E-02
  1.26300E+02 -2.46457E-02
  1.26400E+02 -2.46424E-02
  1.26500E+02 -2.46392E-02
  1.26600E+02 -2.46360E-02
  1.26700E+02 -2.46328E-02
  1.26800E+02 -2.46296E-02
  1.26900E+02 -2.46264E-02
  1.27000E+02 -2.46232E-02
  1.27100E+02 -2.46200E-02
  1.27200E+02 -2.46168E-02
  1.27300E+02 -2.46136E-02
  1.27400E+02 -2.46104E-02
  1.27500E+02 -2.46072E-02
  1.27600E+02 -2.46040E-02
  1.27700E+02 -2.46009E-02
  1.27800E+02 -2.45977E-02
  1.27900E+02 -2.45945E-02
  1.28000E+02 -2.45913E-02
  1.28100E+02 -2.45881E-02
  1.28200E+02 -2.45850E-02
  1.28300E+02 -2.45818E-02
  1.28400E+02 -2.45786E-02
  1.28500E+02 -2.45755E-02
  1.28600E+02 -2.45723E-02
  1.28700E+02 -2.45691E-02
  1.28800E+02 -2.45660E-02
  1.28900E+02 -2.45628E-02
  1.29000E+02 -2.45597E-02
  1.29100E+02 -2.45565E-02
  1.29200E+02 -2.45534E-02
  1.29300E+02 -2.45502E-02
  1.29400E+02 -2.45471E-02
  1.29500E+02 -2.45439E-02
  1.29600E+02 -2.45408E-02
  1.29700E+02 -2.45376E-02
  1.29800E+02 -2.45345E-02
  1.29900E+02 -2.45314E-02
  1.30000E+02 -2.45282E-02
  1.30100E+02 -2.45251E-02
  1.30200E+02 -2.45220E-02
  1.30300E+02 -2.45188E-02
  1.30400E+02 -2.45157E-02
  1.30500E+02 -2.45126E-02
  1.30600E+02 -2.45095E-02
  1.30700E+02 -2.45063E-02
  1.30800E+02 -2.45032E-02
  1.30900E+02 -2.45001E-02
  1.31000E+02 -2.44970E-02
  1.31100E+02 -2.44939E-02
  1.31200E+02 -2.44908E-02
  1.31300E+02 -2.44877E-02
  1.31400E+02 -2.44846E-02
  1.31500E+02 -2.44815E-02
  1.31600E+02 -2.44784E-02
  1.31700E+02 -2.44753E-02
  1.31800E+02 -2.44722E-02
  1.31900E+02 -2.44691E-02
  1.32000E+02 -2.44660E-02
  1.32100E+02 -2.44629E-02
  1.32200E+02 -2.44598E-02
  1.32300E+02 -2.44567E-02
  1.32400E+02 -2.44536E-02
  1.32500E+02 -2.44506E-02
  1.32600E+02 -2.44475E-02
  1.32700E+02 -2.44444E-02
  1.32800E+02 -2.44413E-02
  1.32900E+02 -2.44383E-02
  1.33000E+02 -2.44352E-02
  1.33100E+02 -2.44321E-02
  1.33200E+02 -2.44290E-02
  1.33300E+02 -2.44260E-02
  1.33400E+02 -2.44229E-02
  1.33500E+02 -2.44199E-02
  1.33600E+02 -2.44168E-02
  1.33700E+02 -2.44137E-02
  1.33800E+02 -2.44107E-02
  1.33900E+02 -2.44076E-02
  1.34000E+02 -2.44046E-02
  1.34100E+02 -2.44015E-02
  1.34200E+02 -2.43985E-02
  1.34300E+02 -2.43955E-02
  1.34400E+02 -2.43924E-02
  1.34500E+02 -2.43894E-02
  1.34600E+02 -2.43863E-02
  1.34700E+02 -2.43833E-02
  1.34800E+02 -2.43803E-02
  1.34900E+02 -2.43772E-02
  1.35000E+02 -2.43742E-02
  1.35100E+02 -2.43712E-02
  1.35200E+02 -2.43681E-02
  1.35300E+02 -2.43651E-02
  1.35400E+02 -2.43621E-02
  1.35500E+02 -2.43591E-02
  1.35600E+02 -2.43561E-02
  1.35700E+02 -2.43530E-02
  1.35800E+02 -2.43500E-02
  1.35900E+02 -2.43470E-02
  1.36000E+02 -2.43440E-02
  1.36100E+02 -2.43410E-02
  1.36200E+02 -2.43380E-02
  1.36300E+02 -2.43350E-02
  1.36400E+02 -2.43320E-02
  1.36500E+02 -2.43290E-02
  1.36600E+02 -2.43260E-02
  1.36700E+02 -2.43230E-02
  1.36800E+02 -2.43200E-02
  1.36900E+02 -2.43170E-02
  1.37000E+02 -2.43140E-02
  1.37100E+02 -2.43110E-02
  1.37200E+02 -2.43080E-02
  1.37300E+02 -2.43051E-02
  1.37400E+02 -2.43021E-02
  1.37500E+02 -2.42991E-02
  1.37600E+02 -2.42961E-02
  1.37700E+02 -2.42931E-02
  1.37800E+02 -2.42902E-02
  1.37900E+02 -2.42872E-02
  1.38000E+02 -2.42842E-02
  1.38100E+02 -2.42813E-02
  1.38200E+02 -2.42783E-02
  1.38300E+02 -2.42753E-02
  1.38400E+02 -2.42724E-02
  1.38500E+02 -2.42694E-02
  1.38600E+02 -2.42664E-02
  1.38700E+02 -2.42635E-02
  1.38800E+02 -2.42605E-02
  1.38900E+02 -2.42576E-02
  1.39000E+02 -2.42546E-02
  1.39100E+02 -2.42517E-02
  1.39200E+02 -2.42487E-02
  1.39300E+02 -2.42458E-02
  1.39400E+02 -2.42428E-02
  1.39500E+02 -2.42399E-02
  1.39600E+02 -2.42369E-02
  1.39700E+02 -2.42340E-02
  1.39800E+02 -2.42311E-02
  1.39900E+02 -2.42281E-02
  1.40000E+02 -2.42252E-02
  1.40100E+02 -2.42223E-02
  1.40200E+02 -2.42193E-02
  1.40300E+02 -2.42164E-02
  1.40400E+02 -2.42135E-02
  1.40500E+02 -2.42106E-02
  1.40600E+02 -2.42076E-02
  1.40700E+02 -2.42047E-02
  1.40800E+02 -2.42018E-02
  1.40900E+02 -2.41989E-02
  1.41000E+02 -2.41960E-02
  1.41100E+02 -2.41931E-02
  1.41200E+02 -2.41902E-02
  1.41300E+02 -2.41872E-02
  1.41400E+02 -2.41843E-02
  1.41500E+02 -2.41814E-02
  1.41600E+02 -2.41785E-02
  1.41700E+02 -2.41756E-02
  1.41800E+02 -2.41727E-02
  1.41900E+02 -2.41698E-02
  1.42000E+02 -2.41669E-02
  1.42100E+02 -2.41640E-02
  1.42200E+02 -2.41611E-02
  1.42300E+02 -2.41583E-02
  1.42400E+02 -2.41554E-02
  1.42500E+02 -2.41525E-02
  1.42600E+02 -2.41496E-02
  1.42700E+02 -2.41467E-02
  1.42800E+02 -2.41438E-02
  1.42900E+02 -2.41409E-02
  1.43000E+02 -2.41381E-02
  1.43100E+02 -2.41352E-02
  1.43200E+02 -2.41323E-02
  1.43300E+02 -2.41294E-02
  1.43400E+02 -2.41266E-02
  1.43500E+02 -2.41237E-02
  1.43600E+02 -2.41208E-02
  1.43700E+02 -2.41180E-02
  1.43800E+02 -2.41151E-02
  1.43900E+02 -2.41122E-02
  1.44000E+02 -2.41094E-02
  1.44100E+02 -2.41065E-02
  1.44200E+02 -2.41037E-02
  1.44300E+02 -2.41008E-02
  1.44400E+02 -2.40980E-02
  1.44500E+02 -2.40951E-02
  1.44600E+02 -2.40923E-02
  1.44700E+02 -2.40894E-02
  1.44800E+02 -2.40866E-02
  1.44900E+02 -2.40837E-02
  1.45000E+02 -2.40809E-02
  1.45100E+02 -2.40780E-02
  1.45200E+02 -2.40752E-02
  1.45300E+02 -2.40724E-02
  1.45400E+02 -2.40695E-02
  1.45500E+02 -2.40667E-02
  1.45600E+02 -2.40639E-02
  1.45700E+02 -2.40610E-02
  1.45800E+02 -2.40582E-02
  1.45900E+02 -2.40554E-02
  1.46000E+02 -2.40526E-02
  1.46100E+02 -2.40497E-02
  1.46200E+02 -2.40469E-02
  1.46300E+02 -2.40441E-02
  1.46400E+02 -2.40413E-02
  1.46500E+02 -2.40385E-02
  1.46600E+02 -2.40356E-02
  1.46700E+02 -2.40328E-02
  1.46800E+02 -2.40300E-02
  1.46900E+02 -2.40272E-02
  1.47000E+02 -2.40244E-02
  1.47100E+02 -2.40216E-02
  1.47200E+02 -2.40188E-02
  1.47300E+02 -2.40160E-02
  1.47400E+02 -2.40132E-02
  1.47500E+02 -2.40104E-02
  1.47600E+02 -2.40076E-02
  1.47700E+02 -2.40048E-02
  1.47800E+02 -2.40020E-02
  1.47900E+02 -2.39992E-02
  1.48000E+02 -2.39964E-02
  1.48100E+02 -2.39936E-02
  1.48200E+02 -2.39908E-02
  1.48300E+02 -2.39880E-02
  1.48400E+02 -2.39853E-02
  1.48500E+02 -2.39825E-02
  1.48600E+02 -2.39797E-02
  1.48700E+02 -2.39769E-02
  1.48800E+02 -2.39741E-02
  1.48900E+02 -2.39714E-02
  1.49000E+02 -2.39686E-02
  1.49100E+02 -2.39658E-02
  1.49200E+02 -2.39630E-02
  1.49300E+02 -2.39603E-02
  1.49400E+02 -2.39575E-02
  1.49500E+02 -2.39547E-02
  1.49600E+02 -2.39520E-02
  1.49700E+02 -2.39492E-02
  1.49800E+02 -2.39464E-02
  1.49900E+02 -2.39437E-02
  1.50000E+02 -2.39409E-02
  1.50100E+02 -2.39382E-02
  1.50200E+02 -2.39354E-02
  1.50300E+02 -2.39327E-02
  1.50400E+02 -2.39299E-02
  1.50500E+02 -2.39272E-02
  1.50600E+02 -2.39244E-02
  1.50700E+02 -2.39217E-02
  1.50800E+02 -2.39189E-02
  1.50900E+02 -2.39162E-02
  1.51000E+02 -2.39134E-02
  1.51100E+02 -2.39107E-02
  1.51200E+02 -2.39080E-02
  1.51300E+02 -2.39052E-02
  1.51400E+02 -2.39025E-02
  1.51500E+02 -2.38997E-02
  1.51600E+02 -2.38970E-02
  1.51700E+02 -2.38943E-02
  1.51800E+02 -2.38916E-02
  1.51900E+02 -2.38888E-02
  1.52000E+02 -2.38861E-02
  1.52100E+02 -2.38834E-02
  1.52200E+02 -2.38807E-02
  1.52300E+02 -2.38779E-02
  1.52400E+02 -2.38752E-02
  1.52500E+02 -2.38725E-02
  1.52600E+02 -2.38698E-02
  1.52700E+02 -2.38671E-02
  1.52800E+02 -2.38644E-02
  1.52900E+02 -2.38616E-02
  1.53000E+02 -2.38589E-02
  1.53100E+02 -2.38562E-02
  1.53200E+02 -2.38535E-02
  1.53300E+02 -2.38508E-02
  1.53400E+02 -2.38481E-02
  1.53500E+02 -2.38454E-02
  1.53600E+02 -2.38427E-02
  1.53700E+02 -2.38400E-02
  1.53800E+02 -2.38373E-02
  1.53900E+02 -2.38346E-02
  1.54000E+02 -2.38319E-02
  1.54100E+02 -2.38292E-02
  1.54200E+02 -2.38265E-02
  1.54300E+02 -2.38238E-02
  1.54400E+02 -2.38212E-02
  1.54500E+02 -2.38185E-02
  1.54600E+02 -2.38158E-02
  1.54700E+02 -2.38131E-02
  1.54800E+02 -2.38104E-02
  1.54900E+02 -2.38077E-02
  1.55000E+02 -2.38051E-02
  1.55100E+02 -2.38024E-02
  1.55200E+02 -2.37997E-02
  1.55300E+02 -2.37970E-02
  1.55400E+02 -2.37944E-02
  1.55500E+02 -2.37917E-02
  1.55600E+02 -2.37890E-02
  1.55700E+02 -2.37863E-02
  1.55800E+02 -2.37837E-02
  1.55900E+02 -2.37810E-02
  1.56000E+02 -2.37783E-02
  1.56100E+02 -2.37757E-02
  1.56200E+02 -2.37730E-02
  1.56300E+02 -2.37704E-02
  1.56400E+02 -2.37677E-02
  1.56500E+02 -2.37650E-02
  1.56600E+02 -2.37624E-02
  1.56700E+02 -2.37597E-02
  1.56800E+02 -2.37571E-02
  1.56900E+02 -2.37544E-02
  1.57000E+02 -2.37518E-02
  1.57100E+02 -2.37491E-02
  1.57200E+02 -2.37465E-02
  1.57300E+02 -2.37439E-02
  1.57400E+02 -2.37412E-02
  1.57500E+02 -2.37386E-02
  1.57600E+02 -2.37359E-02
  1.57700E+02 -2.37333E-02
  1.57800E+02 -2.37307E-02
  1.57900E+02 -2.37280E-02
  1.58000E+02 -2.37254E-02
  1.58100E+02 -2.37227E-02
  1.58200E+02 -2.37201E-02
  1.58300E+02 -2.37175E-02
  1.58400E+02 -2.37149E-02
  1.58500E+02 -2.37122E-02
  1.58600E+02 -2.37096E-02
  1.58700E+02 -2.37070E-02
  1.58800E+02 -2.37044E-02
  1.58900E+02 -2.37017E-02
  1.59000E+02 -2.36991E-02
  1.59100E+02 -2.36965E-02
  1.59200E+02 -2.36939E-02
  1.59300E+02 -2.36913E-02
  1.59400E+02 -2.36887E-02
  1.59500E+02 -2.36860E-02
  1.59600E+02 -2.36834E-02
  1.59700E+02 -2.36808E-02
  1.59800E+02 -2.36782E-02
  1.59900E+02 -2.36756E-02
  1.60000E+02 -2.36730E-02
  1.60100E+02 -2.36704E-02
  1.60200E+02 -2.36678E-02
  1.60300E+02 -2.36652E-02
  1.60400E+02 -2.36626E-02
  1.60500E+02 -2.36600E-02
  1.60600E+02 -2.36574E-02
  1.60700E+02 -2.36548E-02
  1.60800E+02 -2.36522E-02
  1.60900E+02 -2.36496E-02
  1.61000E+02 -2.36470E-02
  1.61100E+02 -2.36444E-02
  1.61200E+02 -2.36419E-02
  1.61300E+02 -2.36393E-02
  1.61400E+02 -2.36367E-02
  1.61500E+02 -2.36341E-02
  1.61600E+02 -2.36315E-02
  1.61700E+02 -2.36289E-02
  1.61800E+02 -2.36264E-02
  1.61900E+02 -2.36238E-02
  1.62000E+02 -2.36212E-02
  1.62100E+02 -2.36186E-02
  1.62200E+02 -2.36161E-02
  1.62300E+02 -2.36135E-02
  1.62400E+02 -2.36109E-02
  1.62500E+02 -2.36083E-02
  1.62600E+02 -2.36058E-02
  1.62700E+02 -2.36032E-02
  1.62800E+02 -2.36006E-02
  1.62900E+02 -2.35981E-02
  1.63000E+02 -2.35955E-02
  1.63100E+02 -2.35930E-02
  1.63200E+02 -2.35904E-02
  1.63300E+02 -2.35878E-02
  1.63400E+02 -2.35853E-02
  1.63500E+02 -2.35827E-02
  1.63600E+02 -2.35802E-02
  1.63700E+02 -2.35776E-02
  1.63800E+02 -2.35751E-02
  1.63900E+02 -2.35725E-02
  1.64000E+02 -2.35700E-02
  1.64100E+02 -2.35674E-02
  1.64200E+02 -2.35649E-02
  1.64300E+02 -2.35623E-02
  1.64400E+02 -2.35598E-02
  1.64500E+02 -2.35572E-02
  1.64600E+02 -2.35547E-02
  1.64700E+02 -2.35522E-02
  1.64800E+02 -2.35496E-02
  1.64900E+02 -2.35471E-02
  1.65000E+02 -2.35445E-02
  1.65100E+02 -2.35420E-02
  1.65200E+02 -2.35395E-02
  1.65300E+02 -2.35370E-02
  1.65400E+02 -2.35344E-02
  1.65500E+02 -2.35319E-02
  1.65600E+02 -2.35294E-02
  1.65700E+02 -2.35268E-02
  1.65800E+02 -2.35243E-02
  1.65900E+02 -2.35218E-02
  1.66000E+02 -2.35193E-02
  1.66100E+02 -2.35168E-02
  1.66200E+02 -2.35142E-02
  1.66300E+02 -2.35117E-02
  1.66400E+02 -2.35092E-02
  1.66500E+02 -2.35067E-02
  1.66600E+02 -2.35042E-02
  1.66700E+02 -2.35017E-02
  1.66800E+02 -2.34991E-02
  1.66900E+02 -2.34966E-02
  1.67000E+02 -2.34941E-02
  1.67100E+02 -2.34916E-02
  1.67200E+02 -2.34891E-02
  1.67300E+02 -2.34866E-02
  1.67400E+02 -2.34841E-02
  1.67500E+02 -2.34816E-02
  1.67600E+02 -2.34791E-02
  1.67700E+02 -2.34766E-02
  1.67800E+02 -2.34741E-02
  1.67900E+02 -2.34716E-02
  1.68000E+02 -2.34691E-02
  1.68100E+02 -2.34666E-02
  1.68200E+02 -2.34641E-02
  1.68300E+02 -2.34616E-02
  1.68400E+02 -2.34591E-02
  1.68500E+02 -2.34567E-02
  1.68600E+02 -2.34542E-02
  1.68700E+02 -2.34517E-02
  1.68800E+02 -2.34492E-02
  1.68900E+02 -2.34467E-02
  1.69000E+02 -2.34442E-02
  1.69100E+02 -2.34417E-02
  1.69200E+02 -2.34393E-02
  1.69300E+02 -2.34368E-02
  1.69400E+02 -2.34343E-02
  1.69500E+02 -2.34318E-02
  1.69600E+02 -2.34294E-02
  1.69700E+02 -2.34269E-02
  1.69800E+02 -2.34244E-02
  1.69900E+02 -2.34219E-02
  1.70000E+02 -2.34195E-02
  1.70100E+02 -2.34170E-02
  1.70200E+02 -2.34145E-02
  1.70300E+02 -2.34121E-02
  1.70400E+02 -2.34096E-02
  1.70500E+02 -2.34071E-02
  1.70600E+02 -2.34047E-02
  1.70700E+02 -2.34022E-02
  1.70800E+02 -2.33998E-02
  1.70900E+02 -2.33973E-02
  1.71000E+02 -2.33948E-02
  1.71100E+02 -2.33924E-02
  1.71200E+02 -2.33899E-02
  1.71300E+02 -2.33875E-02
  1.71400E+02 -2.33850E-02
  1.71500E+02 -2.33826E-02
  1.71600E+02 -2.33801E-02
  1.71700E+02 -2.33777E-02
  1.71800E+02 -2.33752E-02
  1.71900E+02 -2.33728E-02
  1.72000E+02 -2.33703E-02
  1.72100E+02 -2.33679E-02
  1.72200E+02 -2.33655E-02
  1.72300E+02 -2.33630E-02
  1.72400E+02 -2.33606E-02
  1.72500E+02 -2.33581E-02
  1.72600E+02 -2.33557E-02
  1.72700E+02 -2.33533E-02
  1.72800E+02 -2.33508E-02
  1.72900E+02 -2.33484E-02
  1.73000E+02 -2.33460E-02
  1.73100E+02 -2.33435E-02
  1.73200E+02 -2.33411E-02
  1.73300E+02 -2.33387E-02
  1.73400E+02 -2.33363E-02
  1.73500E+02 -2.33338E-02
  1.73600E+02 -2.33314E-02
  1.73700E+02 -2.33290E-02
  1.73800E+02 -2.33266E-02
  1.73900E+02 -2.33241E-02
  1.74000E+02 -2.33217E-02
  1.74100E+02 -2.33193E-02
  1.74200E+02 -2.33169E-02
  1.74300E+02 -2.33145E-02
  1.74400E+02 -2.33121E-02
  1.74500E+02 -2.33096E-02
  1.74600E+02 -2.33072E-02
  1.74700E+02 -2.33048E-02
  1.74800E+02 -2.33024E-02
  1.74900E+02 -2.33000E-02
  1.75000E+02 -2.32976E-02
  1.75100E+02 -2.32952E-02
  1.75200E+02 -2.32928E-02
  1.75300E+02 -2.32904E-02
  1.75400E+02 -2.32880E-02
  1.75500E+02 -2.32856E-02
  1.75600E+02 -2.32832E-02
  1.75700E+02 -2.32808E-02
  1.75800E+02 -2.32784E-02
  1.75900E+02 -2.32760E-02
  1.76000E+02 -2.32736E-02
  1.76100E+02 -2.32712E-02
  1.76200E+02 -2.32688E-02
  1.76300E+02 -2.32664E-02
  1.76400E+02 -2.32640E-02
  1.76500E+02 -2.32616E-02
  1.76600E+02 -2.32592E-02
  1.76700E+02 -2.32568E-02
  1.76800E+02 -2.32545E-02
  1.76900E+02 -2.32521E-02
  1.77000E+02 -2.32497E-02
  1.77100E+02 -2.32473E-02
  1.77200E+02 -2.32449E-02
  1.77300E+02 -2.32425E-02
  1.77400E+02 -2.32402E-02
  1.77500E+02 -2.32378E-02
  1.77600E+02 -2.32354E-02
  1.77700E+02 -2.32330E-02
  1.77800E+02 -2.32307E-02
  1.77900E+02 -2.32283E-02
  1.78000E+02 -2.32259E-02
  1.78100E+02 -2.32235E-02
  1.78200E+02 -2.32212E-02
  1.78300E+02 -2.32188E-02
  1.78400E+02 -2.32164E-02
  1.78500E+02 -2.32141E-02
  1.78600E+02 -2.32117E-02
  1.78700E+02 -2.32093E-02
  1.78800E+02 -2.32070E-02
  1.78900E+02 -2.32046E-02
  1.79000E+02 -2.32023E-02
  1.79100E+02 -2.31999E-02
  1.79200E+02 -2.31975E-02
  1.79300E+02 -2.31952E-02
  1.79400E+02 -2.31928E-02
  1.79500E+02 -2.31905E-02
  1.79600E+02 -2.31881E-02
  1.79700E+02 -2.31858E-02
  1.79800E+02 -2.31834E-02
  1.79900E+02 -2.31811E-02
  1.80000E+02 -2.31787E-02
  1.80100E+02 -2.31764E-02
  1.80200E+02 -2.31740E-02
  1.80300E+02 -2.31717E-02
  1.80400E+02 -2.31693E-02
  1.80500E+02 -2.31670E-02
  1.80600E+02 -2.31646E-02
  1.80700E+02 -2.31623E-02
  1.80800E+02 -2.31600E-02
  1.80900E+02 -2.31576E-02
  1.81000E+02 -2.31553E-02
  1.81100E+02 -2.31529E-02
  1.81200E+02 -2.31506E-02
  1.81300E+02 -2.31483E-02
  1.81400E+02 -2.31459E-02
  1.81500E+02 -2.31436E-02
  1.81600E+02 -2.31413E-02
  1.81700E+02 -2.31390E-02
  1.81800E+02 -2.31366E-02
  1.81900E+02 -2.31343E-02
  1.82000E+02 -2.31320E-02
  1.82100E+02 -2.31296E-02
  1.82200E+02 -2.31273E-02
  1.82300E+02 -2.31250E-02
  1.82400E+02 -2.31227E-02
  1.82500E+02 -2.31204E-02
  1.82600E+02 -2.31180E-02
  1.82700E+02 -2.31157E-02
  1.82800E+02 -2.31134E-02
  1.82900E+02 -2.31111E-02
  1.83000E+02 -2.31088E-02
  1.83100E+02 -2.31064E-02
  1.83200E+02 -2.31041E-02
  1.83300E+02 -2.31018E-02
  1.83400E+02 -2.30995E-02
  1.83500E+02 -2.30972E-02
  1.83600E+02 -2.30949E-02
  1.83700E+02 -2.30926E-02
  1.83800E+02 -2.30903E-02
  1.83900E+02 -2.30880E-02
  1.84000E+02 -2.30857E-02
  1.84100E+02 -2.30834E-02
  1.84200E+02 -2.30811E-02
  1.84300E+02 -2.30788E-02
  1.84400E+02 -2.30765E-02
  1.84500E+02 -2.30742E-02
  1.84600E+02 -2.30719E-02
  1.84700E+02 -2.30696E-02
  1.84800E+02 -2.30673E-02
  1.84900E+02 -2.30650E-02
  1.85000E+02 -2.30627E-02
  1.85100E+02 -2.30604E-02
  1.85200E+02 -2.30581E-02
  1.85300E+02 -2.30558E-02
  1.85400E+02 -2.30535E-02
  1.85500E+02 -2.30512E-02
  1.85600E+02 -2.30489E-02
  1.85700E+02 -2.30467E-02
  1.85800E+02 -2.30444E-02
  1.85900E+02 -2.30421E-02
  1.86000E+02 -2.30398E-02
  1.86100E+02 -2.30375E-02
  1.86200E+02 -2.30352E-02
  1.86300E+02 -2.30330E-02
  1.86400E+02 -2.30307E-02
  1.86500E+02 -2.30284E-02
  1.86600E+02 -2.30261E-02
  1.86700E+02 -2.30239E-02
  1.86800E+02 -2.30216E-02
  1.86900E+02 -2.30193E-02
  1.87000E+02 -2.30170E-02
  1.87100E+02 -2.30148E-02
  1.87200E+02 -2.30125E-02
  1.87300E+02 -2.30102E-02
  1.87400E+02 -2.30080E-02
  1.87500E+02 -2.30057E-02
  1.87600E+02 -2.30034E-02
  1.87700E+02 -2.30012E-02
  1.87800E+02 -2.29989E-02
  1.87900E+02 -2.29966E-02
  1.88000E+02 -2.29944E-02
  1.88100E+02 -2.29921E-02
  1.88200E+02 -2.29899E-02
  1.88300E+02 -2.29876E-02
  1.88400E+02 -2.29853E-02
  1.88500E+02 -2.29831E-02
  1.88600E+02 -2.29808E-02
  1.88700E+02 -2.29786E-02
  1.88800E+02 -2.29763E-02
  1.88900E+02 -2.29741E-02
  1.89000E+02 -2.29718E-02
  1.89100E+02 -2.29696E-02
  1.89200E+02 -2.29673E-02
  1.89300E+02 -2.29651E-02
  1.89400E+02 -2.29628E-02
  1.89500E+02 -2.29606E-02
  1.89600E+02 -2.29583E-02
  1.89700E+02 -2.29561E-02
  1.89800E+02 -2.29538E-02
  1.89900E+02 -2.29516E-02
  1.90000E+02 -2.29494E-02
  1.90100E+02 -2.29471E-02
  1.90200E+02 -2.29449E-02
  1.90300E+02 -2.29426E-02
  1.90400E+02 -2.29404E-02
  1.90500E+02 -2.29382E-02
  1.90600E+02 -2.29359E-02
  1.90700E+02 -2.29337E-02
  1.90800E+02 -2.29315E-02
  1.90900E+02 -2.29292E-02
  1.91000E+02 -2.29270E-02
  1.91100E+02 -2.29248E-02
  1.91200E+02 -2.29225E-02
  1.91300E+02 -2.29203E-02
  1.91400E+02 -2.29181E-02
  1.91500E+02 -2.29159E-02
  1.91600E+02 -2.29136E-02
  1.91700E+02 -2.29114E-02
  1.91800E+02 -2.29092E-02
  1.91900E+02 -2.29070E-02
  1.92000E+02 -2.29048E-02
  1.92100E+02 -2.29025E-02
  1.92200E+02 -2.29003E-02
  1.92300E+02 -2.28981E-02
  1.92400E+02 -2.28959E-02
  1.92500E+02 -2.28937E-02
  1.92600E+02 -2.28914E-02
  1.92700E+02 -2.28892E-02
  1.92800E+02 -2.28870E-02
  1.92900E+02 -2.28848E-02
  1.93000E+02 -2.28826E-02
  1.93100E+02 -2.28804E-02
  1.93200E+02 -2.28782E-02
  1.93300E+02 -2.28760E-02
  1.93400E+02 -2.28738E-02
  1.93500E+02 -2.28716E-02
  1.93600E+02 -2.28694E-02
  1.93700E+02 -2.28672E-02
  1.93800E+02 -2.28649E-02
  1.93900E+02 -2.28627E-02
  1.94000E+02 -2.28605E-02
  1.94100E+02 -2.28583E-02
  1.94200E+02 -2.28561E-02
  1.94300E+02 -2.28539E-02
  1.94400E+02 -2.28518E-02
  1.94500E+02 -2.28496E-02
  1.94600E+02 -2.28474E-02
  1.94700E+02 -2.28452E-02
  1.94800E+02 -2.28430E-02
  1.94900E+02 -2.28408E-02
  1.95000E+02 -2.28386E-02
  1.95100E+02 -2.28364E-02
  1.95200E+02 -2.28342E-02
  1.95300E+02 -2.28320E-02
  1.95400E+02 -2.28298E-02
  1.95500E+02 -2.28276E-02
  1.95600E+02 -2.28255E-02
  1.95700E+02 -2.28233E-02
  1.95800E+02 -2.28211E-02
  1.95900E+02 -2.28189E-02
  1.96000E+02 -2.28167E-02
  1.96100E+02 -2.28146E-02
  1.96200E+02 -2.28124E-02
  1.96300E+02 -2.28102E-02
  1.96400E+02 -2.28080E-02
  1.96500E+02 -2.28058E-02
  1.96600E+02 -2.28037E-02
  1.96700E+02 -2.28015E-02
  1.96800E+02 -2.27993E-02
  1.96900E+02 -2.27971E-02
  1.97000E+02 -2.27950E-02
  1.97100E+02 -2.27928E-02
  1.97200E+02 -2.27906E-02
  1.97300E+02 -2.27885E-02
  1.97400E+02 -2.27863E-02
  1.97500E+02 -2.27841E-02
  1.97600E+02 -2.27820E-02
  1.97700E+02 -2.27798E-02
  1.97800E+02 -2.27776E-02
  1.97900E+02 -2.27755E-02
  1.98000E+02 -2.27733E-02
  1.98100E+02 -2.27711E-02
  1.98200E+02 -2.27690E-02
  1.98300E+02 -2.27668E-02
  1.98400E+02 -2.27647E-02
  1.98500E+02 -2.27625E-02
  1.98600E+02 -2.27604E-02
  1.98700E+02 -2.27582E-02
  1.98800E+02 -2.27560E-02
  1.98900E+02 -2.27539E-02
  1.99000E+02 -2.27517E-02
  1.99100E+02 -2.27496E-02
  1.99200E+02 -2.27474E-02
  1.99300E+02 -2.27453E-02
  1.99400E+02 -2.27431E-02
  1.99500E+02 -2.27410E-02
  1.99600E+02 -2.27388E-02
  1.99700E+02 -2.27367E-02
  1.99800E+02 -2.27345E-02
  1.99900E+02 -2.27324E-02
  2.00000E+02 -2.27303E-02
