@page size 600,600
@view 0.12,0.1,0.97,0.93
@subtitle "PHOENIX module phox, 01/25/18 at 13:37:05 -08:00"
@xaxes scale Normal
@yaxes scale Normal
@xaxis label "energy (meV)"
@yaxis label "data without elastic peak"
@s0 errorbar size 0.0
@type xydy
 -8.02828E+01 -2.10311E+00  0.00000E+00
 -8.00335E+01 -2.10387E+00  0.00000E+00
 -7.97842E+01  1.55285E+00  2.87805E+00
 -7.95349E+01  6.87105E-01  1.44713E+00
 -7.92856E+01  1.57538E-01  1.75534E+00
 -7.90363E+01 -1.73446E-02  1.42547E+00
 -7.87870E+01 -2.31640E-01  1.41436E+00
 -7.85377E+01 -6.43638E-01  4.80049E-01
 -7.82884E+01 -9.66712E-02  1.67903E+00
 -7.80392E+01 -1.00124E+00  1.42135E+00
 -7.77899E+01  2.93403E-01  1.77791E+00
 -7.75406E+01  1.61803E+00  1.40161E+00
 -7.72913E+01 -1.52326E+00  1.03945E+00
 -7.70420E+01 -4.97069E-01  1.67976E+00
 -7.67927E+01  5.24320E-02  1.02710E+00
 -7.65434E+01  7.76396E-02  1.99051E+00
 -7.62941E+01  2.76283E-01  5.15475E-01
 -7.60448E+01  1.29475E-01  1.71798E+00
 -7.57955E+01 -6.03336E-01  9.91070E-01
 -7.55462E+01 -1.58548E+00  9.68434E-01
 -7.52969E+01 -1.19339E+00  9.74583E-01
 -7.50477E+01  5.01954E-01  1.68766E+00
 -7.47984E+01 -1.25406E+00  3.24062E-01
 -7.45491E+01 -8.17112E-01  1.98935E+00
 -7.42998E+01  8.01246E-01  9.83997E-01
 -7.40505E+01 -1.12180E+00  9.87124E-01
 -7.38012E+01 -5.26603E-01  1.38387E+00
 -7.35519E+01 -7.04529E-01  1.09407E+00
 -7.33026E+01 -4.33032E-01  1.39550E+00
 -7.30533E+01  1.31587E-01  1.32910E+00
 -7.28040E+01 -3.04997E-03  1.99012E+00
 -7.25547E+01  2.18270E+00  2.03146E+00
 -7.23055E+01  1.11446E-01  1.07660E+00
 -7.20562E+01  5.72582E-01  1.70942E+00
 -7.18069E+01  9.69982E-02  1.51194E+00
 -7.15576E+01  1.74677E-01  2.14930E+00
 -7.13083E+01  1.77416E+00  1.51071E+00
 -7.10590E+01  2.00241E+00  2.23770E+00
 -7.08097E+01  1.31558E+00  1.44901E+00
 -7.05604E+01 -5.49742E-01  1.38514E+00
 -7.03111E+01 -3.11412E-01  1.81108E+00
 -7.00618E+01  2.51241E+00  2.19597E+00
 -6.98125E+01  2.23271E+00  2.24939E+00
 -6.95632E+01  1.62470E+00  1.39439E+00
 -6.93140E+01 -1.46092E+00  2.96745E-01
 -6.90647E+01 -9.03596E-01  1.72166E+00
 -6.88154E+01  1.59439E-02  1.44487E+00
 -6.85661E+01  1.96123E+00  1.97283E+00
 -6.83168E+01  5.43494E-01  1.45637E+00
 -6.80675E+01 -1.15063E+00  9.90094E-01
 -6.78182E+01 -7.62719E-01  1.72030E+00
 -6.75689E+01  1.17434E+00  1.71675E+00
 -6.73196E+01 -4.13438E-01  3.46452E-01
 -6.70703E+01 -1.77608E+00  1.38470E+00
 -6.68210E+01 -2.88739E-01  1.43547E+00
 -6.65718E+01 -2.18046E-01  1.39314E+00
 -6.63225E+01  1.40621E-01  1.45580E+00
 -6.60732E+01  6.48086E-01  2.20009E+00
 -6.58239E+01  1.79839E+00  1.75337E+00
 -6.55746E+01  2.46288E-01  1.20364E+00
 -6.53253E+01  1.07029E+00  1.67586E+00
 -6.50760E+01 -1.96560E-01  1.41062E+00
 -6.48267E+01 -5.36999E-02  1.98670E+00
 -6.45774E+01  8.97297E-01  1.43428E+00
 -6.43281E+01 -8.89425E-02  1.72201E+00
 -6.40788E+01  8.59391E-01  1.39469E+00
 -6.38295E+01 -9.33318E-01  9.77700E-01
 -6.35803E+01 -1.57642E-02  1.38589E+00
 -6.33310E+01 -4.88572E-01  2.01077E+00
 -6.30817E+01  1.15207E+00  1.44873E+00
 -6.28324E+01  4.59852E-01  1.41005E+00
 -6.25831E+01 -1.09290E+00  1.00753E+00
 -6.23338E+01 -1.69117E-01  2.08992E+00
 -6.20845E+01  4.00815E+00  2.54087E+00
 -6.18352E+01  1.23296E+00  1.14294E+00
 -6.15859E+01  1.75508E-01  1.94958E+00
 -6.13366E+01  4.59010E-01  1.04163E+00
 -6.10873E+01 -1.09908E+00  1.45950E+00
 -6.08381E+01  1.91825E+00  1.74213E+00
 -6.05888E+01 -8.24258E-01  1.48573E+00
 -6.03395E+01  1.29776E+00  2.21152E+00
 -6.00902E+01  1.55758E+00  1.71998E+00
 -5.98409E+01  1.05798E+00  1.72263E+00
 -5.95916E+01  1.70836E+00  2.27907E+00
 -5.93423E+01  3.08122E+00  2.22040E+00
 -5.90930E+01  9.70658E-01  1.10819E+00
 -5.88437E+01  4.95258E-01  2.14189E+00
 -5.85944E+01  2.93516E+00  2.72985E+00
 -5.83451E+01  5.18432E+00  2.09844E+00
 -5.80958E+01  1.87559E+00  2.27098E+00
 -5.78466E+01  3.38221E-01  1.02902E+00
 -5.75973E+01  3.33710E+00  2.56317E+00
 -5.73480E+01  1.77292E+00  1.83778E+00
 -5.70987E+01  1.03024E+00  1.73867E+00
 -5.68494E+01  6.21198E-01  2.13469E+00
 -5.66001E+01  2.30706E+00  1.98660E+00
 -5.63508E+01  1.32328E+00  1.76321E+00
 -5.61015E+01  1.09946E+00  1.98011E+00
 -5.58522E+01  1.28622E-01  1.05053E+00
 -5.56029E+01  7.24776E-02  1.75145E+00
 -5.53536E+01  1.86038E+00  1.98202E+00
 -5.51044E+01  7.38269E-01  1.98898E+00
 -5.48551E+01  7.62787E-01  1.12768E+00
 -5.46058E+01  6.97510E-01  2.28564E+00
 -5.43565E+01  2.74761E+00  2.23716E+00
 -5.41072E+01  3.38787E+00  2.13616E+00
 -5.38579E+01  2.13274E-01  1.57269E+00
 -5.36086E+01  1.76985E+00  2.18819E+00
 -5.33593E+01  3.07564E+00  2.30924E+00
 -5.31100E+01  2.90535E+00  2.26722E+00
 -5.28607E+01  2.60740E+00  1.71165E+00
 -5.26114E+01  9.66034E-01  2.46369E+00
 -5.23621E+01  3.88560E+00  1.94457E+00
 -5.21129E+01  6.60166E-01  1.74922E+00
 -5.18636E+01  9.16187E-01  2.46719E+00
 -5.16143E+01  4.17609E+00  2.03716E+00
 -5.13650E+01  1.52165E+00  1.94331E+00
 -5.11157E+01  1.18864E+00  2.20556E+00
 -5.08664E+01  3.19559E+00  2.04669E+00
 -5.06171E+01  1.43791E+00  1.78485E+00
 -5.03678E+01  2.10730E+00  2.42595E+00
 -5.01185E+01  4.08018E+00  2.48193E+00
 -4.98692E+01  2.14997E+00  1.98464E+00
 -4.96199E+01  5.79619E-01  1.40078E+00
 -4.93707E+01 -8.21647E-01  1.46328E+00
 -4.91214E+01  1.46746E+00  2.26870E+00
 -4.88721E+01  3.22106E+00  2.07958E+00
 -4.86228E+01  4.42244E+00  2.91670E+00
 -4.83735E+01  2.35311E+00  1.52759E+00
 -4.81242E+01  4.29784E+00  2.61696E+00
 -4.78749E+01  1.07236E+00  1.95441E+00
 -4.76256E+01  7.28913E-01  1.16021E+00
 -4.73763E+01 -2.80643E-01  2.39771E+00
 -4.71270E+01  4.17621E+00  2.04243E+00
 -4.68777E+01  1.90499E+00  1.68961E+00
 -4.66284E+01  8.92032E-01  1.81560E+00
 -4.63792E+01  2.60667E+00  2.35461E+00
 -4.61299E+01  3.17647E+00  2.27629E+00
 -4.58806E+01  3.06168E+00  2.83907E+00
 -4.56313E+01  4.08997E+00  2.61326E+00
 -4.53820E+01  4.65784E+00  2.37167E+00
 -4.51327E+01  5.38716E+00  2.96768E+00
 -4.48834E+01  6.32038E+00  3.07574E+00
 -4.46341E+01  5.35670E+00  2.98621E+00
 -4.43848E+01  3.74800E+00  1.44444E+00
 -4.41355E+01  3.05693E+00  2.96501E+00
 -4.38862E+01  7.73684E+00  3.15303E+00
 -4.36370E+01  8.31347E+00  3.25390E+00
 -4.33877E+01  6.58354E+00  3.50417E+00
 -4.31384E+01  9.61670E+00  2.76577E+00
 -4.28891E+01  4.49536E+00  3.09075E+00
 -4.26398E+01  8.44438E+00  3.67938E+00
 -4.23905E+01  1.08825E+01  3.68825E+00
 -4.21412E+01  7.59319E+00  2.85915E+00
 -4.18919E+01  7.55423E+00  3.41724E+00
 -4.16426E+01  1.26891E+01  4.10105E+00
 -4.13933E+01  1.24057E+01  4.07713E+00
 -4.11440E+01  1.21752E+01  3.55890E+00
 -4.08947E+01  7.69477E+00  3.15791E+00
 -4.06455E+01  8.89139E+00  3.12800E+00
 -4.03962E+01  8.25490E+00  3.13362E+00
 -4.01469E+01  1.27691E+01  4.69591E+00
 -3.98976E+01  1.45459E+01  4.06958E+00
 -3.96483E+01  1.52061E+01  4.26637E+00
 -3.93990E+01  1.65210E+01  4.19029E+00
 -3.91497E+01  1.88331E+01  4.94709E+00
 -3.89004E+01  1.74527E+01  4.65406E+00
 -3.86511E+01  2.21805E+01  5.12835E+00
 -3.84018E+01  2.62588E+01  5.70010E+00
 -3.81525E+01  2.89774E+01  6.08452E+00
 -3.79033E+01  2.94373E+01  4.94865E+00
 -3.76540E+01  2.51654E+01  5.83508E+00
 -3.74047E+01  3.90034E+01  6.84620E+00
 -3.71554E+01  4.06806E+01  7.13719E+00
 -3.69061E+01  4.67032E+01  7.02243E+00
 -3.66568E+01  4.75469E+01  6.89853E+00
 -3.64075E+01  4.68136E+01  7.34690E+00
 -3.61582E+01  4.07787E+01  6.78765E+00
 -3.59089E+01  3.54237E+01  6.32128E+00
 -3.56596E+01  4.44608E+01  7.02423E+00
 -3.54103E+01  3.89622E+01  6.21790E+00
 -3.51610E+01  3.54186E+01  6.59394E+00
 -3.49118E+01  4.02147E+01  6.53212E+00
 -3.46625E+01  4.71435E+01  7.47166E+00
 -3.44132E+01  4.59172E+01  6.74068E+00
 -3.41639E+01  4.42959E+01  7.23147E+00
 -3.39146E+01  5.36724E+01  7.41721E+00
 -3.36653E+01  4.21944E+01  6.86330E+00
 -3.34160E+01  4.04380E+01  6.44634E+00
 -3.31667E+01  3.53986E+01  6.16073E+00
 -3.29174E+01  3.64914E+01  6.63243E+00
 -3.26681E+01  4.81665E+01  7.49971E+00
 -3.24188E+01  4.53785E+01  6.49815E+00
 -3.21696E+01  4.25357E+01  6.74618E+00
 -3.19203E+01  3.81868E+01  6.34670E+00
 -3.16710E+01  3.99282E+01  6.94083E+00
 -3.14217E+01  4.57130E+01  7.25032E+00
 -3.11724E+01  6.14738E+01  8.47029E+00
 -3.09231E+01  5.51317E+01  7.20611E+00
 -3.06738E+01  5.30993E+01  8.30159E+00
 -3.04245E+01  6.13778E+01  7.79946E+00
 -3.01752E+01  6.81804E+01  8.74118E+00
 -2.99259E+01  7.31127E+01  8.77398E+00
 -2.96766E+01  6.42514E+01  8.21339E+00
 -2.94273E+01  7.04108E+01  8.58639E+00
 -2.91781E+01  6.79927E+01  8.53629E+00
 -2.89288E+01  8.36145E+01  9.67285E+00
 -2.86795E+01  7.75737E+01  8.80910E+00
 -2.84302E+01  7.60667E+01  9.04984E+00
 -2.81809E+01  7.61216E+01  9.33495E+00
 -2.79316E+01  8.25060E+01  9.28292E+00
 -2.76823E+01  8.16744E+01  9.44046E+00
 -2.74330E+01  8.33627E+01  9.00233E+00
 -2.71837E+01  7.12983E+01  9.19276E+00
 -2.69344E+01  8.90733E+01  9.39487E+00
 -2.66851E+01  8.45818E+01  9.29696E+00
 -2.64359E+01  8.39652E+01  9.80914E+00
 -2.61866E+01  8.41251E+01  8.99018E+00
 -2.59373E+01  7.47430E+01  8.86956E+00
 -2.56880E+01  7.73652E+01  9.08337E+00
 -2.54387E+01  9.30614E+01  1.01943E+01
 -2.51894E+01  8.43097E+01  8.96954E+00
 -2.49401E+01  7.07066E+01  9.08364E+00
 -2.46908E+01  8.77132E+01  9.92423E+00
 -2.44415E+01  9.63140E+01  9.69542E+00
 -2.41922E+01  1.01869E+02  1.05357E+01
 -2.39429E+01  1.02452E+02  1.06471E+01
 -2.36936E+01  1.02779E+02  9.98272E+00
 -2.34444E+01  1.03545E+02  1.07176E+01
 -2.31951E+01  1.03195E+02  1.05284E+01
 -2.29458E+01  1.06482E+02  1.06863E+01
 -2.26965E+01  1.17923E+02  1.10074E+01
 -2.24472E+01  1.19049E+02  1.12904E+01
 -2.21979E+01  1.21471E+02  1.11147E+01
 -2.19486E+01  1.22242E+02  1.16500E+01
 -2.16993E+01  1.27373E+02  1.13104E+01
 -2.14500E+01  1.22418E+02  1.11812E+01
 -2.12007E+01  1.20132E+02  1.11678E+01
 -2.09514E+01  1.12279E+02  1.08614E+01
 -2.07022E+01  1.35331E+02  1.19526E+01
 -2.04529E+01  1.24187E+02  1.09889E+01
 -2.02036E+01  1.24396E+02  1.14966E+01
 -1.99543E+01  1.16224E+02  1.10210E+01
 -1.97050E+01  1.27308E+02  1.15130E+01
 -1.94557E+01  1.16413E+02  1.11099E+01
 -1.92064E+01  1.24925E+02  1.18244E+01
 -1.89571E+01  1.47437E+02  1.24322E+01
 -1.87078E+01  1.48907E+02  1.19840E+01
 -1.84585E+01  1.43994E+02  1.22030E+01
 -1.82092E+01  1.21928E+02  1.11749E+01
 -1.79599E+01  1.32336E+02  1.19091E+01
 -1.77107E+01  1.32571E+02  1.12853E+01
 -1.74614E+01  9.92702E+01  9.86672E+00
 -1.72121E+01  1.12396E+02  1.14662E+01
 -1.69628E+01  1.38362E+02  1.19865E+01
 -1.67135E+01  1.35808E+02  1.20320E+01
 -1.64642E+01  1.23443E+02  1.08445E+01
 -1.62149E+01  1.17130E+02  1.09671E+01
 -1.59656E+01  1.20841E+02  1.11314E+01
 -1.57163E+01  1.27832E+02  1.21256E+01
 -1.54670E+01  1.31434E+02  1.09833E+01
 -1.52177E+01  1.19851E+02  1.12131E+01
 -1.49685E+01  1.20940E+02  1.15148E+01
 -1.47192E+01  1.29552E+02  1.11015E+01
 -1.44699E+01  1.25527E+02  1.17859E+01
 -1.42206E+01  1.32540E+02  1.10178E+01
 -1.39713E+01  1.18192E+02  1.15186E+01
 -1.37220E+01  1.32640E+02  1.16275E+01
 -1.34727E+01  1.17882E+02  1.11662E+01
 -1.32234E+01  1.29771E+02  1.18412E+01
 -1.29741E+01  1.44155E+02  1.17475E+01
 -1.27248E+01  1.22221E+02  1.17104E+01
 -1.24755E+01  1.37783E+02  1.19241E+01
 -1.22262E+01  1.36300E+02  1.19902E+01
 -1.19770E+01  1.37879E+02  1.17226E+01
 -1.17277E+01  1.36165E+02  1.16226E+01
 -1.14784E+01  1.44172E+02  1.22470E+01
 -1.12291E+01  1.35203E+02  1.18412E+01
 -1.09798E+01  1.34264E+02  1.18265E+01
 -1.07305E+01  1.32061E+02  1.14056E+01
 -1.04812E+01  1.33185E+02  1.18024E+01
 -1.02319E+01  1.33287E+02  1.16491E+01
 -9.98263E+00  1.30808E+02  1.12387E+01
 -9.73333E+00  1.22513E+02  1.15177E+01
 -9.48404E+00  1.24395E+02  1.09549E+01
 -9.23475E+00  1.20443E+02  1.14802E+01
 -8.98546E+00  1.21908E+02  1.06782E+01
 -8.73617E+00  1.20233E+02  1.18376E+01
 -8.48688E+00  1.34153E+02  1.12401E+01
 -8.23759E+00  1.20053E+02  1.16188E+01
 -7.98830E+00  1.45825E+02  1.24531E+01
 -7.73900E+00  1.38972E+02  1.15975E+01
 -7.48971E+00  1.32312E+02  1.13612E+01
 -7.24042E+00  1.27688E+02  1.14003E+01
 -6.99113E+00  1.34292E+02  1.22516E+01
 -6.74184E+00  1.37455E+02  1.14026E+01
 -6.49255E+00  1.31454E+02  1.15973E+01
 -6.24326E+00  1.37345E+02  1.20447E+01
 -5.99396E+00  1.44233E+02  1.24195E+01
 -5.74467E+00  1.59373E+02  1.29745E+01
 -5.49538E+00  1.66463E+02  1.28060E+01
 -5.24609E+00  1.56473E+02  1.28337E+01
 -4.99680E+00  1.56061E+02  1.23491E+01
 -4.74751E+00  1.29731E+02  1.26051E+01
 -4.49822E+00  1.30462E+02  1.19419E+01
 -4.24893E+00  1.17894E+02  1.19268E+01
 -3.99963E+00  1.14886E+02  1.24017E+01
 -3.75034E+00  1.19745E+02  1.24406E+01
 -3.50105E+00  1.44188E+02  1.41222E+01
 -3.25176E+00  1.48345E+02  1.40467E+01
 -3.00247E+00  1.42127E+02  1.50642E+01
 -2.75318E+00  1.40768E+02  1.57546E+01
 -2.50389E+00  1.38078E+02  1.79282E+01
 -2.25460E+00  1.36437E+02  1.94830E+01
 -2.00530E+00  1.40255E+02  2.45578E+01
 -1.75601E+00  1.55326E+02  2.97155E+01
 -1.50672E+00  1.77306E+02  3.76654E+01
 -1.25743E+00  1.91137E+02  4.91193E+01
 -1.00814E+00  1.79359E+02  7.00779E+01
 -7.58847E-01  1.45732E+02  1.02622E+02
 -5.09556E-01  1.26571E+02  1.43458E+02
 -2.60265E-01  1.33792E+02  1.69323E+02
 -1.09732E-02  1.50868E+02  1.65534E+02
  2.38318E-01  1.59326E+02  1.35221E+02
  4.87609E-01  1.48054E+02  9.27735E+01
  7.36901E-01  1.34973E+02  6.31388E+01
  9.86192E-01  1.37374E+02  4.66793E+01
  1.23548E+00  1.56377E+02  3.63683E+01
  1.48477E+00  1.81708E+02  2.93540E+01
  1.73407E+00  1.98861E+02  2.42289E+01
  1.98336E+00  2.02325E+02  2.12287E+01
  2.23265E+00  1.92853E+02  1.81094E+01
  2.48194E+00  1.76243E+02  1.59520E+01
  2.73123E+00  1.62407E+02  1.50185E+01
  2.98052E+00  1.56647E+02  1.46176E+01
  3.22981E+00  1.58955E+02  1.37511E+01
  3.47911E+00  1.52687E+02  1.33718E+01
  3.72840E+00  1.77945E+02  1.34233E+01
  3.97769E+00  1.71333E+02  1.28805E+01
  4.22698E+00  1.76584E+02  1.36959E+01
  4.47627E+00  1.90604E+02  1.37153E+01
  4.72556E+00  1.77045E+02  1.37119E+01
  4.97485E+00  1.84811E+02  1.33853E+01
  5.22414E+00  1.88100E+02  1.28267E+01
  5.47344E+00  1.54381E+02  1.25552E+01
  5.72273E+00  1.44330E+02  1.27322E+01
  5.97202E+00  1.70809E+02  1.30777E+01
  6.22131E+00  1.62796E+02  1.22059E+01
  6.47060E+00  1.54596E+02  1.27383E+01
  6.71989E+00  1.68681E+02  1.30056E+01
  6.96918E+00  1.59724E+02  1.26834E+01
  7.21847E+00  1.69465E+02  1.35559E+01
  7.46777E+00  1.78534E+02  1.35324E+01
  7.71706E+00  1.87180E+02  1.32797E+01
  7.96635E+00  1.88190E+02  1.44103E+01
  8.21564E+00  1.96952E+02  1.31330E+01
  8.46493E+00  1.67862E+02  1.33281E+01
  8.71422E+00  1.74369E+02  1.32028E+01
  8.96351E+00  1.81176E+02  1.36613E+01
  9.21281E+00  1.91186E+02  1.40419E+01
  9.46210E+00  1.89236E+02  1.32575E+01
  9.71139E+00  1.81414E+02  1.40834E+01
  9.96068E+00  1.98894E+02  1.36815E+01
  1.02100E+01  1.94471E+02  1.43682E+01
  1.04593E+01  1.95096E+02  1.33708E+01
  1.07086E+01  1.79820E+02  1.43294E+01
  1.09578E+01  2.07543E+02  1.38836E+01
  1.12071E+01  1.76422E+02  1.29676E+01
  1.14564E+01  1.88663E+02  1.48330E+01
  1.17057E+01  2.16746E+02  1.44652E+01
  1.19550E+01  1.97168E+02  1.37247E+01
  1.22043E+01  1.98737E+02  1.40143E+01
  1.24536E+01  2.02191E+02  1.44134E+01
  1.27029E+01  2.11915E+02  1.45477E+01
  1.29522E+01  2.25455E+02  1.49366E+01
  1.32015E+01  2.11066E+02  1.44541E+01
  1.34508E+01  2.05397E+02  1.39763E+01
  1.37000E+01  2.06458E+02  1.47074E+01
  1.39493E+01  2.14216E+02  1.44859E+01
  1.41986E+01  2.28119E+02  1.52425E+01
  1.44479E+01  2.29535E+02  1.46712E+01
  1.46972E+01  2.14640E+02  1.52407E+01
  1.49465E+01  2.45554E+02  1.53467E+01
  1.51958E+01  2.18324E+02  1.45430E+01
  1.54451E+01  2.34556E+02  1.63485E+01
  1.56944E+01  2.65318E+02  1.61667E+01
  1.59437E+01  2.58440E+02  1.50508E+01
  1.61930E+01  2.43678E+02  1.58759E+01
  1.64423E+01  2.29432E+02  1.48471E+01
  1.66915E+01  2.31321E+02  1.52022E+01
  1.69408E+01  2.32152E+02  1.52858E+01
  1.71901E+01  2.43744E+02  1.56713E+01
  1.74394E+01  2.58227E+02  1.61997E+01
  1.76887E+01  2.71161E+02  1.57345E+01
  1.79380E+01  2.33569E+02  1.54473E+01
  1.81873E+01  2.48605E+02  1.63398E+01
  1.84366E+01  2.73411E+02  1.62050E+01
  1.86859E+01  2.62444E+02  1.57139E+01
  1.89352E+01  2.65873E+02  1.66352E+01
  1.91845E+01  2.71905E+02  1.67254E+01
  1.94337E+01  2.98630E+02  1.63027E+01
  1.96830E+01  2.62088E+02  1.70460E+01
  1.99323E+01  3.03961E+02  1.72558E+01
  2.01816E+01  3.03489E+02  1.70560E+01
  2.04309E+01  2.98988E+02  1.73972E+01
  2.06802E+01  2.77654E+02  1.59416E+01
  2.09295E+01  2.77885E+02  1.65570E+01
  2.11788E+01  2.82115E+02  1.70846E+01
  2.14281E+01  2.87477E+02  1.64721E+01
  2.16774E+01  2.76072E+02  1.67761E+01
  2.19267E+01  2.89345E+02  1.63408E+01
  2.21760E+01  2.72491E+02  1.62404E+01
  2.24252E+01  2.87357E+02  1.74869E+01
  2.26745E+01  2.92552E+02  1.68289E+01
  2.29238E+01  2.99515E+02  1.71360E+01
  2.31731E+01  3.02173E+02  1.72081E+01
  2.34224E+01  2.75467E+02  1.49354E+01
  2.36717E+01  2.29397E+02  1.53035E+01
  2.39210E+01  2.48228E+02  1.58072E+01
  2.41703E+01  2.54291E+02  1.59330E+01
  2.44196E+01  2.49284E+02  1.56035E+01
  2.46689E+01  2.52368E+02  1.54155E+01
  2.49182E+01  2.46386E+02  1.56467E+01
  2.51674E+01  2.35046E+02  1.51755E+01
  2.54167E+01  2.44351E+02  1.56932E+01
  2.56660E+01  2.43704E+02  1.53918E+01
  2.59153E+01  2.26414E+02  1.41864E+01
  2.61646E+01  2.20283E+02  1.54843E+01
  2.64139E+01  2.45855E+02  1.55628E+01
  2.66632E+01  2.44235E+02  1.48880E+01
  2.69125E+01  2.29216E+02  1.51273E+01
  2.71618E+01  2.29452E+02  1.51664E+01
  2.74111E+01  2.31242E+02  1.49053E+01
  2.76604E+01  2.34530E+02  1.53016E+01
  2.79097E+01  2.27472E+02  1.46129E+01
  2.81589E+01  2.18310E+02  1.48928E+01
  2.84082E+01  2.17209E+02  1.43297E+01
  2.86575E+01  2.19205E+02  1.39824E+01
  2.89068E+01  2.01621E+02  1.43401E+01
  2.91561E+01  1.94939E+02  1.37487E+01
  2.94054E+01  1.98634E+02  1.39787E+01
  2.96547E+01  2.09489E+02  1.42581E+01
  2.99040E+01  1.84344E+02  1.27155E+01
  3.01533E+01  1.77141E+02  1.37953E+01
  3.04026E+01  1.77929E+02  1.32546E+01
  3.06519E+01  2.00251E+02  1.39878E+01
  3.09011E+01  1.92101E+02  1.33909E+01
  3.11504E+01  1.79233E+02  1.27927E+01
  3.13997E+01  1.65898E+02  1.30095E+01
  3.16490E+01  1.63189E+02  1.27624E+01
  3.18983E+01  1.73639E+02  1.32804E+01
  3.21476E+01  1.79515E+02  1.23189E+01
  3.23969E+01  1.55759E+02  1.31349E+01
  3.26462E+01  1.85035E+02  1.26772E+01
  3.28955E+01  1.35668E+02  1.17875E+01
  3.31448E+01  1.50810E+02  1.26535E+01
  3.33941E+01  1.86756E+02  1.32372E+01
  3.36434E+01  1.59448E+02  1.17715E+01
  3.38926E+01  1.67040E+02  1.37440E+01
  3.41419E+01  1.71330E+02  1.26752E+01
  3.43912E+01  1.79766E+02  1.31994E+01
  3.46405E+01  1.61620E+02  1.21263E+01
  3.48898E+01  1.58718E+02  1.27327E+01
  3.51391E+01  1.60410E+02  1.25388E+01
  3.53884E+01  1.77628E+02  1.40213E+01
  3.56377E+01  2.01238E+02  1.38856E+01
  3.58870E+01  1.87948E+02  1.26784E+01
  3.61363E+01  1.57824E+02  1.26159E+01
  3.63856E+01  1.71571E+02  1.25159E+01
  3.66348E+01  1.59100E+02  1.31349E+01
  3.68841E+01  1.68344E+02  1.19468E+01
  3.71334E+01  1.37586E+02  1.13189E+01
  3.73827E+01  1.27751E+02  1.06288E+01
  3.76320E+01  1.16151E+02  1.13845E+01
  3.78813E+01  1.28309E+02  9.88179E+00
  3.81306E+01  9.89539E+01  9.73852E+00
  3.83799E+01  9.23369E+01  9.65384E+00
  3.86292E+01  8.04331E+01  7.83299E+00
  3.88785E+01  6.69008E+01  7.92388E+00
  3.91278E+01  5.96198E+01  7.20768E+00
  3.93771E+01  5.47582E+01  8.05392E+00
  3.96263E+01  6.42051E+01  7.69568E+00
  3.98756E+01  4.80826E+01  6.49448E+00
  4.01249E+01  4.32654E+01  6.59991E+00
  4.03742E+01  4.98175E+01  7.44428E+00
  4.06235E+01  5.57611E+01  7.52011E+00
  4.08728E+01  5.54542E+01  6.52340E+00
  4.11221E+01  4.02571E+01  6.18894E+00
  4.13714E+01  3.41259E+01  6.37705E+00
  4.16207E+01  4.47381E+01  6.72967E+00
  4.18700E+01  3.76295E+01  6.07717E+00
  4.21193E+01  3.39932E+01  5.97293E+00
  4.23685E+01  3.54366E+01  5.49998E+00
  4.26178E+01  2.70629E+01  5.35707E+00
  4.28671E+01  2.45078E+01  5.06157E+00
  4.31164E+01  2.27819E+01  4.88455E+00
  4.33657E+01  2.65063E+01  5.08552E+00
  4.36150E+01  2.05085E+01  4.76450E+00
  4.38643E+01  2.48567E+01  5.49095E+00
  4.41136E+01  1.80741E+01  3.50125E+00
  4.43629E+01  2.03624E+01  4.96159E+00
  4.46122E+01  2.65559E+01  5.38788E+00
  4.48615E+01  2.02762E+01  4.38945E+00
  4.51108E+01  2.02119E+01  4.72085E+00
  4.53600E+01  2.30933E+01  5.14971E+00
  4.56093E+01  2.19587E+01  4.55014E+00
  4.58586E+01  2.25641E+01  4.84857E+00
  4.61079E+01  1.42683E+01  3.64423E+00
  4.63572E+01  1.53318E+01  4.62219E+00
  4.66065E+01  1.71089E+01  3.84324E+00
  4.68558E+01  1.65819E+01  4.21359E+00
  4.71051E+01  1.72568E+01  4.22175E+00
  4.73544E+01  1.38274E+01  4.33268E+00
  4.76037E+01  2.05298E+01  4.53662E+00
  4.78530E+01  1.73996E+01  4.31176E+00
  4.81022E+01  1.50696E+01  3.84743E+00
  4.83515E+01  1.19973E+01  3.70829E+00
  4.86008E+01  1.24257E+01  3.76834E+00
  4.88501E+01  1.76962E+01  4.56873E+00
  4.90994E+01  1.05949E+01  3.23858E+00
  4.93487E+01  1.15893E+01  3.70037E+00
  4.95980E+01  1.55001E+01  4.15152E+00
  4.98473E+01  1.30815E+01  3.81095E+00
  5.00966E+01  1.43732E+01  3.82866E+00
  5.03459E+01  8.85257E+00  3.39042E+00
  5.05952E+01  1.37215E+01  4.23319E+00
  5.08445E+01  1.39729E+01  3.50942E+00
  5.10937E+01  1.25343E+01  4.05749E+00
  5.13430E+01  1.60462E+01  4.16846E+00
  5.15923E+01  1.68717E+01  4.49367E+00
  5.18416E+01  1.64831E+01  3.60232E+00
  5.20909E+01  6.48764E+00  3.00395E+00
  5.23402E+01  1.23052E+01  4.05205E+00
  5.25895E+01  1.20080E+01  3.63020E+00
  5.28388E+01  1.73613E+01  4.37208E+00
  5.30881E+01  1.41854E+01  3.57424E+00
  5.33374E+01  1.28436E+01  3.99150E+00
  5.35867E+01  1.57046E+01  4.21062E+00
  5.38359E+01  1.46766E+01  4.00576E+00
  5.40852E+01  1.15334E+01  3.51841E+00
  5.43345E+01  1.25009E+01  3.74477E+00
  5.45838E+01  1.20467E+01  3.73424E+00
  5.48331E+01  1.36578E+01  4.00142E+00
  5.50824E+01  1.41925E+01  3.47488E+00
  5.53317E+01  6.84139E+00  3.09555E+00
  5.55810E+01  6.37953E+00  2.66428E+00
  5.58303E+01  6.09858E+00  3.05462E+00
  5.60796E+01  6.46592E+00  3.15357E+00
  5.63289E+01  1.24048E+01  3.45445E+00
  5.65782E+01  4.26792E+00  2.54706E+00
  5.68274E+01  5.11432E+00  2.37910E+00
  5.70767E+01  1.13658E+01  3.90551E+00
  5.73260E+01  9.17472E+00  2.76249E+00
  5.75753E+01  7.29178E+00  3.03325E+00
  5.78246E+01  9.51887E+00  3.62673E+00
  5.80739E+01  9.50854E+00  2.95373E+00
  5.83232E+01  8.52745E+00  3.36389E+00
  5.85725E+01  6.83810E+00  2.92750E+00
  5.88218E+01  9.56441E+00  3.63769E+00
  5.90711E+01  1.06127E+01  3.31899E+00
  5.93204E+01  9.74411E+00  3.61151E+00
  5.95696E+01  8.34327E+00  3.02537E+00
  5.98189E+01  1.18808E+01  3.63339E+00
  6.00682E+01  9.36866E+00  3.24937E+00
  6.03175E+01  8.82096E+00  3.30135E+00
  6.05668E+01  8.37111E+00  2.81325E+00
  6.08161E+01  2.12781E+00  2.09259E+00
  6.10654E+01  5.24560E+00  2.85322E+00
  6.13147E+01  3.73711E+00  2.01013E+00
  6.15640E+01  4.26528E+00  2.48884E+00
  6.18133E+01  6.04592E+00  3.41350E+00
  6.20626E+01  1.25695E+01  3.73089E+00
  6.23119E+01  1.23510E+01  3.65495E+00
  6.25611E+01  1.18494E+01  3.65399E+00
  6.28104E+01  7.17603E+00  2.66948E+00
  6.30597E+01  4.02414E+00  2.33797E+00
  6.33090E+01  7.20426E+00  3.19653E+00
  6.35583E+01  7.64184E+00  3.31602E+00
  6.38076E+01  8.50339E+00  2.81671E+00
  6.40569E+01  2.34236E+00  2.07183E+00
  6.43062E+01  9.40333E+00  3.72805E+00
  6.45555E+01  9.83081E+00  2.80568E+00
  6.48048E+01  6.52335E+00  3.11669E+00
  6.50541E+01  4.39572E+00  2.30426E+00
  6.53034E+01  3.40737E+00  2.27412E+00
  6.55526E+01  6.20924E+00  3.00497E+00
  6.58019E+01  3.21209E+00  1.79739E+00
  6.60512E+01  1.47927E+00  2.22416E+00
  6.63005E+01  6.66710E+00  3.31935E+00
  6.65498E+01  7.63623E+00  2.87225E+00
  6.67991E+01  6.54613E+00  2.52145E+00
  6.70484E+01  3.34585E+00  2.20595E+00
  6.72977E+01  2.92449E+00  2.51163E+00
  6.75470E+01  4.25523E+00  2.26407E+00
  6.77963E+01  5.07708E+00  2.62598E+00
  6.80456E+01 -3.96108E-01  7.07650E-01
  6.82948E+01  2.99312E+00  2.58015E+00
  6.85441E+01  1.88683E+00  1.77830E+00
  6.87934E+01  2.13808E+00  2.01032E+00
  6.90427E+01  2.61903E+00  2.29839E+00
  6.92920E+01  4.38676E+00  2.73490E+00
  6.95413E+01  5.98604E+00  2.61104E+00
  6.97906E+01  2.07186E+00  1.78314E+00
  7.00399E+01  2.54024E+00  2.22940E+00
  7.02892E+01  1.93861E+00  2.02823E+00
  7.05385E+01  7.32663E-01  1.52103E+00
  7.07878E+01 -2.68447E-01  1.46185E+00
  7.10371E+01  9.00940E-01  2.22233E+00
  7.12863E+01  4.89715E+00  2.32294E+00
  7.15356E+01  5.97407E+00  3.01536E+00
  7.17849E+01  3.77020E+00  1.76695E+00
  7.20342E+01 -7.91966E-01  1.38979E+00
  7.22835E+01  1.34189E+00  2.00897E+00
  7.25328E+01  8.65704E-01  1.45583E+00
  7.27821E+01  1.68157E+00  2.25950E+00
  7.30314E+01  3.32539E+00  2.02460E+00
  7.32807E+01  6.15409E-01  1.80862E+00
  7.35300E+01  2.05593E+00  1.99593E+00
  7.37793E+01  6.37466E-02  1.10262E+00
  7.40285E+01 -5.08396E-01  1.37902E+00
  7.42778E+01 -4.14161E-01  1.42130E+00
  7.45271E+01  3.88544E-01  1.56130E+00
  7.47764E+01  1.65333E+00  2.05881E+00
  7.50257E+01  1.02237E+00  1.76907E+00
  7.52750E+01  2.67932E+00  2.21726E+00
  7.55243E+01  3.06948E+00  2.30867E+00
  7.57736E+01  1.13043E+00  1.58534E+00
  7.60229E+01  1.86128E-01  1.71188E+00
  7.62722E+01  3.80680E+00  2.46270E+00
  7.65215E+01  1.70543E+00  1.77016E+00
  7.67708E+01  2.84155E+00  2.24123E+00
  7.70200E+01  2.54938E+00  2.00742E+00
  7.72693E+01  5.07427E-01  1.78213E+00
  7.75186E+01  2.58349E+00  2.41623E+00
  7.77679E+01  2.78179E+00  1.75096E+00
  7.80172E+01  5.35942E-01  1.77775E+00
  7.82665E+01  1.50351E+00  1.77124E+00
  7.85158E+01  1.80534E+00  2.00930E+00
  7.87651E+01 -2.05097E-02  1.01164E+00
  7.90144E+01  5.11500E-01  1.83856E+00
  7.92637E+01  1.84095E+00  2.47737E+00
  7.95130E+01  3.33057E+00  1.81374E+00
  7.97622E+01  1.19128E+00  2.19290E+00
  8.00115E+01  1.52619E+00  1.44206E+00
  8.02608E+01 -3.10581E-01  1.09535E+00
  8.05101E+01 -8.99739E-01  1.05622E+00
  8.07594E+01 -1.38348E+00  1.00008E+00
  8.10087E+01 -1.03879E+00  1.69258E+00
  8.12580E+01  1.86586E+00  1.79798E+00
  8.15073E+01  3.87594E-02  1.15064E+00
  8.17566E+01  4.25035E-01  1.98398E+00
  8.20059E+01  4.46262E-01  1.13719E+00
  8.22552E+01 -4.22373E-01  1.42289E+00
  8.25045E+01 -1.36020E+00  1.40938E+00
  8.27537E+01 -2.08151E-02  1.02749E+00
  8.30030E+01 -1.38532E+00  1.00878E+00
  8.32523E+01 -2.20963E+00  2.91124E-01
  8.35016E+01 -5.16486E-01  1.46254E+00
  8.37509E+01 -1.33585E+00  1.38629E+00
  8.40002E+01  2.46019E-01  1.43096E+00
  8.42495E+01 -9.06330E-01  1.02485E+00
  8.44988E+01 -9.30256E-01  1.01772E+00
  8.47481E+01 -2.06689E+00  1.02535E+00
  8.49974E+01 -1.76053E+00  2.37748E-01
  8.52467E+01 -1.32371E+00  1.55292E+00
  8.54959E+01  2.20719E+00  2.21152E+00
  8.57452E+01  2.87840E+00  1.98732E+00
  8.59945E+01 -4.87730E-01  1.20408E+00
  8.62438E+01  1.35816E+00  2.16360E+00
  8.64931E+01  3.42692E-01  5.85616E-01
  8.67424E+01 -1.93525E+00  1.37522E+00
  8.69917E+01  1.39980E+00  1.97541E+00
  8.72410E+01  2.69078E+00  2.12630E+00
  8.74903E+01  3.71118E+00  2.49192E+00
  8.77396E+01  3.64220E-01  2.10663E-01
  8.79889E+01 -1.66666E+00  1.08310E+00
  8.82382E+01 -3.69771E-01  1.71862E+00
  8.84874E+01 -5.36125E-01  1.05867E+00
  8.87367E+01  1.92466E+00  2.23828E+00
  8.89860E+01  1.90803E+00  2.03028E+00
  8.92353E+01  1.79801E+00  1.44230E+00
  8.94846E+01 -1.68321E+00  4.64996E-01
  8.97339E+01 -1.42515E-01  1.98449E+00
  8.99832E+01  5.33599E-01  1.05390E+00
  9.02325E+01 -1.82871E+00  0.00000E+00
  9.04818E+01  2.78214E-01  1.96367E+00
  9.07311E+01 -4.83840E-01  5.93485E-01
  9.09804E+01 -2.43132E+00  0.00000E+00
  9.12296E+01 -1.61853E+00  1.11175E+00
  9.14789E+01  6.26048E-01  2.03080E+00
  9.17282E+01  1.93691E+00  2.00088E+00
  9.19775E+01 -2.29963E-01  4.44181E-01
  9.22268E+01 -1.99668E+00  1.37107E+00
  9.24761E+01 -6.46589E-01  1.05278E+00
  9.27254E+01 -6.86956E-01  1.42595E+00
  9.29747E+01  6.82325E-02  1.11002E+00
  9.32240E+01 -2.51231E+00  0.00000E+00
  9.34733E+01 -1.85760E+00  9.48311E-01
  9.37226E+01 -2.15646E+00  4.28661E-01
  9.39719E+01 -1.25760E+00  1.40328E+00
  9.42211E+01 -1.39771E+00  2.90079E-01
  9.44704E+01 -3.45265E-01  1.75024E+00
  9.47197E+01  3.14119E+00  2.24788E+00
  9.49690E+01 -9.72153E-01  4.82871E-01
  9.52183E+01 -5.43269E-01  1.73144E+00
  9.54676E+01  2.17882E-01  1.11764E+00
  9.57169E+01 -5.10395E-01  2.02831E+00
  9.59662E+01  3.68332E+00  2.22674E+00
  9.62155E+01  8.88396E-02  1.07170E+00
  9.64648E+01 -7.90052E-01  1.43566E+00
  9.67141E+01 -5.91353E-01  1.38037E+00
  9.69633E+01 -2.74741E-01  1.02468E+00
  9.72126E+01 -4.74130E-01  1.46031E+00
  9.74619E+01  2.68191E-01  1.82926E+00
  9.77112E+01 -1.92947E-01  9.69993E-01
  9.79605E+01 -1.87519E+00  2.13833E-01
  9.82098E+01 -1.60672E+00  9.90184E-01
  9.84591E+01 -2.25342E+00  9.46729E-01
  9.87084E+01 -1.68388E+00  3.72617E-01
  9.89577E+01 -1.64334E+00  1.01746E+00
  9.92070E+01 -2.15341E+00  3.13747E-01
  9.94563E+01 -1.09173E+00  1.45663E+00
  9.97056E+01 -5.32267E-01  1.44794E+00
  9.99548E+01 -6.74997E-01  1.18703E+00
  1.00204E+02 -2.60494E+00  0.00000E+00
  1.00453E+02 -2.60785E+00  0.00000E+00
