@page size 600,600
@view 0.12,0.1,0.97,0.93
@subtitle "PHOENIX module phox, 04/18/18 at 13:39:11 -07:00"
@xaxes scale Normal
@yaxes scale Normal
@xaxis label "energy (meV)"
@yaxis label "three and higher phonon contribution (1/eV)"
@type xy
 -7.91557E+01  1.11823E-04
 -7.89091E+01  1.09699E-04
 -7.86625E+01  1.07364E-04
 -7.84159E+01  1.07090E-04
 -7.81693E+01  1.07480E-04
 -7.79227E+01  1.05232E-04
 -7.76761E+01  1.01519E-04
 -7.74295E+01  1.00522E-04
 -7.71829E+01  1.01606E-04
 -7.69364E+01  1.00311E-04
 -7.66898E+01  9.69528E-05
 -7.64432E+01  9.58476E-05
 -7.61966E+01  9.63918E-05
 -7.59500E+01  9.49221E-05
 -7.57034E+01  9.25685E-05
 -7.54568E+01  9.16699E-05
 -7.52102E+01  9.12278E-05
 -7.49636E+01  9.03107E-05
 -7.47170E+01  8.91631E-05
 -7.44704E+01  8.76623E-05
 -7.42239E+01  8.66274E-05
 -7.39773E+01  8.67588E-05
 -7.37307E+01  8.60190E-05
 -7.34841E+01  8.37672E-05
 -7.32375E+01  8.26275E-05
 -7.29909E+01  8.30108E-05
 -7.27443E+01  8.26594E-05
 -7.24977E+01  8.10336E-05
 -7.22511E+01  7.97688E-05
 -7.20045E+01  7.97020E-05
 -7.17579E+01  7.97053E-05
 -7.15114E+01  7.85132E-05
 -7.12648E+01  7.67255E-05
 -7.10182E+01  7.63786E-05
 -7.07716E+01  7.72576E-05
 -7.05250E+01  7.63390E-05
 -7.02784E+01  7.40693E-05
 -7.00318E+01  7.41098E-05
 -6.97852E+01  7.52109E-05
 -6.95386E+01  7.37392E-05
 -6.92920E+01  7.16040E-05
 -6.90454E+01  7.20522E-05
 -6.87989E+01  7.29775E-05
 -6.85523E+01  7.17086E-05
 -6.83057E+01  7.02866E-05
 -6.80591E+01  7.05484E-05
 -6.78125E+01  7.06971E-05
 -6.75659E+01  6.95610E-05
 -6.73193E+01  6.87015E-05
 -6.70727E+01  6.91017E-05
 -6.68261E+01  6.90497E-05
 -6.65795E+01  6.78422E-05
 -6.63329E+01  6.76063E-05
 -6.60864E+01  6.82571E-05
 -6.58398E+01  6.76638E-05
 -6.55932E+01  6.65404E-05
 -6.53466E+01  6.62759E-05
 -6.51000E+01  6.66028E-05
 -6.48534E+01  6.70262E-05
 -6.46068E+01  6.67616E-05
 -6.43602E+01  6.56515E-05
 -6.41136E+01  6.49529E-05
 -6.38670E+01  6.55301E-05
 -6.36204E+01  6.63141E-05
 -6.33739E+01  6.58816E-05
 -6.31273E+01  6.51026E-05
 -6.28807E+01  6.52966E-05
 -6.26341E+01  6.54491E-05
 -6.23875E+01  6.48944E-05
 -6.21409E+01  6.50786E-05
 -6.18943E+01  6.58346E-05
 -6.16477E+01  6.53649E-05
 -6.14011E+01  6.47022E-05
 -6.11545E+01  6.52127E-05
 -6.09079E+01  6.52899E-05
 -6.06614E+01  6.51626E-05
 -6.04148E+01  6.63653E-05
 -6.01682E+01  6.64868E-05
 -5.99216E+01  6.44823E-05
 -5.96750E+01  6.43110E-05
 -5.94284E+01  6.66075E-05
 -5.91818E+01  6.75221E-05
 -5.89352E+01  6.64530E-05
 -5.86886E+01  6.57783E-05
 -5.84420E+01  6.61537E-05
 -5.81954E+01  6.65633E-05
 -5.79489E+01  6.68919E-05
 -5.77023E+01  6.76999E-05
 -5.74557E+01  6.80372E-05
 -5.72091E+01  6.73272E-05
 -5.69625E+01  6.71623E-05
 -5.67159E+01  6.80636E-05
 -5.64693E+01  6.87002E-05
 -5.62227E+01  6.88736E-05
 -5.59761E+01  6.91013E-05
 -5.57295E+01  6.90516E-05
 -5.54829E+01  6.89393E-05
 -5.52364E+01  6.95246E-05
 -5.49898E+01  7.04889E-05
 -5.47432E+01  7.07236E-05
 -5.44966E+01  7.00841E-05
 -5.42500E+01  7.01872E-05
 -5.40034E+01  7.19106E-05
 -5.37568E+01  7.27154E-05
 -5.35102E+01  7.08898E-05
 -5.32636E+01  7.03052E-05
 -5.30170E+01  7.29570E-05
 -5.27704E+01  7.43643E-05
 -5.25239E+01  7.29443E-05
 -5.22773E+01  7.24040E-05
 -5.20307E+01  7.39309E-05
 -5.17841E+01  7.48626E-05
 -5.15375E+01  7.40254E-05
 -5.12909E+01  7.38890E-05
 -5.10443E+01  7.55460E-05
 -5.07977E+01  7.61193E-05
 -5.05511E+01  7.54534E-05
 -5.03045E+01  7.61677E-05
 -5.00579E+01  7.70568E-05
 -4.98114E+01  7.65627E-05
 -4.95648E+01  7.67109E-05
 -4.93182E+01  7.83878E-05
 -4.90716E+01  7.90069E-05
 -4.88250E+01  7.78597E-05
 -4.85784E+01  7.82403E-05
 -4.83318E+01  8.03959E-05
 -4.80852E+01  8.05869E-05
 -4.78386E+01  7.95614E-05
 -4.75920E+01  8.04014E-05
 -4.73454E+01  8.16098E-05
 -4.70989E+01  8.18887E-05
 -4.68523E+01  8.24135E-05
 -4.66057E+01  8.29239E-05
 -4.63591E+01  8.28658E-05
 -4.61125E+01  8.31520E-05
 -4.58659E+01  8.44847E-05
 -4.56193E+01  8.57342E-05
 -4.53727E+01  8.55940E-05
 -4.51261E+01  8.50400E-05
 -4.48795E+01  8.58369E-05
 -4.46329E+01  8.74907E-05
 -4.43864E+01  8.80757E-05
 -4.41398E+01  8.80055E-05
 -4.38932E+01  8.87675E-05
 -4.36466E+01  8.95297E-05
 -4.34000E+01  8.96453E-05
 -4.31534E+01  9.00729E-05
 -4.29068E+01  9.13031E-05
 -4.26602E+01  9.28230E-05
 -4.24136E+01  9.31571E-05
 -4.21670E+01  9.19888E-05
 -4.19204E+01  9.22889E-05
 -4.16739E+01  9.52272E-05
 -4.14273E+01  9.67572E-05
 -4.11807E+01  9.54966E-05
 -4.09341E+01  9.51743E-05
 -4.06875E+01  9.68237E-05
 -4.04409E+01  9.82339E-05
 -4.01943E+01  9.85992E-05
 -3.99477E+01  9.88298E-05
 -3.97011E+01  9.97823E-05
 -3.94545E+01  1.00703E-04
 -3.92080E+01  1.00838E-04
 -3.89614E+01  1.01469E-04
 -3.87148E+01  1.02668E-04
 -3.84682E+01  1.03350E-04
 -3.82216E+01  1.04154E-04
 -3.79750E+01  1.04635E-04
 -3.77284E+01  1.04295E-04
 -3.74818E+01  1.05422E-04
 -3.72352E+01  1.07999E-04
 -3.69886E+01  1.08473E-04
 -3.67420E+01  1.06811E-04
 -3.64955E+01  1.07205E-04
 -3.62489E+01  1.10233E-04
 -3.60023E+01  1.11581E-04
 -3.57557E+01  1.10230E-04
 -3.55091E+01  1.10145E-04
 -3.52625E+01  1.12610E-04
 -3.50159E+01  1.14104E-04
 -3.47693E+01  1.13144E-04
 -3.45227E+01  1.13121E-04
 -3.42761E+01  1.15299E-04
 -3.40295E+01  1.16250E-04
 -3.37830E+01  1.15580E-04
 -3.35364E+01  1.16553E-04
 -3.32898E+01  1.18440E-04
 -3.30432E+01  1.18417E-04
 -3.27966E+01  1.17908E-04
 -3.25500E+01  1.19031E-04
 -3.23034E+01  1.20653E-04
 -3.20568E+01  1.21477E-04
 -3.18102E+01  1.21516E-04
 -3.15636E+01  1.21501E-04
 -3.13170E+01  1.22596E-04
 -3.10705E+01  1.23859E-04
 -3.08239E+01  1.23619E-04
 -3.05773E+01  1.23903E-04
 -3.03307E+01  1.25936E-04
 -3.00841E+01  1.26791E-04
 -2.98375E+01  1.26049E-04
 -2.95909E+01  1.26298E-04
 -2.93443E+01  1.27603E-04
 -2.90977E+01  1.28875E-04
 -2.88511E+01  1.29749E-04
 -2.86045E+01  1.29340E-04
 -2.83580E+01  1.29099E-04
 -2.81114E+01  1.31362E-04
 -2.78648E+01  1.33134E-04
 -2.76182E+01  1.31782E-04
 -2.73716E+01  1.31040E-04
 -2.71250E+01  1.33452E-04
 -2.68784E+01  1.36003E-04
 -2.66318E+01  1.35274E-04
 -2.63852E+01  1.33575E-04
 -2.61386E+01  1.35662E-04
 -2.58920E+01  1.38493E-04
 -2.56455E+01  1.37335E-04
 -2.53989E+01  1.36085E-04
 -2.51523E+01  1.38672E-04
 -2.49057E+01  1.41470E-04
 -2.46591E+01  1.40073E-04
 -2.44125E+01  1.37709E-04
 -2.41659E+01  1.40323E-04
 -2.39193E+01  1.44696E-04
 -2.36727E+01  1.44257E-04
 -2.34261E+01  1.41609E-04
 -2.31795E+01  1.42028E-04
 -2.29330E+01  1.44506E-04
 -2.26864E+01  1.46367E-04
 -2.24398E+01  1.46931E-04
 -2.21932E+01  1.46553E-04
 -2.19466E+01  1.46737E-04
 -2.17000E+01  1.47801E-04
 -2.14534E+01  1.48492E-04
 -2.12068E+01  1.49189E-04
 -2.09602E+01  1.50423E-04
 -2.07136E+01  1.51572E-04
 -2.04670E+01  1.52269E-04
 -2.02205E+01  1.51787E-04
 -1.99739E+01  1.51446E-04
 -1.97273E+01  1.53922E-04
 -1.94807E+01  1.56261E-04
 -1.92341E+01  1.54890E-04
 -1.89875E+01  1.54347E-04
 -1.87409E+01  1.57337E-04
 -1.84943E+01  1.58611E-04
 -1.82477E+01  1.57168E-04
 -1.80011E+01  1.57859E-04
 -1.77545E+01  1.60637E-04
 -1.75080E+01  1.61422E-04
 -1.72614E+01  1.60343E-04
 -1.70148E+01  1.60805E-04
 -1.67682E+01  1.63336E-04
 -1.65216E+01  1.64875E-04
 -1.62750E+01  1.63731E-04
 -1.60284E+01  1.63340E-04
 -1.57818E+01  1.66371E-04
 -1.55352E+01  1.68321E-04
 -1.52886E+01  1.66691E-04
 -1.50420E+01  1.66952E-04
 -1.47955E+01  1.70044E-04
 -1.45489E+01  1.70606E-04
 -1.43023E+01  1.69572E-04
 -1.40557E+01  1.70884E-04
 -1.38091E+01  1.72884E-04
 -1.35625E+01  1.73684E-04
 -1.33159E+01  1.73943E-04
 -1.30693E+01  1.74040E-04
 -1.28227E+01  1.75244E-04
 -1.25761E+01  1.77527E-04
 -1.23295E+01  1.78122E-04
 -1.20830E+01  1.77025E-04
 -1.18364E+01  1.77736E-04
 -1.15898E+01  1.81246E-04
 -1.13432E+01  1.83329E-04
 -1.10966E+01  1.81121E-04
 -1.08500E+01  1.79586E-04
 -1.06034E+01  1.83113E-04
 -1.03568E+01  1.87143E-04
 -1.01102E+01  1.86678E-04
 -9.86364E+00  1.84610E-04
 -9.61704E+00  1.85921E-04
 -9.37045E+00  1.89200E-04
 -9.12386E+00  1.89843E-04
 -8.87727E+00  1.88919E-04
 -8.63068E+00  1.90599E-04
 -8.38409E+00  1.93207E-04
 -8.13750E+00  1.92948E-04
 -7.89091E+00  1.92329E-04
 -7.64432E+00  1.94479E-04
 -7.39773E+00  1.96783E-04
 -7.15114E+00  1.97142E-04
 -6.90454E+00  1.97011E-04
 -6.65795E+00  1.97585E-04
 -6.41136E+00  1.99626E-04
 -6.16477E+00  2.02289E-04
 -5.91818E+00  2.02472E-04
 -5.67159E+00  2.00907E-04
 -5.42500E+00  2.02215E-04
 -5.17841E+00  2.05940E-04
 -4.93182E+00  2.07026E-04
 -4.68523E+00  2.05778E-04
 -4.43864E+00  2.06860E-04
 -4.19204E+00  2.09800E-04
 -3.94545E+00  2.10450E-04
 -3.69886E+00  2.09112E-04
 -3.45227E+00  2.10441E-04
 -3.20568E+00  2.14903E-04
 -2.95909E+00  2.15974E-04
 -2.71250E+00  2.12771E-04
 -2.46591E+00  2.13455E-04
 -2.21932E+00  2.18490E-04
 -1.97273E+00  2.19776E-04
 -1.72614E+00  2.17664E-04
 -1.47955E+00  2.19189E-04
 -1.23295E+00  2.22941E-04
 -9.86364E-01  2.22409E-04
 -7.39773E-01  2.20782E-04
 -4.93182E-01  2.24146E-04
 -2.46591E-01  2.27547E-04
  0.00000E+00  2.26622E-04
  2.46591E-01  2.26123E-04
  4.93182E-01  2.27951E-04
  7.39773E-01  2.29730E-04
  9.86364E-01  2.31298E-04
  1.23295E+00  2.32375E-04
  1.47955E+00  2.31915E-04
  1.72614E+00  2.32277E-04
  1.97273E+00  2.35961E-04
  2.21932E+00  2.38612E-04
  2.46591E+00  2.36311E-04
  2.71250E+00  2.34996E-04
  2.95909E+00  2.39522E-04
  3.20568E+00  2.43578E-04
  3.45227E+00  2.41443E-04
  3.69886E+00  2.39345E-04
  3.94545E+00  2.43854E-04
  4.19205E+00  2.47948E-04
  4.43864E+00  2.45261E-04
  4.68523E+00  2.43878E-04
  4.93182E+00  2.48920E-04
  5.17841E+00  2.52241E-04
  5.42500E+00  2.50056E-04
  5.67159E+00  2.49212E-04
  5.91818E+00  2.52277E-04
  6.16477E+00  2.55067E-04
  6.41136E+00  2.56100E-04
  6.65795E+00  2.56364E-04
  6.90454E+00  2.56421E-04
  7.15114E+00  2.57724E-04
  7.39773E+00  2.60298E-04
  7.64432E+00  2.61656E-04
  7.89091E+00  2.61823E-04
  8.13750E+00  2.63248E-04
  8.38409E+00  2.65285E-04
  8.63068E+00  2.65701E-04
  8.87727E+00  2.66089E-04
  9.12386E+00  2.68560E-04
  9.37045E+00  2.70708E-04
  9.61704E+00  2.70399E-04
  9.86364E+00  2.70496E-04
  1.01102E+01  2.73744E-04
  1.03568E+01  2.76899E-04
  1.06034E+01  2.76202E-04
  1.08500E+01  2.74732E-04
  1.10966E+01  2.77035E-04
  1.13432E+01  2.81660E-04
  1.15898E+01  2.83549E-04
  1.18364E+01  2.81877E-04
  1.20830E+01  2.81913E-04
  1.23295E+01  2.85082E-04
  1.25761E+01  2.86974E-04
  1.28227E+01  2.87870E-04
  1.30693E+01  2.90032E-04
  1.33159E+01  2.91508E-04
  1.35625E+01  2.91647E-04
  1.38091E+01  2.91968E-04
  1.40557E+01  2.93735E-04
  1.43023E+01  2.97331E-04
  1.45489E+01  2.99735E-04
  1.47955E+01  2.98957E-04
  1.50420E+01  2.98882E-04
  1.52886E+01  3.01543E-04
  1.55352E+01  3.03738E-04
  1.57818E+01  3.05068E-04
  1.60284E+01  3.06963E-04
  1.62750E+01  3.08133E-04
  1.65216E+01  3.09063E-04
  1.67682E+01  3.10896E-04
  1.70148E+01  3.11670E-04
  1.72614E+01  3.12792E-04
  1.75080E+01  3.17122E-04
  1.77545E+01  3.19645E-04
  1.80011E+01  3.17099E-04
  1.82477E+01  3.16656E-04
  1.84943E+01  3.22002E-04
  1.87409E+01  3.26729E-04
  1.89875E+01  3.26229E-04
  1.92341E+01  3.24264E-04
  1.94807E+01  3.26249E-04
  1.97273E+01  3.30822E-04
  1.99739E+01  3.32962E-04
  2.02205E+01  3.32784E-04
  2.04670E+01  3.33874E-04
  2.07136E+01  3.36564E-04
  2.09602E+01  3.38738E-04
  2.12068E+01  3.39504E-04
  2.14534E+01  3.40183E-04
  2.17000E+01  3.43187E-04
  2.19466E+01  3.46770E-04
  2.21932E+01  3.46581E-04
  2.24398E+01  3.45991E-04
  2.26864E+01  3.50360E-04
  2.29330E+01  3.54572E-04
  2.31795E+01  3.53051E-04
  2.34261E+01  3.52036E-04
  2.36727E+01  3.57231E-04
  2.39193E+01  3.62198E-04
  2.41659E+01  3.61433E-04
  2.44125E+01  3.60274E-04
  2.46591E+01  3.63239E-04
  2.49057E+01  3.66911E-04
  2.51523E+01  3.68326E-04
  2.53989E+01  3.69450E-04
  2.56455E+01  3.72141E-04
  2.58920E+01  3.74403E-04
  2.61386E+01  3.74243E-04
  2.63852E+01  3.74900E-04
  2.66318E+01  3.79339E-04
  2.68784E+01  3.83141E-04
  2.71250E+01  3.83054E-04
  2.73716E+01  3.83184E-04
  2.76182E+01  3.85606E-04
  2.78648E+01  3.88505E-04
  2.81114E+01  3.91132E-04
  2.83580E+01  3.92465E-04
  2.86045E+01  3.92956E-04
  2.88511E+01  3.95210E-04
  2.90977E+01  3.98664E-04
  2.93443E+01  4.00403E-04
  2.95909E+01  4.00612E-04
  2.98375E+01  4.02640E-04
  3.00841E+01  4.06399E-04
  3.03307E+01  4.07498E-04
  3.05773E+01  4.07286E-04
  3.08239E+01  4.10924E-04
  3.10705E+01  4.15360E-04
  3.13170E+01  4.15043E-04
  3.15636E+01  4.13111E-04
  3.18102E+01  4.16047E-04
  3.20568E+01  4.23010E-04
  3.23034E+01  4.25907E-04
  3.25500E+01  4.22007E-04
  3.27966E+01  4.20688E-04
  3.30432E+01  4.27210E-04
  3.32898E+01  4.32343E-04
  3.35364E+01  4.31236E-04
  3.37830E+01  4.31215E-04
  3.40295E+01  4.34130E-04
  3.42761E+01  4.35499E-04
  3.45227E+01  4.36531E-04
  3.47693E+01  4.38923E-04
  3.50159E+01  4.41011E-04
  3.52625E+01  4.43287E-04
  3.55091E+01  4.45005E-04
  3.57557E+01  4.44088E-04
  3.60023E+01  4.44099E-04
  3.62489E+01  4.48560E-04
  3.64955E+01  4.52975E-04
  3.67420E+01  4.52086E-04
  3.69886E+01  4.49856E-04
  3.72352E+01  4.52755E-04
  3.74818E+01  4.57464E-04
  3.77284E+01  4.58139E-04
  3.79750E+01  4.56951E-04
  3.82216E+01  4.58219E-04
  3.84682E+01  4.61724E-04
  3.87148E+01  4.63220E-04
  3.89614E+01  4.62100E-04
  3.92080E+01  4.63867E-04
  3.94545E+01  4.67796E-04
  3.97011E+01  4.67336E-04
  3.99477E+01  4.65080E-04
  4.01943E+01  4.68229E-04
  4.04409E+01  4.73511E-04
  4.06875E+01  4.73346E-04
  4.09341E+01  4.70201E-04
  4.11807E+01  4.71175E-04
  4.14273E+01  4.75346E-04
  4.16739E+01  4.77392E-04
  4.19205E+01  4.76984E-04
  4.21670E+01  4.76948E-04
  4.24136E+01  4.77827E-04
  4.26602E+01  4.78853E-04
  4.29068E+01  4.80579E-04
  4.31534E+01  4.82592E-04
  4.34000E+01  4.83024E-04
  4.36466E+01  4.82642E-04
  4.38932E+01  4.83147E-04
  4.41398E+01  4.84531E-04
  4.43864E+01  4.86549E-04
  4.46329E+01  4.88339E-04
  4.48795E+01  4.88562E-04
  4.51261E+01  4.87204E-04
  4.53727E+01  4.87405E-04
  4.56193E+01  4.91517E-04
  4.58659E+01  4.93986E-04
  4.61125E+01  4.90815E-04
  4.63591E+01  4.89950E-04
  4.66057E+01  4.95095E-04
  4.68523E+01  4.97610E-04
  4.70989E+01  4.94620E-04
  4.73454E+01  4.93341E-04
  4.75920E+01  4.97022E-04
  4.78386E+01  4.99847E-04
  4.80852E+01  4.98263E-04
  4.83318E+01  4.97771E-04
  4.85784E+01  5.00906E-04
  4.88250E+01  5.02869E-04
  4.90716E+01  5.01587E-04
  4.93182E+01  4.99983E-04
  4.95648E+01  5.01758E-04
  4.98114E+01  5.06545E-04
  5.00579E+01  5.07881E-04
  5.03045E+01  5.03764E-04
  5.05511E+01  5.02435E-04
  5.07977E+01  5.07264E-04
  5.10443E+01  5.10691E-04
  5.12909E+01  5.08879E-04
  5.15375E+01  5.07292E-04
  5.17841E+01  5.09313E-04
  5.20307E+01  5.11209E-04
  5.22773E+01  5.10773E-04
  5.25239E+01  5.10964E-04
  5.27704E+01  5.13633E-04
  5.30170E+01  5.15362E-04
  5.32636E+01  5.13088E-04
  5.35102E+01  5.11233E-04
  5.37568E+01  5.14429E-04
  5.40034E+01  5.18693E-04
  5.42500E+01  5.18807E-04
  5.44966E+01  5.16144E-04
  5.47432E+01  5.15060E-04
  5.49898E+01  5.17408E-04
  5.52364E+01  5.20733E-04
  5.54829E+01  5.21396E-04
  5.57295E+01  5.19990E-04
  5.59761E+01  5.20125E-04
  5.62227E+01  5.21909E-04
  5.64693E+01  5.22137E-04
  5.67159E+01  5.21665E-04
  5.69625E+01  5.23949E-04
  5.72091E+01  5.26346E-04
  5.74557E+01  5.24542E-04
  5.77023E+01  5.22648E-04
  5.79489E+01  5.26258E-04
  5.81954E+01  5.30351E-04
  5.84420E+01  5.27703E-04
  5.86886E+01  5.23439E-04
  5.89352E+01  5.26978E-04
  5.91818E+01  5.33938E-04
  5.94284E+01  5.32816E-04
  5.96750E+01  5.27153E-04
  5.99216E+01  5.28723E-04
  6.01682E+01  5.33967E-04
  6.04148E+01  5.33314E-04
  6.06614E+01  5.31471E-04
  6.09079E+01  5.34491E-04
  6.11545E+01  5.36571E-04
  6.14011E+01  5.34482E-04
  6.16477E+01  5.33397E-04
  6.18943E+01  5.35514E-04
  6.21409E+01  5.38450E-04
  6.23875E+01  5.39697E-04
  6.26341E+01  5.37964E-04
  6.28807E+01  5.36045E-04
  6.31273E+01  5.38356E-04
  6.33739E+01  5.42558E-04
  6.36204E+01  5.42213E-04
  6.38670E+01  5.38432E-04
  6.41136E+01  5.38861E-04
  6.43602E+01  5.44293E-04
  6.46068E+01  5.45769E-04
  6.48534E+01  5.40882E-04
  6.51000E+01  5.39972E-04
  6.53466E+01  5.45644E-04
  6.55932E+01  5.47079E-04
  6.58398E+01  5.42464E-04
  6.60864E+01  5.42341E-04
  6.63329E+01  5.47976E-04
  6.65795E+01  5.48872E-04
  6.68261E+01  5.43386E-04
  6.70727E+01  5.41962E-04
  6.73193E+01  5.47814E-04
  6.75659E+01  5.51417E-04
  6.78125E+01  5.47328E-04
  6.80591E+01  5.43192E-04
  6.83057E+01  5.45521E-04
  6.85523E+01  5.49575E-04
  6.87989E+01  5.49763E-04
  6.90454E+01  5.47293E-04
  6.92920E+01  5.46290E-04
  6.95386E+01  5.47756E-04
  6.97852E+01  5.48402E-04
  7.00318E+01  5.47360E-04
  7.02784E+01  5.47561E-04
  7.05250E+01  5.49239E-04
  7.07716E+01  5.49266E-04
  7.10182E+01  5.46394E-04
  7.12648E+01  5.44580E-04
  7.15114E+01  5.47762E-04
  7.17579E+01  5.51540E-04
  7.20045E+01  5.48803E-04
  7.22511E+01  5.43518E-04
  7.24977E+01  5.45154E-04
  7.27443E+01  5.50135E-04
  7.29909E+01  5.48797E-04
  7.32375E+01  5.44610E-04
  7.34841E+01  5.45609E-04
  7.37307E+01  5.48677E-04
  7.39773E+01  5.46937E-04
  7.42239E+01  5.43974E-04
  7.44704E+01  5.46543E-04
  7.47170E+01  5.49227E-04
  7.49636E+01  5.45612E-04
  7.52102E+01  5.42106E-04
  7.54568E+01  5.44897E-04
  7.57034E+01  5.49443E-04
  7.59500E+01  5.48560E-04
  7.61966E+01  5.42797E-04
  7.64432E+01  5.40601E-04
  7.66898E+01  5.45676E-04
  7.69364E+01  5.49636E-04
  7.71829E+01  5.45931E-04
  7.74295E+01  5.41566E-04
  7.76761E+01  5.43749E-04
  7.79227E+01  5.47107E-04
  7.81693E+01  5.45304E-04
  7.84159E+01  5.42897E-04
  7.86625E+01  5.44891E-04
  7.89091E+01  5.46768E-04
  7.91557E+01  5.44209E-04
  7.94023E+01  5.41911E-04
  7.96489E+01  5.44589E-04
  7.98954E+01  5.47825E-04
  8.01420E+01  5.46092E-04
  8.03886E+01  5.41914E-04
  8.06352E+01  5.41664E-04
  8.08818E+01  5.46332E-04
  8.11284E+01  5.48645E-04
  8.13750E+01  5.44200E-04
  8.16216E+01  5.40669E-04
  8.18682E+01  5.44805E-04
  8.21148E+01  5.48794E-04
  8.23614E+01  5.44905E-04
  8.26079E+01  5.41430E-04
  8.28545E+01  5.44925E-04
  8.31011E+01  5.47205E-04
  8.33477E+01  5.44740E-04
  8.35943E+01  5.44225E-04
  8.38409E+01  5.46238E-04
  8.40875E+01  5.46131E-04
  8.43341E+01  5.44464E-04
  8.45807E+01  5.44107E-04
  8.48273E+01  5.45559E-04
  8.50739E+01  5.47683E-04
  8.53204E+01  5.47905E-04
  8.55670E+01  5.45276E-04
  8.58136E+01  5.43537E-04
  8.60602E+01  5.45658E-04
  8.63068E+01  5.48848E-04
  8.65534E+01  5.48541E-04
  8.68000E+01  5.45637E-04
  8.70466E+01  5.46231E-04
  8.72932E+01  5.48841E-04
  8.75398E+01  5.46511E-04
  8.77864E+01  5.45229E-04
  8.80329E+01  5.50853E-04
  8.82795E+01  5.52344E-04
  8.85261E+01  5.46013E-04
