@page size 600,600
@view 0.12,0.1,0.97,0.93
@subtitle "PHOENIX module phox, 04/18/18 at 13:39:11 -07:00"
@xaxes scale Normal
@yaxes scale Normal
@xaxis label "energy (meV)"
@yaxis label "one-phonon contribution (1/eV)"
@type xy
 -7.91557E+01 -2.26570E-02
 -7.89091E+01  1.09623E-02
 -7.86625E+01  3.77646E-02
 -7.84159E+01 -1.36960E-03
 -7.81693E+01 -6.66002E-02
 -7.79227E+01 -7.52626E-02
 -7.76761E+01 -1.75603E-02
 -7.74295E+01  3.56417E-02
 -7.71829E+01  5.04616E-02
 -7.69364E+01  7.37664E-02
 -7.66898E+01  6.71246E-02
 -7.64432E+01 -1.23240E-02
 -7.61966E+01 -6.44933E-02
 -7.59500E+01 -3.88471E-02
 -7.57034E+01 -7.44633E-03
 -7.54568E+01 -1.25832E-02
 -7.52102E+01 -8.14355E-03
 -7.49636E+01  9.20233E-03
 -7.47170E+01 -1.70610E-03
 -7.44704E+01 -3.09672E-02
 -7.42239E+01 -4.79862E-02
 -7.39773E+01 -3.45297E-02
 -7.37307E+01  6.38049E-03
 -7.34841E+01  3.37012E-02
 -7.32375E+01  3.21953E-02
 -7.29909E+01  3.96232E-02
 -7.27443E+01  4.99771E-02
 -7.24977E+01  2.64172E-02
 -7.22511E+01  1.46485E-03
 -7.20045E+01  1.13435E-02
 -7.17579E+01  2.73015E-02
 -7.15114E+01  3.93972E-02
 -7.12648E+01  4.98200E-02
 -7.10182E+01  4.32824E-02
 -7.07716E+01  2.90602E-02
 -7.05250E+01  9.91766E-03
 -7.02784E+01 -1.26979E-02
 -7.00318E+01 -2.36630E-02
 -6.97852E+01 -2.67352E-02
 -6.95386E+01 -3.78508E-02
 -6.92920E+01 -4.10141E-02
 -6.90454E+01 -3.89647E-03
 -6.87989E+01  4.14221E-02
 -6.85523E+01  5.45559E-02
 -6.83057E+01  6.34624E-02
 -6.80591E+01  7.80485E-02
 -6.78125E+01  7.76581E-02
 -6.75659E+01  7.03297E-02
 -6.73193E+01  6.17842E-02
 -6.70727E+01  5.54091E-02
 -6.68261E+01  4.54305E-02
 -6.65795E+01  2.07548E-02
 -6.63329E+01  7.58558E-03
 -6.60864E+01  2.11546E-02
 -6.58398E+01  4.55941E-02
 -6.55932E+01  5.43253E-02
 -6.53466E+01  4.61472E-02
 -6.51000E+01  6.28220E-02
 -6.48534E+01  1.03906E-01
 -6.46068E+01  1.20516E-01
 -6.43602E+01  8.75004E-02
 -6.41136E+01  3.42298E-02
 -6.38670E+01  1.35387E-02
 -6.36204E+01  3.77116E-02
 -6.33739E+01  4.61986E-02
 -6.31273E+01  1.70389E-03
 -6.28807E+01 -1.07872E-02
 -6.26341E+01  4.43433E-02
 -6.23875E+01  6.90956E-02
 -6.21409E+01  4.98832E-02
 -6.18943E+01  5.35391E-02
 -6.16477E+01  6.00025E-02
 -6.14011E+01  3.70199E-02
 -6.11545E+01  2.90827E-02
 -6.09079E+01  5.75326E-02
 -6.06614E+01  6.79903E-02
 -6.04148E+01  3.25291E-02
 -6.01682E+01  7.16211E-03
 -5.99216E+01  4.41520E-02
 -5.96750E+01  1.02609E-01
 -5.94284E+01  1.05525E-01
 -5.91818E+01  5.54095E-02
 -5.89352E+01  1.23305E-02
 -5.86886E+01  6.59555E-03
 -5.84420E+01  3.73683E-02
 -5.81954E+01  7.36707E-02
 -5.79489E+01  7.58531E-02
 -5.77023E+01  4.97384E-02
 -5.74557E+01  4.46065E-02
 -5.72091E+01  9.51594E-02
 -5.69625E+01  1.44792E-01
 -5.67159E+01  1.47837E-01
 -5.64693E+01  1.34936E-01
 -5.62227E+01  1.20347E-01
 -5.59761E+01  9.24956E-02
 -5.57295E+01  4.48437E-02
 -5.54829E+01  1.82613E-02
 -5.52364E+01  3.10974E-02
 -5.49898E+01  4.69147E-02
 -5.47432E+01  6.29243E-02
 -5.44966E+01  8.67904E-02
 -5.42500E+01  8.89255E-02
 -5.40034E+01  6.75051E-02
 -5.37568E+01  5.93372E-02
 -5.35102E+01  6.32783E-02
 -5.32636E+01  7.09713E-02
 -5.30170E+01  8.62863E-02
 -5.27704E+01  1.01131E-01
 -5.25239E+01  1.07179E-01
 -5.22773E+01  8.76480E-02
 -5.20307E+01  4.50472E-02
 -5.17841E+01  5.87626E-02
 -5.15375E+01  1.69191E-01
 -5.12909E+01  2.39777E-01
 -5.10443E+01  1.91495E-01
 -5.07977E+01  1.47346E-01
 -5.05511E+01  1.63790E-01
 -5.03045E+01  1.38770E-01
 -5.00579E+01  6.69330E-02
 -4.98114E+01  8.33446E-02
 -4.95648E+01  1.96629E-01
 -4.93182E+01  2.62262E-01
 -4.90716E+01  1.90215E-01
 -4.88250E+01  8.53308E-02
 -4.85784E+01  7.38320E-02
 -4.83318E+01  1.09415E-01
 -4.80852E+01  1.27097E-01
 -4.78386E+01  1.25666E-01
 -4.75920E+01  1.19048E-01
 -4.73454E+01  1.20957E-01
 -4.70989E+01  1.29836E-01
 -4.68523E+01  1.44240E-01
 -4.66057E+01  1.47498E-01
 -4.63591E+01  1.31616E-01
 -4.61125E+01  1.71540E-01
 -4.58659E+01  2.78910E-01
 -4.56193E+01  3.01936E-01
 -4.53727E+01  2.13750E-01
 -4.51261E+01  1.68692E-01
 -4.48795E+01  2.07838E-01
 -4.46329E+01  2.38763E-01
 -4.43864E+01  2.17850E-01
 -4.41398E+01  1.91318E-01
 -4.38932E+01  2.13446E-01
 -4.36466E+01  2.68142E-01
 -4.34000E+01  3.02923E-01
 -4.31534E+01  3.09241E-01
 -4.29068E+01  2.86193E-01
 -4.26602E+01  2.18635E-01
 -4.24136E+01  1.71293E-01
 -4.21670E+01  2.20720E-01
 -4.19204E+01  2.94812E-01
 -4.16739E+01  2.93896E-01
 -4.14273E+01  2.63828E-01
 -4.11807E+01  2.71802E-01
 -4.09341E+01  3.06565E-01
 -4.06875E+01  3.41848E-01
 -4.04409E+01  3.26510E-01
 -4.01943E+01  2.69185E-01
 -3.99477E+01  2.45001E-01
 -3.97011E+01  2.52781E-01
 -3.94545E+01  2.79667E-01
 -3.92080E+01  3.24035E-01
 -3.89614E+01  3.62439E-01
 -3.87148E+01  3.94244E-01
 -3.84682E+01  4.05515E-01
 -3.82216E+01  3.63249E-01
 -3.79750E+01  3.15222E-01
 -3.77284E+01  3.67741E-01
 -3.74818E+01  4.70996E-01
 -3.72352E+01  5.04353E-01
 -3.69886E+01  4.86126E-01
 -3.67420E+01  4.62763E-01
 -3.64955E+01  4.31783E-01
 -3.62489E+01  4.47884E-01
 -3.60023E+01  5.78732E-01
 -3.57557E+01  6.76173E-01
 -3.55091E+01  6.21301E-01
 -3.52625E+01  5.62401E-01
 -3.50159E+01  5.73991E-01
 -3.47693E+01  5.76356E-01
 -3.45227E+01  5.77650E-01
 -3.42761E+01  5.59510E-01
 -3.40295E+01  4.60249E-01
 -3.37830E+01  3.97396E-01
 -3.35364E+01  4.22271E-01
 -3.32898E+01  4.45861E-01
 -3.30432E+01  4.62111E-01
 -3.27966E+01  4.85843E-01
 -3.25500E+01  5.00554E-01
 -3.23034E+01  4.66944E-01
 -3.20568E+01  3.75654E-01
 -3.18102E+01  3.39125E-01
 -3.15636E+01  4.34449E-01
 -3.13170E+01  5.27094E-01
 -3.10705E+01  4.88088E-01
 -3.08239E+01  3.99175E-01
 -3.05773E+01  3.61804E-01
 -3.03307E+01  3.35981E-01
 -3.00841E+01  2.94744E-01
 -2.98375E+01  2.90684E-01
 -2.95909E+01  3.19094E-01
 -2.93443E+01  3.24651E-01
 -2.90977E+01  2.90427E-01
 -2.88511E+01  2.67218E-01
 -2.86045E+01  2.91735E-01
 -2.83580E+01  3.02737E-01
 -2.81114E+01  3.09711E-01
 -2.78648E+01  3.61060E-01
 -2.76182E+01  3.58658E-01
 -2.73716E+01  2.53999E-01
 -2.71250E+01  1.68157E-01
 -2.68784E+01  1.80399E-01
 -2.66318E+01  2.45557E-01
 -2.63852E+01  2.77883E-01
 -2.61386E+01  2.78663E-01
 -2.58920E+01  2.88870E-01
 -2.56455E+01  2.65956E-01
 -2.53989E+01  2.15271E-01
 -2.51523E+01  2.19554E-01
 -2.49057E+01  2.53240E-01
 -2.46591E+01  2.35352E-01
 -2.44125E+01  2.01970E-01
 -2.41659E+01  2.01673E-01
 -2.39193E+01  2.22467E-01
 -2.36727E+01  2.62987E-01
 -2.34261E+01  3.06812E-01
 -2.31795E+01  3.22470E-01
 -2.29330E+01  3.11055E-01
 -2.26864E+01  2.96204E-01
 -2.24398E+01  2.96551E-01
 -2.21932E+01  2.64773E-01
 -2.19466E+01  1.82928E-01
 -2.17000E+01  1.61179E-01
 -2.14534E+01  2.52584E-01
 -2.12068E+01  3.34910E-01
 -2.09602E+01  3.02640E-01
 -2.07136E+01  2.30058E-01
 -2.04670E+01  2.21238E-01
 -2.02205E+01  2.25302E-01
 -1.99739E+01  2.05293E-01
 -1.97273E+01  2.22714E-01
 -1.94807E+01  2.55286E-01
 -1.92341E+01  2.50443E-01
 -1.89875E+01  2.43749E-01
 -1.87409E+01  2.64600E-01
 -1.84943E+01  3.03746E-01
 -1.82477E+01  3.25567E-01
 -1.80011E+01  2.76883E-01
 -1.77545E+01  2.06685E-01
 -1.75080E+01  1.98622E-01
 -1.72614E+01  2.53375E-01
 -1.70148E+01  3.38812E-01
 -1.67682E+01  3.55695E-01
 -1.65216E+01  2.41931E-01
 -1.62750E+01  1.27488E-01
 -1.60284E+01  1.18145E-01
 -1.57818E+01  1.61080E-01
 -1.55352E+01  2.16611E-01
 -1.52886E+01  2.92107E-01
 -1.50420E+01  3.46378E-01
 -1.47955E+01  3.23834E-01
 -1.45489E+01  2.52303E-01
 -1.43023E+01  2.19571E-01
 -1.40557E+01  2.87405E-01
 -1.38091E+01  3.52353E-01
 -1.35625E+01  2.83131E-01
 -1.33159E+01  2.05956E-01
 -1.30693E+01  2.30238E-01
 -1.28227E+01  2.50551E-01
 -1.25761E+01  2.13277E-01
 -1.23295E+01  2.02412E-01
 -1.20830E+01  2.56521E-01
 -1.18364E+01  2.91993E-01
 -1.15898E+01  2.84129E-01
 -1.13432E+01  3.08264E-01
 -1.10966E+01  3.63889E-01
 -1.08500E+01  3.83512E-01
 -1.06034E+01  3.39117E-01
 -1.03568E+01  2.89948E-01
 -1.01102E+01  2.97158E-01
 -9.86364E+00  3.08517E-01
 -9.61704E+00  2.98734E-01
 -9.37045E+00  2.93169E-01
 -9.12386E+00  2.65189E-01
 -8.87727E+00  2.23551E-01
 -8.63068E+00  2.00778E-01
 -8.38409E+00  1.98742E-01
 -8.13750E+00  2.18753E-01
 -7.89091E+00  2.53813E-01
 -7.64432E+00  2.69711E-01
 -7.39773E+00  2.25247E-01
 -7.15114E+00  1.90593E-01
 -6.90454E+00  2.59243E-01
 -6.65795E+00  3.53823E-01
 -6.41136E+00  3.91200E-01
 -6.16477E+00  4.20724E-01
 -5.91818E+00  4.44220E-01
 -5.67159E+00  4.03298E-01
 -5.42500E+00  3.15484E-01
 -5.17841E+00  2.54856E-01
 -4.93182E+00  2.90150E-01
 -4.68523E+00  3.82384E-01
 -4.43864E+00  4.15481E-01
 -4.19204E+00  3.68148E-01
 -3.94545E+00  3.28281E-01
 -3.69886E+00  3.50446E-01
 -3.45227E+00  3.87465E-01
 -3.20568E+00  3.69729E-01
 -2.95909E+00  3.42426E-01
 -2.71250E+00  3.60623E-01
 -2.46591E+00  3.69111E-01
 -2.21932E+00  3.43851E-01
 -1.97273E+00  2.90754E-01
 -1.72614E+00  2.12969E-01
 -1.47955E+00  1.54392E-01
 -1.23295E+00  1.83456E-01
 -9.86364E-01  3.47849E-01
 -7.39773E-01  5.97841E-01
 -4.93182E-01  7.60921E-01
 -2.46591E-01  6.92566E-01
  0.00000E+00  4.85548E-01
  2.46591E-01  3.80494E-01
  4.93182E-01  4.63120E-01
  7.39773E-01  6.08479E-01
  9.86364E-01  6.59924E-01
  1.23295E+00  5.73291E-01
  1.47955E+00  4.33090E-01
  1.72614E+00  3.53086E-01
  1.97273E+00  3.65153E-01
  2.21932E+00  4.08172E-01
  2.46591E+00  4.21445E-01
  2.71250E+00  4.07279E-01
  2.95909E+00  4.00083E-01
  3.20568E+00  3.77138E-01
  3.45227E+00  2.67455E-01
  3.69886E+00  1.53936E-01
  3.94545E+00  1.69866E-01
  4.19205E+00  2.54327E-01
  4.43864E+00  3.42794E-01
  4.68523E+00  4.03191E-01
  4.93182E+00  3.70028E-01
  5.17841E+00  3.35970E-01
  5.42500E+00  3.98072E-01
  5.67159E+00  4.75221E-01
  5.91818E+00  4.90444E-01
  6.16477E+00  4.44832E-01
  6.41136E+00  3.98550E-01
  6.65795E+00  3.92001E-01
  6.90454E+00  3.92189E-01
  7.15114E+00  4.09586E-01
  7.39773E+00  4.56012E-01
  7.64432E+00  4.74094E-01
  7.89091E+00  4.50767E-01
  8.13750E+00  4.11242E-01
  8.38409E+00  4.04820E-01
  8.63068E+00  4.70248E-01
  8.87727E+00  5.53779E-01
  9.12386E+00  5.81375E-01
  9.37045E+00  5.27255E-01
  9.61704E+00  4.25367E-01
  9.86364E+00  3.53134E-01
  1.01102E+01  3.63017E-01
  1.03568E+01  4.12506E-01
  1.06034E+01  4.15941E-01
  1.08500E+01  4.05390E-01
  1.10966E+01  4.66017E-01
  1.13432E+01  5.03806E-01
  1.15898E+01  4.36603E-01
  1.18364E+01  3.63196E-01
  1.20830E+01  3.31779E-01
  1.23295E+01  3.31201E-01
  1.25761E+01  3.74093E-01
  1.28227E+01  4.50707E-01
  1.30693E+01  4.79545E-01
  1.33159E+01  4.04850E-01
  1.35625E+01  3.39644E-01
  1.38091E+01  3.70222E-01
  1.40557E+01  4.38516E-01
  1.43023E+01  4.47547E-01
  1.45489E+01  3.97151E-01
  1.47955E+01  4.24367E-01
  1.50420E+01  4.99367E-01
  1.52886E+01  5.16412E-01
  1.55352E+01  5.09230E-01
  1.57818E+01  4.62698E-01
  1.60284E+01  3.83454E-01
  1.62750E+01  3.73614E-01
  1.65216E+01  4.42651E-01
  1.67682E+01  5.01008E-01
  1.70148E+01  5.26933E-01
  1.72614E+01  5.31754E-01
  1.75080E+01  4.74638E-01
  1.77545E+01  4.31589E-01
  1.80011E+01  4.85590E-01
  1.82477E+01  5.39975E-01
  1.84943E+01  5.58852E-01
  1.87409E+01  5.45547E-01
  1.89875E+01  4.83120E-01
  1.92341E+01  4.86595E-01
  1.94807E+01  5.97239E-01
  1.97273E+01  6.62890E-01
  1.99739E+01  5.89474E-01
  2.02205E+01  4.59156E-01
  2.04670E+01  3.89056E-01
  2.07136E+01  3.83660E-01
  2.09602E+01  4.26083E-01
  2.12068E+01  5.45589E-01
  2.14534E+01  6.22535E-01
  2.17000E+01  5.82644E-01
  2.19466E+01  5.64494E-01
  2.21932E+01  6.37829E-01
  2.24398E+01  7.09462E-01
  2.26864E+01  6.57614E-01
  2.29330E+01  5.70860E-01
  2.31795E+01  6.33299E-01
  2.34261E+01  7.89750E-01
  2.36727E+01  8.76955E-01
  2.39193E+01  8.25598E-01
  2.41659E+01  6.77739E-01
  2.44125E+01  5.82533E-01
  2.46591E+01  6.23086E-01
  2.49057E+01  7.15189E-01
  2.51523E+01  7.14437E-01
  2.53989E+01  6.31081E-01
  2.56455E+01  5.92252E-01
  2.58920E+01  5.86877E-01
  2.61386E+01  6.22066E-01
  2.63852E+01  7.34489E-01
  2.66318E+01  8.21642E-01
  2.68784E+01  7.51543E-01
  2.71250E+01  5.67599E-01
  2.73716E+01  5.41357E-01
  2.76182E+01  7.06241E-01
  2.78648E+01  8.11826E-01
  2.81114E+01  8.55833E-01
  2.83580E+01  9.52220E-01
  2.86045E+01  1.01636E+00
  2.88511E+01  1.02095E+00
  2.90977E+01  1.03120E+00
  2.93443E+01  1.03546E+00
  2.95909E+01  1.05595E+00
  2.98375E+01  1.13671E+00
  3.00841E+01  1.20918E+00
  3.03307E+01  1.19479E+00
  3.05773E+01  1.19857E+00
  3.08239E+01  1.30478E+00
  3.10705E+01  1.36460E+00
  3.13170E+01  1.29799E+00
  3.15636E+01  1.27833E+00
  3.18102E+01  1.38516E+00
  3.20568E+01  1.43736E+00
  3.23034E+01  1.42627E+00
  3.25500E+01  1.44733E+00
  3.27966E+01  1.46538E+00
  3.30432E+01  1.53947E+00
  3.32898E+01  1.67432E+00
  3.35364E+01  1.74164E+00
  3.37830E+01  1.70889E+00
  3.40295E+01  1.66426E+00
  3.42761E+01  1.77231E+00
  3.45227E+01  1.99875E+00
  3.47693E+01  2.02359E+00
  3.50159E+01  1.84199E+00
  3.52625E+01  1.72706E+00
  3.55091E+01  1.70655E+00
  3.57557E+01  1.79343E+00
  3.60023E+01  2.03561E+00
  3.62489E+01  2.18357E+00
  3.64955E+01  2.07634E+00
  3.67420E+01  1.86164E+00
  3.69886E+01  1.69068E+00
  3.72352E+01  1.70957E+00
  3.74818E+01  1.83873E+00
  3.77284E+01  1.93008E+00
  3.79750E+01  1.98503E+00
  3.82216E+01  1.88895E+00
  3.84682E+01  1.68064E+00
  3.87148E+01  1.60528E+00
  3.89614E+01  1.69538E+00
  3.92080E+01  1.76411E+00
  3.94545E+01  1.75640E+00
  3.97011E+01  1.78354E+00
  3.99477E+01  1.78855E+00
  4.01943E+01  1.72778E+00
  4.04409E+01  1.62149E+00
  4.06875E+01  1.45735E+00
  4.09341E+01  1.33394E+00
  4.11807E+01  1.32208E+00
  4.14273E+01  1.31736E+00
  4.16739E+01  1.24214E+00
  4.19205E+01  1.21025E+00
  4.21670E+01  1.14225E+00
  4.24136E+01  9.78692E-01
  4.26602E+01  9.29863E-01
  4.29068E+01  9.92552E-01
  4.31534E+01  1.07363E+00
  4.34000E+01  1.14220E+00
  4.36466E+01  1.14809E+00
  4.38932E+01  1.10791E+00
  4.41398E+01  1.10604E+00
  4.43864E+01  1.13874E+00
  4.46329E+01  1.06506E+00
  4.48795E+01  9.54745E-01
  4.51261E+01  1.00632E+00
  4.53727E+01  1.09333E+00
  4.56193E+01  1.06022E+00
  4.58659E+01  9.61255E-01
  4.61125E+01  8.66770E-01
  4.63591E+01  8.54643E-01
  4.66057E+01  9.29088E-01
  4.68523E+01  9.87378E-01
  4.70989E+01  1.01799E+00
  4.73454E+01  1.07251E+00
  4.75920E+01  1.11382E+00
  4.78386E+01  1.08469E+00
  4.80852E+01  1.04087E+00
  4.83318E+01  1.04060E+00
  4.85784E+01  1.01020E+00
  4.88250E+01  9.72270E-01
  4.90716E+01  1.00118E+00
  4.93182E+01  1.03605E+00
  4.95648E+01  1.02806E+00
  4.98114E+01  1.00964E+00
  5.00579E+01  1.04968E+00
  5.03045E+01  1.10082E+00
  5.05511E+01  1.05583E+00
  5.07977E+01  1.00126E+00
  5.10443E+01  1.00714E+00
  5.12909E+01  9.46532E-01
  5.15375E+01  7.74644E-01
  5.17841E+01  6.25769E-01
  5.20307E+01  6.51499E-01
  5.22773E+01  8.11109E-01
  5.25239E+01  8.52849E-01
  5.27704E+01  7.25254E-01
  5.30170E+01  6.13157E-01
  5.32636E+01  6.37857E-01
  5.35102E+01  7.73846E-01
  5.37568E+01  7.90586E-01
  5.40034E+01  5.65556E-01
  5.42500E+01  3.67291E-01
  5.44966E+01  4.46619E-01
  5.47432E+01  6.79443E-01
  5.49898E+01  8.30092E-01
  5.52364E+01  8.20819E-01
  5.54829E+01  7.02871E-01
  5.57295E+01  5.76565E-01
  5.59761E+01  5.47339E-01
  5.62227E+01  6.22305E-01
  5.64693E+01  7.07718E-01
  5.67159E+01  7.12530E-01
  5.69625E+01  6.53974E-01
  5.72091E+01  6.18654E-01
  5.74557E+01  6.34252E-01
  5.77023E+01  6.30522E-01
  5.79489E+01  5.51763E-01
  5.81954E+01  4.60530E-01
  5.84420E+01  4.24008E-01
  5.86886E+01  4.90789E-01
  5.89352E+01  5.81426E-01
  5.91818E+01  5.46343E-01
  5.94284E+01  4.62304E-01
  5.96750E+01  4.72438E-01
  5.99216E+01  5.29490E-01
  6.01682E+01  5.24178E-01
  6.04148E+01  5.01969E-01
  6.06614E+01  5.80091E-01
  6.09079E+01  7.03119E-01
  6.11545E+01  7.37017E-01
  6.14011E+01  6.73353E-01
  6.16477E+01  6.14817E-01
  6.18943E+01  6.28426E-01
  6.21409E+01  6.50257E-01
  6.23875E+01  6.58904E-01
  6.26341E+01  6.93035E-01
  6.28807E+01  7.15476E-01
  6.31273E+01  6.98121E-01
  6.33739E+01  6.54939E-01
  6.36204E+01  7.01842E-01
  6.38670E+01  8.78979E-01
  6.41136E+01  9.36663E-01
  6.43602E+01  7.70613E-01
  6.46068E+01  6.63478E-01
  6.48534E+01  7.29299E-01
  6.51000E+01  8.24297E-01
  6.53466E+01  9.21238E-01
  6.55932E+01  9.80885E-01
  6.58398E+01  9.93496E-01
  6.60864E+01  1.04443E+00
  6.63329E+01  1.07271E+00
  6.65795E+01  1.03494E+00
  6.68261E+01  9.89177E-01
  6.70727E+01  9.05178E-01
  6.73193E+01  8.09067E-01
  6.75659E+01  7.85596E-01
  6.78125E+01  8.09871E-01
  6.80591E+01  8.18773E-01
  6.83057E+01  7.69930E-01
  6.85523E+01  6.74608E-01
  6.87989E+01  5.96077E-01
  6.90454E+01  5.26890E-01
  6.92920E+01  4.50739E-01
  6.95386E+01  4.29880E-01
  6.97852E+01  4.94403E-01
  7.00318E+01  5.52928E-01
  7.02784E+01  4.86640E-01
  7.05250E+01  3.54705E-01
  7.07716E+01  2.79115E-01
  7.10182E+01  2.24628E-01
  7.12648E+01  1.52101E-01
  7.15114E+01  1.14319E-01
  7.17579E+01  1.33962E-01
  7.20045E+01  1.72654E-01
  7.22511E+01  1.99375E-01
  7.24977E+01  1.89622E-01
  7.27443E+01  1.38422E-01
  7.29909E+01  9.86676E-02
  7.32375E+01  9.79218E-02
  7.34841E+01  7.48899E-02
  7.37307E+01  2.95988E-02
  7.39773E+01  2.45731E-02
  7.42239E+01  4.43633E-02
  7.44704E+01  6.18554E-02
  7.47170E+01  8.16691E-02
  7.49636E+01  7.85897E-02
  7.52102E+01  5.60286E-02
  7.54568E+01  4.09955E-02
  7.57034E+01  1.31763E-02
  7.59500E+01 -1.10304E-02
  7.61966E+01  2.63775E-02
  7.64432E+01  7.07409E-02
  7.66898E+01  5.93896E-02
  7.69364E+01  3.25164E-02
  7.71829E+01  1.80050E-02
  7.74295E+01  2.66752E-03
  7.76761E+01 -1.39464E-02
  7.79227E+01 -1.11667E-02
  7.81693E+01 -9.04988E-03
  7.84159E+01 -2.41907E-02
  7.86625E+01 -1.74232E-02
  7.89091E+01  1.64026E-02
  7.91557E+01  3.67654E-02
  7.94023E+01  1.78646E-02
  7.96489E+01 -2.31232E-02
  7.98954E+01 -4.22237E-02
  8.01420E+01 -3.53634E-02
  8.03886E+01 -4.13661E-02
  8.06352E+01 -6.38636E-02
  8.08818E+01 -6.13519E-02
  8.11284E+01 -2.10828E-02
  8.13750E+01  1.25287E-02
  8.16216E+01 -2.16256E-03
  8.18682E+01 -3.59499E-02
  8.21148E+01 -4.19682E-02
  8.23614E+01 -2.67800E-02
  8.26079E+01 -8.30863E-03
  8.28545E+01  9.37083E-04
  8.31011E+01  2.17214E-03
  8.33477E+01  1.67815E-02
  8.35943E+01  1.70418E-02
  8.38409E+01 -2.49896E-03
  8.40875E+01 -1.02840E-02
  8.43341E+01 -2.32849E-02
  8.45807E+01 -5.73289E-02
  8.48273E+01 -7.51170E-02
  8.50739E+01 -6.13095E-02
  8.53204E+01 -4.80377E-02
  8.55670E+01 -3.63679E-02
  8.58136E+01 -4.13957E-03
  8.60602E+01  1.69877E-02
  8.63068E+01 -1.95503E-02
  8.65534E+01 -5.75708E-02
  8.68000E+01 -2.49617E-02
  8.70466E+01  3.50970E-02
  8.72932E+01  5.04079E-02
  8.75398E+01  1.73556E-02
  8.77864E+01 -4.05915E-02
  8.80329E+01 -9.75739E-02
  8.82795E+01 -1.15796E-01
  8.85261E+01 -8.47268E-02
