@page size 600,600
@view 0.12,0.1,0.97,0.93
@subtitle "PHOENIX module phox, 01/25/18 at 14:55:56 -08:00"
@xaxes scale Normal
@yaxes scale Normal
@xaxis label "energy (meV)"
@yaxis label "data without elastic peak"
@s0 errorbar size 0.0
@type xydy
 -8.06255E+01 -1.88083E+00  0.00000E+00
 -8.03766E+01 -1.88189E+00  0.00000E+00
 -8.01278E+01  4.61707E+00  4.08180E+00
 -7.98789E+01  1.90045E+00  2.00649E+00
 -7.96300E+01  1.09397E+00  1.78705E+00
 -7.93812E+01  9.59973E-01  1.76333E+00
 -7.91323E+01  4.23784E-01  1.78673E+00
 -7.88834E+01  1.57812E-01  1.78082E+00
 -7.86346E+01 -8.33379E-01  4.49371E-01
 -7.83857E+01 -1.50744E+00  8.75360E-01
 -7.81368E+01 -9.84666E-01  9.65707E-01
 -7.78880E+01  3.40353E-01  1.50276E+00
 -7.76391E+01 -7.71231E-01  9.84966E-01
 -7.73902E+01 -7.63551E-01  8.85580E-01
 -7.71414E+01 -6.55876E-01  1.72236E+00
 -7.68925E+01  2.54944E-01  1.36460E+00
 -7.66436E+01 -5.65076E-01  8.26685E-01
 -7.63948E+01 -3.86268E-01  1.55336E+00
 -7.61459E+01  4.30221E-01  1.63371E+00
 -7.58970E+01  1.98976E+00  1.93511E+00
 -7.56481E+01  2.98154E-02  1.20688E+00
 -7.53993E+01  6.07904E-01  1.52135E+00
 -7.51504E+01 -6.45586E-01  9.05211E-01
 -7.49015E+01  3.72858E-01  1.52161E+00
 -7.46527E+01 -1.07897E+00  9.03436E-01
 -7.44038E+01 -1.43919E-01  1.76162E+00
 -7.41549E+01  5.14625E-01  1.50472E+00
 -7.39061E+01  8.91766E-01  1.95779E+00
 -7.36572E+01  2.42590E+00  1.96923E+00
 -7.34083E+01  4.89485E-02  9.57167E-01
 -7.31595E+01 -4.38713E-01  1.52645E+00
 -7.29106E+01  1.80740E-01  9.64279E-01
 -7.26617E+01 -2.36241E-01  1.46831E+00
 -7.24129E+01 -9.12192E-01  3.47326E-01
 -7.21640E+01 -2.55227E-01  1.62143E+00
 -7.19151E+01 -5.86061E-01  1.55635E+00
 -7.16662E+01  7.53051E-01  1.94673E+00
 -7.14174E+01  1.40478E+00  1.89505E+00
 -7.11685E+01  1.37866E+00  2.00926E+00
 -7.09196E+01 -1.04719E+00  3.62081E-01
 -7.06708E+01  5.90221E-01  2.18856E+00
 -7.04219E+01 -8.92743E-01  3.30119E-01
 -7.01730E+01 -8.95245E-01  1.25828E+00
 -6.99242E+01  1.31586E+00  1.82340E+00
 -6.96753E+01 -4.35656E-01  1.28977E+00
 -6.94264E+01  6.45977E-03  1.35419E+00
 -6.91776E+01 -1.88980E+00  2.15374E-01
 -6.89287E+01 -1.03501E+00  1.32579E+00
 -6.86798E+01  1.42311E+00  1.85465E+00
 -6.84310E+01 -1.28496E+00  2.95322E-01
 -6.81821E+01 -2.78576E-02  1.96736E+00
 -6.79332E+01  3.71230E-01  1.31103E+00
 -6.76843E+01 -2.23052E-01  1.34119E+00
 -6.74355E+01  3.42647E-01  1.23008E+00
 -6.71866E+01  2.56207E+00  2.78935E+00
 -6.69377E+01  2.05663E+00  1.70763E+00
 -6.66889E+01  9.72113E-01  1.88729E+00
 -6.64400E+01 -6.02853E-01  6.70226E-01
 -6.61911E+01  4.51736E-01  1.90663E+00
 -6.59423E+01  1.99497E+00  1.86202E+00
 -6.56934E+01 -6.86135E-01  9.88047E-01
 -6.54445E+01  5.89634E-01  1.86888E+00
 -6.51957E+01 -2.35401E-02  1.23001E+00
 -6.49468E+01 -4.34675E-01  1.11622E+00
 -6.46979E+01  2.93569E+00  2.70858E+00
 -6.44491E+01  1.52295E+00  8.67536E-01
 -6.42002E+01 -4.01542E-01  1.76171E+00
 -6.39513E+01  1.02000E+00  2.00213E+00
 -6.37024E+01  4.84587E-01  1.25543E+00
 -6.34536E+01  3.97985E-01  1.97301E+00
 -6.32047E+01  1.47314E+00  1.69214E+00
 -6.29558E+01 -1.59738E+00  9.03582E-02
 -6.27070E+01 -1.56427E+00  9.05395E-01
 -6.24581E+01 -5.09139E-01  1.22522E+00
 -6.22092E+01 -8.38946E-02  1.29868E+00
 -6.19604E+01  3.50024E-01  1.53905E+00
 -6.17115E+01  5.18897E-01  1.39922E+00
 -6.14626E+01 -1.51667E+00  9.32743E-01
 -6.12138E+01 -1.08067E+00  9.11705E-01
 -6.09649E+01 -7.17508E-01  1.27669E+00
 -6.07160E+01  1.29380E+00  1.86951E+00
 -6.04672E+01  1.36313E+00  1.93470E+00
 -6.02183E+01  1.21650E+00  2.04002E+00
 -5.99694E+01  2.11363E+00  1.96572E+00
 -5.97205E+01  2.96714E+00  2.40379E+00
 -5.94717E+01  4.67473E+00  2.91171E+00
 -5.92228E+01  2.66014E+00  2.12665E+00
 -5.89739E+01  1.44707E+00  2.02204E+00
 -5.87251E+01  2.75019E+00  2.58999E+00
 -5.84762E+01  4.18358E+00  2.40047E+00
 -5.82273E+01 -4.95838E-01  1.79553E+00
 -5.79785E+01  2.59535E+00  2.36566E+00
 -5.77296E+01  2.57709E+00  1.70794E+00
 -5.74807E+01 -5.31636E-02  8.79152E-01
 -5.72319E+01  6.54234E-02  1.71767E+00
 -5.69830E+01  8.81783E-01  1.31663E+00
 -5.67341E+01  2.31008E+00  2.66824E+00
 -5.64853E+01  4.12445E+00  2.66019E+00
 -5.62364E+01  1.32519E+00  6.80085E-01
 -5.59875E+01 -1.26505E+00  8.10393E-01
 -5.57387E+01 -1.02158E+00  1.33227E+00
 -5.54898E+01  1.29686E+00  1.80172E+00
 -5.52409E+01  2.89887E+00  2.52664E+00
 -5.49920E+01  1.29869E+00  2.18898E+00
 -5.47432E+01  1.77615E+00  2.10268E+00
 -5.44943E+01  2.27986E-01  8.81951E-01
 -5.42454E+01  3.00676E-02  1.50757E+00
 -5.39966E+01  2.55095E+00  2.18803E+00
 -5.37477E+01 -1.41252E-01  1.29757E+00
 -5.34988E+01  1.30669E+00  1.99481E+00
 -5.32500E+01  3.69674E+00  2.49121E+00
 -5.30011E+01  1.54886E+00  1.94664E+00
 -5.27522E+01  6.23575E-01  9.15861E-01
 -5.25034E+01 -1.01380E+00  9.69989E-01
 -5.22545E+01 -3.26812E-01  1.51719E+00
 -5.20056E+01  1.20346E+00  1.99807E+00
 -5.17568E+01  2.77910E+00  2.28738E+00
 -5.15079E+01  2.28362E+00  1.86852E+00
 -5.12590E+01  2.11458E+00  2.05405E+00
 -5.10101E+01  3.50414E+00  2.62526E+00
 -5.07613E+01  2.11889E+00  2.35017E+00
 -5.05124E+01  5.28822E+00  2.79602E+00
 -5.02635E+01  4.49293E+00  2.53268E+00
 -5.00147E+01  1.38041E+00  1.66982E+00
 -4.97658E+01  2.55132E+00  2.46529E+00
 -4.95169E+01  4.22888E+00  2.70469E+00
 -4.92681E+01  2.64522E+00  2.41624E+00
 -4.90192E+01  3.30432E+00  2.29993E+00
 -4.87703E+01  3.37496E+00  2.29419E+00
 -4.85215E+01  3.50201E+00  2.58234E+00
 -4.82726E+01  4.56002E+00  2.18768E+00
 -4.80237E+01  1.59588E+00  1.78970E+00
 -4.77749E+01 -7.11144E-01  1.53631E+00
 -4.75260E+01  9.87018E-02  1.52605E+00
 -4.72771E+01  6.85035E-01  1.38879E+00
 -4.70282E+01  6.70436E-01  1.88607E+00
 -4.67794E+01  5.55519E+00  3.31392E+00
 -4.65305E+01  4.25202E+00  2.07619E+00
 -4.62816E+01  4.18997E+00  3.01145E+00
 -4.60328E+01  5.59470E+00  2.20576E+00
 -4.57839E+01  4.81625E+00  2.93161E+00
 -4.55350E+01  6.40075E+00  2.53555E+00
 -4.52862E+01  5.49779E+00  2.68027E+00
 -4.50373E+01  2.22627E+00  2.26162E+00
 -4.47884E+01  4.36281E+00  2.57709E+00
 -4.45396E+01  5.89186E+00  2.47144E+00
 -4.42907E+01  3.97066E+00  2.55798E+00
 -4.40418E+01  5.67418E+00  3.11765E+00
 -4.37930E+01  9.47928E+00  4.06040E+00
 -4.35441E+01  1.16140E+01  3.13219E+00
 -4.32952E+01  9.05484E+00  3.63619E+00
 -4.30463E+01  9.60626E+00  3.80308E+00
 -4.27975E+01  1.18924E+01  3.83770E+00
 -4.25486E+01  7.73584E+00  2.96664E+00
 -4.22997E+01  8.81329E+00  3.80511E+00
 -4.20509E+01  1.27648E+01  3.72702E+00
 -4.18020E+01  7.86078E+00  3.62345E+00
 -4.15531E+01  1.45305E+01  4.03311E+00
 -4.13043E+01  1.13878E+01  3.62453E+00
 -4.10554E+01  6.52721E+00  2.94467E+00
 -4.08065E+01  7.89099E+00  3.41481E+00
 -4.05577E+01  9.37671E+00  3.44438E+00
 -4.03088E+01  9.74084E+00  3.73236E+00
 -4.00599E+01  1.07656E+01  3.18370E+00
 -3.98111E+01  1.24762E+01  4.75468E+00
 -3.95622E+01  1.95548E+01  4.90411E+00
 -3.93133E+01  2.11221E+01  4.83202E+00
 -3.90644E+01  2.21593E+01  5.03754E+00
 -3.88156E+01  2.01903E+01  5.41108E+00
 -3.85667E+01  2.61653E+01  5.70000E+00
 -3.83178E+01  3.01717E+01  6.08149E+00
 -3.80690E+01  4.01168E+01  7.46899E+00
 -3.78201E+01  3.61319E+01  5.82248E+00
 -3.75712E+01  3.79406E+01  7.02473E+00
 -3.73224E+01  3.99384E+01  6.18800E+00
 -3.70735E+01  3.27393E+01  6.21698E+00
 -3.68246E+01  3.78498E+01  6.63053E+00
 -3.65758E+01  4.16559E+01  6.65337E+00
 -3.63269E+01  3.62925E+01  6.23702E+00
 -3.60780E+01  3.53656E+01  6.89573E+00
 -3.58292E+01  4.08601E+01  6.36452E+00
 -3.55803E+01  3.68999E+01  6.36154E+00
 -3.53314E+01  3.61297E+01  6.39707E+00
 -3.50826E+01  4.03863E+01  6.67117E+00
 -3.48337E+01  3.63353E+01  6.55271E+00
 -3.45848E+01  4.03097E+01  6.02003E+00
 -3.43359E+01  3.42490E+01  5.79534E+00
 -3.40871E+01  2.73937E+01  6.35867E+00
 -3.38382E+01  3.54724E+01  7.01319E+00
 -3.35893E+01  4.59331E+01  7.03731E+00
 -3.33405E+01  3.88420E+01  6.11437E+00
 -3.30916E+01  4.34725E+01  8.25930E+00
 -3.28427E+01  5.00931E+01  7.19155E+00
 -3.25939E+01  4.23371E+01  6.52763E+00
 -3.23450E+01  4.16022E+01  7.32099E+00
 -3.20961E+01  4.49440E+01  6.12676E+00
 -3.18473E+01  4.04727E+01  7.34846E+00
 -3.15984E+01  4.57701E+01  6.87653E+00
 -3.13495E+01  5.37899E+01  8.36331E+00
 -3.11007E+01  6.61265E+01  8.27230E+00
 -3.08518E+01  4.97678E+01  6.46327E+00
 -3.06029E+01  3.96470E+01  7.61272E+00
 -3.03540E+01  5.27005E+01  7.44718E+00
 -3.01052E+01  6.13556E+01  9.19005E+00
 -2.98563E+01  6.04929E+01  7.29040E+00
 -2.96074E+01  6.16747E+01  8.47042E+00
 -2.93586E+01  5.49127E+01  8.13454E+00
 -2.91097E+01  6.45170E+01  8.92296E+00
 -2.88608E+01  6.70267E+01  8.48754E+00
 -2.86120E+01  6.44714E+01  8.36665E+00
 -2.83631E+01  6.40390E+01  8.59971E+00
 -2.81142E+01  7.09832E+01  9.55902E+00
 -2.78654E+01  8.42893E+01  9.56310E+00
 -2.76165E+01  8.12887E+01  9.94807E+00
 -2.73676E+01  7.46565E+01  8.48363E+00
 -2.71188E+01  6.51627E+01  9.22566E+00
 -2.68699E+01  8.78921E+01  9.84246E+00
 -2.66210E+01  8.46496E+01  8.88652E+00
 -2.63721E+01  8.31469E+01  9.82683E+00
 -2.61233E+01  8.07698E+01  9.42762E+00
 -2.58744E+01  8.24362E+01  8.97192E+00
 -2.56255E+01  6.98107E+01  8.40082E+00
 -2.53767E+01  6.22266E+01  9.14580E+00
 -2.51278E+01  9.12237E+01  1.05938E+01
 -2.48789E+01  9.92717E+01  1.00074E+01
 -2.46301E+01  9.21167E+01  1.05388E+01
 -2.43812E+01  9.99939E+01  1.01519E+01
 -2.41323E+01  9.78198E+01  1.04489E+01
 -2.38835E+01  1.02790E+02  1.04620E+01
 -2.36346E+01  1.05067E+02  1.09013E+01
 -2.33857E+01  1.15733E+02  1.14207E+01
 -2.31369E+01  1.08737E+02  1.11416E+01
 -2.28880E+01  1.04126E+02  9.83062E+00
 -2.26391E+01  8.95995E+01  1.01903E+01
 -2.23902E+01  1.15276E+02  1.13897E+01
 -2.21414E+01  1.27529E+02  1.14052E+01
 -2.18925E+01  1.17478E+02  1.21063E+01
 -2.16436E+01  1.37071E+02  1.18341E+01
 -2.13948E+01  1.20602E+02  1.15105E+01
 -2.11459E+01  1.32620E+02  1.25006E+01
 -2.08970E+01  1.31761E+02  1.16069E+01
 -2.06482E+01  1.32703E+02  1.24663E+01
 -2.03993E+01  1.23477E+02  1.12353E+01
 -2.01504E+01  1.17200E+02  1.11545E+01
 -1.99016E+01  1.25745E+02  1.18831E+01
 -1.96527E+01  1.19317E+02  1.12388E+01
 -1.94038E+01  1.12825E+02  1.11035E+01
 -1.91550E+01  1.21985E+02  1.13451E+01
 -1.89061E+01  1.21715E+02  1.19703E+01
 -1.86572E+01  1.17622E+02  1.07434E+01
 -1.84083E+01  1.11272E+02  1.14136E+01
 -1.81595E+01  1.21085E+02  1.11175E+01
 -1.79106E+01  1.14164E+02  1.08887E+01
 -1.76617E+01  1.28128E+02  1.20711E+01
 -1.74129E+01  1.34243E+02  1.19585E+01
 -1.71640E+01  1.26223E+02  1.15701E+01
 -1.69151E+01  1.24861E+02  1.15937E+01
 -1.66663E+01  1.12630E+02  1.11650E+01
 -1.64174E+01  1.33198E+02  1.20726E+01
 -1.61685E+01  1.22797E+02  1.14877E+01
 -1.59197E+01  1.17509E+02  1.11633E+01
 -1.56708E+01  1.30165E+02  1.18053E+01
 -1.54219E+01  1.23014E+02  1.09785E+01
 -1.51731E+01  1.16294E+02  1.16604E+01
 -1.49242E+01  1.19242E+02  1.07204E+01
 -1.46753E+01  1.13711E+02  1.16746E+01
 -1.44264E+01  1.13766E+02  1.06910E+01
 -1.41776E+01  1.16908E+02  1.16915E+01
 -1.39287E+01  1.30527E+02  1.15291E+01
 -1.36798E+01  1.20149E+02  1.11182E+01
 -1.34310E+01  1.13506E+02  1.11486E+01
 -1.31821E+01  1.16950E+02  1.09764E+01
 -1.29332E+01  1.11413E+02  1.08924E+01
 -1.26844E+01  1.12624E+02  1.15480E+01
 -1.24355E+01  1.27901E+02  1.22142E+01
 -1.21866E+01  1.30529E+02  1.08108E+01
 -1.19378E+01  1.22734E+02  1.25585E+01
 -1.16889E+01  1.47685E+02  1.22932E+01
 -1.14400E+01  1.24091E+02  1.18569E+01
 -1.11912E+01  1.42028E+02  1.24402E+01
 -1.09423E+01  1.30238E+02  1.08684E+01
 -1.06934E+01  1.09208E+02  1.14118E+01
 -1.04446E+01  1.22669E+02  1.12174E+01
 -1.01957E+01  1.19797E+02  1.13860E+01
 -9.94681E+00  1.24428E+02  1.09792E+01
 -9.69795E+00  1.17274E+02  1.20218E+01
 -9.44908E+00  1.32746E+02  1.18869E+01
 -9.20021E+00  1.32020E+02  1.18088E+01
 -8.95134E+00  1.22234E+02  1.10233E+01
 -8.70247E+00  1.23344E+02  1.20963E+01
 -8.45360E+00  1.35984E+02  1.18827E+01
 -8.20473E+00  1.25624E+02  1.21974E+01
 -7.95586E+00  1.53090E+02  1.23994E+01
 -7.70700E+00  1.31564E+02  1.13388E+01
 -7.45813E+00  1.07404E+02  1.10407E+01
 -7.20926E+00  1.22651E+02  1.20911E+01
 -6.96039E+00  1.41189E+02  1.19222E+01
 -6.71152E+00  1.40598E+02  1.19568E+01
 -6.46265E+00  1.29272E+02  1.22654E+01
 -6.21378E+00  1.44775E+02  1.19982E+01
 -5.96491E+00  1.30271E+02  1.23228E+01
 -5.71605E+00  1.51636E+02  1.23873E+01
 -5.46718E+00  1.50379E+02  1.22728E+01
 -5.21831E+00  1.46861E+02  1.32531E+01
 -4.96944E+00  1.60640E+02  1.20005E+01
 -4.72057E+00  1.31211E+02  1.22585E+01
 -4.47170E+00  1.40004E+02  1.21700E+01
 -4.22283E+00  1.40540E+02  1.23727E+01
 -3.97397E+00  1.63917E+02  1.33689E+01
 -3.72510E+00  1.47447E+02  1.23750E+01
 -3.47623E+00  1.56971E+02  1.35142E+01
 -3.22736E+00  1.74612E+02  1.33810E+01
 -2.97849E+00  1.41143E+02  1.46141E+01
 -2.72962E+00  1.37411E+02  1.54047E+01
 -2.48075E+00  1.37097E+02  1.73826E+01
 -2.23188E+00  1.37583E+02  1.91173E+01
 -1.98302E+00  1.37573E+02  2.27488E+01
 -1.73415E+00  1.39394E+02  2.66134E+01
 -1.48528E+00  1.48897E+02  3.42108E+01
 -1.23641E+00  1.65820E+02  4.59859E+01
 -9.87541E-01  1.79023E+02  6.66020E+01
 -7.38673E-01  1.80416E+02  9.77867E+01
 -4.89804E-01  1.71821E+02  1.31858E+02
 -2.40935E-01  1.62652E+02  1.50706E+02
  7.93333E-03  1.59016E+02  1.47845E+02
  2.56802E-01  1.61554E+02  1.22253E+02
  5.05671E-01  1.65617E+02  8.86660E+01
  7.54539E-01  1.68254E+02  6.26786E+01
  1.00341E+00  1.69308E+02  4.60246E+01
  1.25228E+00  1.70223E+02  3.91971E+01
  1.50115E+00  1.71387E+02  3.28014E+01
  1.75001E+00  1.70314E+02  2.89080E+01
  1.99888E+00  1.65971E+02  2.54919E+01
  2.24775E+00  1.59804E+02  2.26998E+01
  2.49662E+00  1.55825E+02  2.10013E+01
  2.74549E+00  1.55097E+02  1.85643E+01
  2.99436E+00  1.57006E+02  1.81936E+01
  3.24323E+00  1.56422E+02  1.69111E+01
  3.49209E+00  1.53938E+02  1.59793E+01
  3.74096E+00  1.59660E+02  1.57569E+01
  3.98983E+00  2.27953E+02  1.48163E+01
  4.23870E+00  1.96252E+02  1.44638E+01
  4.48757E+00  1.87376E+02  1.35997E+01
  4.73644E+00  1.70425E+02  1.31871E+01
  4.98531E+00  1.68666E+02  1.32819E+01
  5.23418E+00  1.67116E+02  1.35384E+01
  5.48304E+00  1.71583E+02  1.35080E+01
  5.73191E+00  1.78717E+02  1.35092E+01
  5.98078E+00  1.82387E+02  1.40643E+01
  6.22965E+00  1.96608E+02  1.41963E+01
  6.47852E+00  1.87238E+02  1.48567E+01
  6.72739E+00  1.99456E+02  1.37233E+01
  6.97626E+00  1.73264E+02  1.29485E+01
  7.22512E+00  1.38795E+02  1.23269E+01
  7.47399E+00  1.67491E+02  1.44520E+01
  7.72286E+00  1.88346E+02  1.27409E+01
  7.97173E+00  1.82488E+02  1.43841E+01
  8.22060E+00  1.86194E+02  1.27948E+01
  8.46947E+00  1.52459E+02  1.37473E+01
  8.71834E+00  1.70481E+02  1.36032E+01
  8.96721E+00  1.83270E+02  1.38293E+01
  9.21607E+00  1.81126E+02  1.35649E+01
  9.46494E+00  1.64824E+02  1.26657E+01
  9.71381E+00  1.63136E+02  1.33742E+01
  9.96268E+00  1.79833E+02  1.40561E+01
  1.02115E+01  1.76895E+02  1.30650E+01
  1.04604E+01  1.70293E+02  1.43169E+01
  1.07093E+01  1.99251E+02  1.40641E+01
  1.09582E+01  1.72119E+02  1.40021E+01
  1.12070E+01  2.03177E+02  1.44232E+01
  1.14559E+01  1.95977E+02  1.38123E+01
  1.17048E+01  1.77009E+02  1.36505E+01
  1.19536E+01  1.88666E+02  1.43827E+01
  1.22025E+01  1.91442E+02  1.38074E+01
  1.24514E+01  1.88396E+02  1.37357E+01
  1.27002E+01  1.78849E+02  1.40578E+01
  1.29491E+01  1.85566E+02  1.35858E+01
  1.31980E+01  1.88905E+02  1.37501E+01
  1.34468E+01  1.80460E+02  1.34911E+01
  1.36957E+01  1.87745E+02  1.48104E+01
  1.39446E+01  2.06632E+02  1.42545E+01
  1.41934E+01  1.79335E+02  1.43302E+01
  1.44423E+01  2.16902E+02  1.45708E+01
  1.46912E+01  1.96924E+02  1.42082E+01
  1.49401E+01  1.99069E+02  1.42552E+01
  1.51889E+01  1.94732E+02  1.44348E+01
  1.54378E+01  2.02764E+02  1.46494E+01
  1.56867E+01  2.12258E+02  1.54679E+01
  1.59355E+01  2.20282E+02  1.51175E+01
  1.61844E+01  2.35906E+02  1.59270E+01
  1.64333E+01  2.63461E+02  1.60854E+01
  1.66821E+01  2.29493E+02  1.49223E+01
  1.69310E+01  2.05252E+02  1.49456E+01
  1.71799E+01  2.34066E+02  1.61814E+01
  1.74287E+01  2.27083E+02  1.49022E+01
  1.76776E+01  2.50776E+02  1.65556E+01
  1.79265E+01  2.65089E+02  1.63265E+01
  1.81753E+01  2.40550E+02  1.55912E+01
  1.84242E+01  2.34443E+02  1.61855E+01
  1.86731E+01  2.50586E+02  1.58418E+01
  1.89220E+01  2.44501E+02  1.56177E+01
  1.91708E+01  2.42741E+02  1.68585E+01
  1.94197E+01  2.77192E+02  1.62255E+01
  1.96686E+01  2.37793E+02  1.57700E+01
  1.99174E+01  2.72857E+02  1.69750E+01
  2.01663E+01  2.61232E+02  1.58767E+01
  2.04152E+01  2.67755E+02  1.71751E+01
  2.06640E+01  2.77162E+02  1.60649E+01
  2.09129E+01  2.64648E+02  1.75351E+01
  2.11618E+01  2.87606E+02  1.71165E+01
  2.14106E+01  2.93435E+02  1.72323E+01
  2.16595E+01  2.62285E+02  1.50421E+01
  2.19084E+01  2.47818E+02  1.70928E+01
  2.21572E+01  2.94897E+02  1.73004E+01
  2.24061E+01  2.84879E+02  1.73208E+01
  2.26550E+01  2.72401E+02  1.62490E+01
  2.29039E+01  2.65672E+02  1.62328E+01
  2.31527E+01  2.44471E+02  1.58608E+01
  2.34016E+01  2.62550E+02  1.66288E+01
  2.36505E+01  2.60083E+02  1.61763E+01
  2.38993E+01  2.49349E+02  1.58740E+01
  2.41482E+01  2.41182E+02  1.56349E+01
  2.43971E+01  2.54245E+02  1.64790E+01
  2.46459E+01  2.54509E+02  1.69509E+01
  2.48948E+01  2.88132E+02  1.62571E+01
  2.51437E+01  2.55321E+02  1.64844E+01
  2.53925E+01  2.42740E+02  1.56610E+01
  2.56414E+01  2.17960E+02  1.50972E+01
  2.58903E+01  2.41068E+02  1.61396E+01
  2.61391E+01  2.60321E+02  1.57298E+01
  2.63880E+01  2.28443E+02  1.55043E+01
  2.66369E+01  2.25856E+02  1.48383E+01
  2.68858E+01  2.05824E+02  1.45043E+01
  2.71346E+01  2.05633E+02  1.48859E+01
  2.73835E+01  2.26512E+02  1.45965E+01
  2.76324E+01  2.09844E+02  1.48549E+01
  2.78812E+01  2.26577E+02  1.53108E+01
  2.81301E+01  2.26888E+02  1.54082E+01
  2.83790E+01  2.30428E+02  1.51675E+01
  2.86278E+01  2.24866E+02  1.55024E+01
  2.88767E+01  2.24488E+02  1.54201E+01
  2.91256E+01  2.29242E+02  1.50874E+01
  2.93744E+01  2.11404E+02  1.51129E+01
  2.96233E+01  2.02619E+02  1.41118E+01
  2.98722E+01  1.78034E+02  1.30260E+01
  3.01210E+01  1.67991E+02  1.33835E+01
  3.03699E+01  1.88927E+02  1.45911E+01
  3.06188E+01  2.43403E+02  1.54012E+01
  3.08676E+01  1.91979E+02  1.39392E+01
  3.11165E+01  1.57818E+02  1.21207E+01
  3.13654E+01  1.49211E+02  1.27115E+01
  3.16143E+01  1.73738E+02  1.33475E+01
  3.18631E+01  1.67397E+02  1.29671E+01
  3.21120E+01  1.66876E+02  1.34569E+01
  3.23609E+01  1.64308E+02  1.25671E+01
  3.26097E+01  1.52192E+02  1.23432E+01
  3.28586E+01  1.40581E+02  1.19545E+01
  3.31075E+01  1.60792E+02  1.34036E+01
  3.33563E+01  1.61525E+02  1.28805E+01
  3.36052E+01  1.59487E+02  1.20713E+01
  3.38541E+01  1.45218E+02  1.24051E+01
  3.41029E+01  1.58630E+02  1.24238E+01
  3.43518E+01  1.35260E+02  1.21476E+01
  3.46007E+01  1.50193E+02  1.28559E+01
  3.48495E+01  1.61192E+02  1.25288E+01
  3.50984E+01  1.53849E+02  1.23581E+01
  3.53473E+01  1.39592E+02  1.19991E+01
  3.55962E+01  1.74270E+02  1.35993E+01
  3.58450E+01  1.78299E+02  1.27669E+01
  3.60939E+01  1.56640E+02  1.31801E+01
  3.63428E+01  1.57338E+02  1.24049E+01
  3.65916E+01  1.52544E+02  1.29949E+01
  3.68405E+01  1.71721E+02  1.24644E+01
  3.70894E+01  1.66421E+02  1.32756E+01
  3.73382E+01  1.67305E+02  1.27170E+01
  3.75871E+01  1.58729E+02  1.30927E+01
  3.78360E+01  1.56644E+02  1.25571E+01
  3.80848E+01  1.45560E+02  1.21821E+01
  3.83337E+01  1.33163E+02  1.16097E+01
  3.85826E+01  1.22912E+02  1.03207E+01
  3.88314E+01  9.78427E+01  1.02723E+01
  3.90803E+01  1.04177E+02  1.01245E+01
  3.93292E+01  8.01137E+01  8.90930E+00
  3.95781E+01  6.91001E+01  8.80913E+00
  3.98269E+01  7.26338E+01  8.61730E+00
  4.00758E+01  6.34475E+01  7.85827E+00
  4.03247E+01  4.64313E+01  6.05860E+00
  4.05735E+01  4.34739E+01  7.62173E+00
  4.08224E+01  4.86652E+01  6.64674E+00
  4.10713E+01  4.42327E+01  6.66020E+00
  4.13201E+01  4.08746E+01  6.67277E+00
  4.15690E+01  4.51945E+01  6.82371E+00
  4.18179E+01  4.16995E+01  6.58690E+00
  4.20667E+01  4.90251E+01  7.18966E+00
  4.23156E+01  4.25551E+01  6.82028E+00
  4.25645E+01  3.51948E+01  6.05484E+00
  4.28133E+01  3.85620E+01  6.43272E+00
  4.30622E+01  3.25550E+01  5.35610E+00
  4.33111E+01  3.38502E+01  6.02729E+00
  4.35600E+01  3.40016E+01  6.19904E+00
  4.38088E+01  2.85301E+01  5.66970E+00
  4.40577E+01  3.41873E+01  6.10629E+00
  4.43066E+01  2.75414E+01  4.73986E+00
  4.45554E+01  1.74895E+01  4.68157E+00
  4.48043E+01  2.82005E+01  5.93831E+00
  4.50532E+01  2.57116E+01  4.41204E+00
  4.53020E+01  2.49491E+01  5.97093E+00
  4.55509E+01  2.96939E+01  5.30398E+00
  4.57998E+01  1.72086E+01  3.96823E+00
  4.60486E+01  2.07946E+01  5.60104E+00
  4.62975E+01  2.56987E+01  5.36257E+00
  4.65464E+01  2.04157E+01  4.59885E+00
  4.67952E+01  1.66769E+01  3.77244E+00
  4.70441E+01  1.17716E+01  3.65210E+00
  4.72930E+01  1.64476E+01  4.16365E+00
  4.75419E+01  1.35576E+01  4.41136E+00
  4.77907E+01  1.61450E+01  3.93852E+00
  4.80396E+01  1.63955E+01  5.37125E+00
  4.82885E+01  2.31897E+01  4.18241E+00
  4.85373E+01  1.38165E+01  3.79893E+00
  4.87862E+01  1.11095E+01  3.47281E+00
  4.90351E+01  1.27430E+01  4.82773E+00
  4.92839E+01  1.37243E+01  2.29360E+00
  4.95328E+01  6.35538E+00  3.97705E+00
  4.97817E+01  1.57281E+01  3.70652E+00
  5.00305E+01  1.66645E+01  4.36156E+00
  5.02794E+01  1.22753E+01  3.51481E+00
  5.05283E+01  1.36419E+01  4.04012E+00
  5.07771E+01  1.55008E+01  3.72650E+00
  5.10260E+01  1.02876E+01  3.36061E+00
  5.12749E+01  1.01586E+01  3.94818E+00
  5.15237E+01  1.31016E+01  3.60181E+00
  5.17726E+01  1.08963E+01  4.30376E+00
  5.20215E+01  1.62189E+01  3.47542E+00
  5.22704E+01  1.35894E+01  3.50368E+00
  5.25192E+01  1.37873E+01  4.24384E+00
  5.27681E+01  9.17891E+00  3.03967E+00
  5.30170E+01  1.09897E+01  3.85776E+00
  5.32658E+01  1.24820E+01  3.79401E+00
  5.35147E+01  1.18391E+01  2.38191E+00
  5.37636E+01  6.60918E+00  3.17115E+00
  5.40124E+01  5.28075E+00  2.46607E+00
  5.42613E+01  5.27509E+00  2.78809E+00
  5.45102E+01  1.24396E+01  3.80144E+00
  5.47590E+01  1.13856E+01  3.71718E+00
  5.50079E+01  1.12874E+01  3.61455E+00
  5.52568E+01  1.28200E+01  3.76404E+00
  5.55056E+01  1.14589E+01  4.05341E+00
  5.57545E+01  1.12111E+01  3.87839E+00
  5.60034E+01  1.25187E+01  2.96371E+00
  5.62523E+01  7.69917E+00  3.40253E+00
  5.65011E+01  1.44530E+01  4.17158E+00
  5.67500E+01  1.62751E+01  4.09120E+00
  5.69989E+01  7.49266E+00  2.92677E+00
  5.72477E+01  8.94296E+00  3.07878E+00
  5.74966E+01  8.33606E+00  3.17915E+00
  5.77455E+01  6.52026E+00  2.65371E+00
  5.79943E+01  1.01281E+01  3.70442E+00
  5.82432E+01  1.64436E+01  4.12707E+00
  5.84921E+01  1.11293E+01  4.38620E+00
  5.87409E+01  1.36609E+01  3.66126E+00
  5.89898E+01  1.15876E+01  3.78662E+00
  5.92387E+01  1.18280E+01  3.91032E+00
  5.94875E+01  1.38368E+01  3.44161E+00
  5.97364E+01  9.44666E+00  3.50166E+00
  5.99853E+01  6.26065E+00  3.13518E+00
  6.02342E+01  1.37147E+01  4.35161E+00
  6.04830E+01  1.62936E+01  2.99722E+00
  6.07319E+01  5.10489E+00  3.29019E+00
  6.09808E+01  8.74648E+00  2.93886E+00
  6.12296E+01  8.98496E+00  3.97393E+00
  6.14785E+01  1.40102E+01  4.10069E+00
  6.17274E+01  1.47368E+01  3.35643E+00
  6.19762E+01  7.91040E+00  3.15247E+00
  6.22251E+01  6.90042E+00  2.13334E+00
  6.24740E+01  1.71300E+00  2.46486E+00
  6.27228E+01  7.57142E+00  3.30609E+00
  6.29717E+01  6.18959E+00  3.10837E+00
  6.32206E+01  7.53287E+00  2.60725E+00
  6.34694E+01  4.05482E+00  2.54008E+00
  6.37183E+01  7.15892E+00  3.26958E+00
  6.39672E+01  7.51287E+00  3.50718E+00
  6.42161E+01  9.10370E+00  2.86780E+00
  6.44649E+01  7.52641E+00  2.99741E+00
  6.47138E+01  6.28616E+00  2.48468E+00
  6.49627E+01  4.45047E+00  2.42868E+00
  6.52115E+01  2.49209E+00  2.53515E+00
  6.54604E+01  6.50444E+00  2.79187E+00
  6.57093E+01  6.01472E+00  2.69363E+00
  6.59581E+01  4.90145E+00  2.38186E+00
  6.62070E+01  3.24441E+00  3.34301E+00
  6.64559E+01  5.70508E+00  2.62269E+00
  6.67047E+01  6.45718E+00  2.89004E+00
  6.69536E+01  8.09769E+00  2.70454E+00
  6.72025E+01  1.59173E+00  1.94052E+00
  6.74513E+01  1.22894E+00  2.33189E+00
  6.77002E+01  3.64017E+00  2.09042E+00
  6.79491E+01  4.65675E+00  3.09142E+00
  6.81980E+01  5.68932E+00  1.80950E+00
  6.84468E+01  2.43685E+00  1.94263E+00
  6.86957E+01  2.71358E+00  2.84307E+00
  6.89446E+01  4.52530E+00  1.93317E+00
  6.91934E+01  4.30088E+00  2.47360E+00
  6.94423E+01  1.91341E+00  1.76567E+00
  6.96912E+01  8.98203E-01  9.63055E-01
  6.99400E+01  7.72850E-01  2.38753E+00
  7.01889E+01  6.09127E+00  2.39055E+00
  7.04378E+01  6.56983E-01  2.16434E+00
  7.06866E+01  3.95532E+00  2.88527E+00
  7.09355E+01  7.44452E+00  2.52858E+00
  7.11844E+01 -3.31919E-01  4.80155E-01
  7.14332E+01 -7.25219E-01  1.66748E+00
  7.16821E+01 -2.57160E-01  2.27178E+00
  7.19310E+01  3.49896E+00  2.00710E+00
  7.21798E+01  3.59279E+00  2.94672E+00
  7.24287E+01  5.84746E+00  2.48169E+00
  7.26776E+01  6.39938E+00  2.81805E+00
  7.29265E+01  4.48671E+00  2.35823E+00
  7.31753E+01  3.40488E+00  2.68154E+00
  7.34242E+01  2.90219E+00  1.63574E+00
  7.36731E+01 -9.61267E-01  1.33487E+00
  7.39219E+01  1.97474E+00  2.31559E+00
  7.41708E+01  3.24409E+00  2.89787E+00
  7.44197E+01  3.44842E+00  1.28613E+00
  7.46685E+01  1.54480E+00  2.38849E+00
  7.49174E+01  3.20271E+00  1.65546E+00
  7.51663E+01  3.31356E-01  2.33811E+00
  7.54151E+01  3.91218E+00  1.90153E+00
  7.56640E+01  7.27273E-01  2.27143E+00
  7.59129E+01  1.61482E+00  1.71179E+00
  7.61617E+01  1.62576E+00  2.13356E+00
  7.64106E+01  1.22752E+00  1.48759E+00
  7.66595E+01  2.18463E+00  2.24292E+00
  7.69084E+01  4.00799E+00  2.34514E+00
  7.71572E+01  6.10818E-01  1.39855E+00
  7.74061E+01 -2.75231E-01  1.63232E+00
  7.76550E+01  1.06134E+00  1.87953E+00
  7.79038E+01  1.43932E+00  1.66655E+00
  7.81527E+01  1.30729E+00  2.29327E+00
  7.84016E+01  4.48125E+00  2.63834E+00
  7.86504E+01  6.69449E+00  2.03525E+00
  7.88993E+01  5.83866E-01  2.25959E+00
  7.91482E+01  4.46111E-01  1.28855E+00
  7.93970E+01 -5.54801E-01  9.75570E-01
  7.96459E+01 -6.16491E-01  1.33036E+00
  7.98948E+01 -1.22722E-02  1.09359E+00
  8.01436E+01  1.29950E+00  2.09751E+00
  8.03925E+01  3.79015E+00  2.67570E+00
  8.06414E+01 -8.36653E-01  1.28314E+00
  8.08903E+01  2.74991E-01  1.58312E+00
  8.11391E+01  3.98337E-01  1.38749E+00
  8.13880E+01  2.53516E+00  2.09565E+00
  8.16369E+01  7.44609E-02  1.24068E+00
  8.18857E+01 -6.62971E-01  1.29208E+00
  8.21346E+01  2.41922E+00  2.10522E+00
  8.23835E+01  5.62917E-01  1.85739E+00
  8.26323E+01  5.70380E-01  1.62954E+00
  8.28812E+01 -5.50515E-02  1.09140E+00
  8.31301E+01 -4.62891E-01  2.31876E+00
  8.33789E+01  2.36059E+00  2.05321E+00
  8.36278E+01  1.83755E+00  1.38144E+00
  8.38767E+01  1.61905E-01  1.86804E+00
  8.41255E+01  9.05752E-01  1.13912E+00
  8.43744E+01  1.42466E+00  2.78169E+00
  8.46233E+01  4.11688E+00  2.30449E+00
  8.48722E+01  2.34600E+00  2.05849E+00
  8.51210E+01  3.56820E+00  1.80547E+00
  8.53699E+01  1.98280E+00  2.34545E+00
  8.56188E+01 -2.57746E-01  8.74141E-01
  8.58676E+01 -1.96216E+00  9.63594E-01
  8.61165E+01 -7.33625E-01  1.32456E+00
  8.63654E+01  2.68615E+00  2.36745E+00
  8.66142E+01  4.13203E+00  2.09403E+00
  8.68631E+01 -5.80833E-01  1.02378E+00
  8.71120E+01 -1.80343E-01  1.61675E+00
  8.73608E+01  2.45737E-01  2.05352E+00
  8.76097E+01  2.02390E+00  1.34720E+00
  8.78586E+01  1.05622E+00  2.90110E+00
  8.81074E+01  7.23259E+00  2.23842E+00
  8.83563E+01 -9.19595E-01  1.64359E+00
  8.86052E+01  1.86491E+00  1.63292E+00
  8.88541E+01 -1.01739E+00  1.59559E+00
  8.91029E+01 -7.11569E-02  1.01210E+00
  8.93518E+01 -5.95533E-02  1.67463E+00
  8.96007E+01  4.10493E+00  2.48948E+00
  8.98495E+01  2.00553E+00  1.05038E+00
  9.00984E+01  8.77339E-02  1.58745E+00
  9.03473E+01 -2.26928E+00  1.47938E-01
  9.05961E+01 -4.77900E-01  1.26107E+00
  9.08450E+01 -2.07822E+00  3.04027E-01
  9.10939E+01 -2.09911E+00  9.28151E-01
  9.13427E+01 -1.44570E+00  2.55077E-01
  9.15916E+01 -7.10430E-01  1.32499E+00
  9.18405E+01 -1.44010E+00  9.61381E-01
  9.20893E+01  5.21069E-01  1.58255E+00
  9.23382E+01 -4.01300E-01  1.08967E+00
  9.25871E+01 -6.18396E-01  1.31773E+00
  9.28359E+01 -5.70823E-01  1.37039E+00
  9.30848E+01 -3.78756E-01  1.33322E+00
  9.33337E+01  9.86259E-01  1.15509E+00
  9.35826E+01 -3.41604E-01  1.70400E+00
  9.38314E+01  2.63125E+00  1.94569E+00
  9.40803E+01 -1.19782E+00  6.46162E-01
  9.43292E+01 -7.87663E-01  1.62696E+00
  9.45780E+01 -1.19674E+00  9.64696E-01
  9.48269E+01  1.66554E-01  1.63014E+00
  9.50758E+01 -9.00858E-02  7.09914E-01
  9.53246E+01 -1.96997E-01  2.98742E+00
  9.55735E+01  5.24740E+00  2.07805E+00
  9.58224E+01  1.07903E+00  1.03326E+00
  9.60712E+01 -2.73269E-01  1.32771E+00
  9.63201E+01 -5.23098E-01  1.35261E+00
  9.65690E+01  1.54677E-01  1.42188E+00
  9.68178E+01  1.74456E+00  2.37882E+00
  9.70667E+01  1.62254E+00  1.17880E+00
  9.73156E+01 -1.28888E+00  1.08483E+00
  9.75645E+01  2.32202E+00  2.49384E+00
  9.78133E+01  2.96863E+00  1.74545E+00
  9.80622E+01 -1.00636E+00  1.02406E+00
  9.83111E+01 -1.30212E+00  1.84874E+00
  9.85599E+01  1.12784E+00  9.25479E-01
  9.88088E+01 -2.16395E+00  0.00000E+00
  9.90577E+01 -1.46103E+00  8.56293E-01
  9.93065E+01 -2.10868E+00  1.53233E+00
  9.95554E+01 -2.35020E+00  0.00000E+00
  9.98043E+01 -2.35082E+00  0.00000E+00
  1.00053E+02 -2.35147E+00  0.00000E+00
  1.00302E+02 -2.35234E+00  0.00000E+00
  1.00551E+02 -1.52821E+00  4.57139E+00
  1.00800E+02  7.10574E+00  4.53952E+00
  1.01049E+02  8.93502E-01  2.57890E+00
  1.01297E+02  6.20700E-01  2.43846E+00
  1.01546E+02 -2.57609E-01  0.00000E+00
  1.01795E+02 -2.35555E+00  0.00000E+00
  1.02044E+02 -2.35706E+00  0.00000E+00
  1.02293E+02 -2.35743E+00  0.00000E+00
  1.02542E+02 -1.96279E+00  1.13646E+00
  1.02791E+02  1.67995E+00  3.68295E+00
  1.03040E+02 -2.36040E+00  0.00000E+00
  1.03288E+02 -2.35990E+00  0.00000E+00
  1.03537E+02 -2.36056E+00  0.00000E+00
  1.03786E+02 -2.35792E+00  1.98349E-01
  1.04035E+02 -1.67762E+00  4.91493E+00
  1.04284E+02  4.67508E+00  4.31132E+00
  1.04533E+02  2.43940E+00  4.67064E-01
  1.04782E+02 -2.32536E+00  0.00000E+00
  1.05031E+02 -2.36446E+00  0.00000E+00
  1.05279E+02 -2.36515E+00  0.00000E+00
  1.05528E+02 -2.32701E+00  6.77777E-01
  1.05777E+02 -1.55695E+00  2.51349E+00
  1.06026E+02  2.57507E-02  4.26183E+00
  1.06275E+02  2.42281E+00  1.29146E+00
  1.06524E+02 -1.15046E+00  4.90080E+00
  1.06773E+02  4.58398E+00  1.03309E+00
  1.07021E+02 -2.10148E+00  0.00000E+00
  1.07270E+02 -2.01446E+00  1.08775E+00
  1.07519E+02  1.74991E+00  3.75417E+00
  1.07768E+02 -1.55246E+00  2.51265E+00
  1.08017E+02 -1.33506E-02  0.00000E+00
  1.08266E+02 -2.37031E+00  2.35998E-01
  1.08515E+02 -1.79755E+00  2.57261E+00
  1.08764E+02  2.00364E+00  3.85702E+00
  1.09012E+02 -2.37481E+00  0.00000E+00
  1.09261E+02 -2.37546E+00  0.00000E+00
