 -7.43500E+01 -4.27174E-01
 -7.41000E+01 -4.27174E-01
 -7.38500E+01 -3.84986E-01
 -7.36000E+01 -4.03740E-01
 -7.33500E+01 -4.41228E-01
 -7.31000E+01 -5.51965E-01
 -7.28400E+01 -4.97408E-01
 -7.25900E+01 -5.05205E-01
 -7.23400E+01 -4.25612E-01
 -7.20800E+01 -5.06765E-01
 -7.18200E+01 -4.49035E-01
 -7.15700E+01 -5.05205E-01
 -7.13100E+01 -5.83115E-01
 -7.10600E+01 -7.19939E-01
 -7.08100E+01 -8.51742E-01
 -7.05500E+01 -7.78906E-01
 -7.03400E+01 -7.40120E-01
 -7.00900E+01 -6.91983E-01
 -6.98400E+01 -8.05263E-01
 -6.95900E+01 -8.48644E-01
 -6.93400E+01 -8.81156E-01
 -6.90900E+01 -8.39352E-01
 -6.88300E+01 -8.56387E-01
 -6.85800E+01 -7.95962E-01
 -6.83200E+01 -8.09913E-01
 -6.80700E+01 -8.13012E-01
 -6.78200E+01 -7.72702E-01
 -6.75700E+01 -7.07516E-01
 -6.73200E+01 -5.61312E-01
 -6.70700E+01 -4.63083E-01
 -6.68300E+01 -3.55277E-01
 -6.65800E+01 -2.92673E-01
 -6.63300E+01 -3.58405E-01
 -6.60700E+01 -4.22488E-01
 -6.58300E+01 -5.28591E-01
 -6.55800E+01 -5.30149E-01
 -6.53400E+01 -4.89609E-01
 -6.51300E+01 -4.55279E-01
 -6.48900E+01 -5.28591E-01
 -6.46500E+01 -5.69100E-01
 -6.44000E+01 -5.30149E-01
 -6.41500E+01 -4.16240E-01
 -6.39000E+01 -5.97125E-01
 -6.36500E+01 -6.15800E-01
 -6.33900E+01 -7.41672E-01
 -6.31300E+01 -7.29254E-01
 -6.28800E+01 -8.96630E-01
 -6.26200E+01 -8.26958E-01
 -6.23600E+01 -7.47879E-01
 -6.21000E+01 -6.56238E-01
 -6.18400E+01 -8.40901E-01
 -6.15800E+01 -8.34705E-01
 -6.13300E+01 -9.33748E-01
 -6.10800E+01 -8.33155E-01
 -6.08400E+01 -8.43998E-01
 -6.06000E+01 -8.78060E-01
 -6.03500E+01 -8.90441E-01
 -6.01100E+01 -8.98177E-01
 -5.99100E+01 -8.26958E-01
 -5.96600E+01 -7.58741E-01
 -5.94100E+01 -7.09069E-01
 -5.91600E+01 -6.40689E-01
 -5.89100E+01 -7.05963E-01
 -5.86600E+01 -6.60902E-01
 -5.84000E+01 -6.60902E-01
 -5.81500E+01 -7.05963E-01
 -5.79000E+01 -5.94012E-01
 -5.76500E+01 -6.43799E-01
 -5.74100E+01 -5.39500E-01
 -5.71600E+01 -6.85768E-01
 -5.69200E+01 -7.21492E-01
 -5.66700E+01 -7.86659E-01
 -5.64200E+01 -6.45354E-01
 -5.61700E+01 -6.60902E-01
 -5.59100E+01 -8.36254E-01
 -5.56600E+01 -9.29109E-01
 -5.54000E+01 -9.50751E-01
 -5.51500E+01 -7.95962E-01
 -5.49300E+01 -9.89372E-01
 -5.46700E+01 -1.02179E+00
 -5.44200E+01 -1.07269E+00
 -5.41700E+01 -9.32202E-01
 -5.39200E+01 -8.26958E-01
 -5.36600E+01 -6.90429E-01
 -5.34100E+01 -7.71151E-01
 -5.31700E+01 -7.92861E-01
 -5.29200E+01 -8.76512E-01
 -5.26700E+01 -8.51742E-01
 -5.24300E+01 -6.88875E-01
 -5.21900E+01 -7.33911E-01
 -5.19500E+01 -7.09069E-01
 -5.17000E+01 -9.36839E-01
 -5.14500E+01 -9.75472E-01
 -5.12000E+01 -1.00944E+00
 -5.09400E+01 -9.69293E-01
 -5.06800E+01 -9.83195E-01
 -5.04400E+01 -9.27563E-01
 -5.01900E+01 -9.33748E-01
 -4.99400E+01 -7.46327E-01
 -4.97300E+01 -7.33911E-01
 -4.94900E+01 -7.02856E-01
 -4.92400E+01 -8.61032E-01
 -4.89900E+01 -9.24471E-01
 -4.87400E+01 -8.34705E-01
 -4.84800E+01 -8.00613E-01
 -4.82300E+01 -8.95082E-01
 -4.79700E+01 -1.12046E+00
 -4.77200E+01 -1.33715E+00
 -4.74700E+01 -1.37547E+00
 -4.72200E+01 -1.33408E+00
 -4.69600E+01 -1.17895E+00
 -4.67200E+01 -1.15279E+00
 -4.64700E+01 -1.16665E+00
 -4.62200E+01 -1.06807E+00
 -4.59800E+01 -1.00172E+00
 -4.57400E+01 -9.98637E-01
 -4.54900E+01 -1.05573E+00
 -4.52400E+01 -1.07578E+00
 -4.49900E+01 -1.05727E+00
 -4.47300E+01 -1.08348E+00
 -4.45200E+01 -9.77017E-01
 -4.42600E+01 -9.09005E-01
 -4.40000E+01 -8.47096E-01
 -4.37500E+01 -8.11463E-01
 -4.35000E+01 -8.81156E-01
 -4.32500E+01 -9.10552E-01
 -4.30000E+01 -9.05912E-01
 -4.27500E+01 -8.34705E-01
 -4.25000E+01 -7.66497E-01
 -4.22500E+01 -9.05912E-01
 -4.20100E+01 -9.49205E-01
 -4.17600E+01 -8.96630E-01
 -4.15100E+01 -8.51742E-01
 -4.12700E+01 -8.03713E-01
 -4.10200E+01 -8.30057E-01
 -4.07700E+01 -6.91983E-01
 -4.05200E+01 -6.23579E-01
 -4.02600E+01 -6.37578E-01
 -4.00100E+01 -6.28246E-01
 -3.97600E+01 -5.41059E-01
 -3.95500E+01 -3.52148E-01
 -3.93000E+01 -3.81859E-01
 -3.90500E+01 -3.56841E-01
 -3.88000E+01 -5.02086E-01
 -3.85500E+01 -5.30149E-01
 -3.83000E+01 -6.93536E-01
 -3.80500E+01 -6.64011E-01
 -3.78000E+01 -6.15800E-01
 -3.75400E+01 -6.53129E-01
 -3.72900E+01 -6.23579E-01
 -3.70400E+01 -6.23579E-01
 -3.67900E+01 -4.42790E-01
 -3.65400E+01 -5.36384E-01
 -3.62800E+01 -6.14244E-01
 -3.60300E+01 -7.33911E-01
 -3.57900E+01 -5.42617E-01
 -3.55400E+01 -4.52157E-01
 -3.52900E+01 -4.19364E-01
 -3.50400E+01 -6.12688E-01
 -3.47800E+01 -7.18386E-01
 -3.45300E+01 -6.76445E-01
 -3.43100E+01 -5.61312E-01
 -3.40600E+01 -5.09883E-01
 -3.38100E+01 -4.38106E-01
 -3.35700E+01 -3.94364E-01
 -3.33200E+01 -2.94239E-01
 -3.30700E+01 -4.17802E-01
 -3.28200E+01 -6.11132E-01
 -3.25700E+01 -7.30806E-01
 -3.23300E+01 -6.14244E-01
 -3.20800E+01 -3.67788E-01
 -3.18300E+01 -3.47456E-01
 -3.15800E+01 -4.88049E-01
 -3.13400E+01 -6.22023E-01
 -3.11000E+01 -6.25135E-01
 -3.08600E+01 -5.90899E-01
 -3.06100E+01 -6.25135E-01
 -3.03700E+01 -6.46909E-01
 -3.01100E+01 -5.61312E-01
 -2.98600E+01 -5.06765E-01
 -2.96000E+01 -3.44327E-01
 -2.93500E+01 -4.14677E-01
 -2.91300E+01 -4.44351E-01
 -2.88800E+01 -5.47291E-01
 -2.86300E+01 -4.92728E-01
 -2.83700E+01 -4.58401E-01
 -2.81200E+01 -3.94364E-01
 -2.78600E+01 -4.56840E-01
 -2.76100E+01 -3.97490E-01
 -2.73600E+01 -4.81809E-01
 -2.71100E+01 -4.98967E-01
 -2.68700E+01 -5.08324E-01
 -2.66200E+01 -4.74007E-01
 -2.63700E+01 -3.61533E-01
 -2.61200E+01 -5.34825E-01
 -2.58600E+01 -4.78688E-01
 -2.56100E+01 -5.27032E-01
 -2.53600E+01 -4.88049E-01
 -2.51100E+01 -6.87322E-01
 -2.48600E+01 -8.19211E-01
 -2.46200E+01 -9.05912E-01
 -2.43700E+01 -8.78060E-01
 -2.41600E+01 -8.20761E-01
 -2.39100E+01 -7.88210E-01
 -2.36500E+01 -6.01795E-01
 -2.33900E+01 -6.09576E-01
 -2.31300E+01 -5.78443E-01
 -2.28700E+01 -6.46909E-01
 -2.26000E+01 -6.39134E-01
 -2.23500E+01 -6.60902E-01
 -2.21000E+01 -7.19939E-01
 -2.18500E+01 -6.79553E-01
 -2.16100E+01 -5.69100E-01
 -2.13600E+01 -6.73337E-01
 -2.11200E+01 -6.32912E-01
 -2.08800E+01 -7.38568E-01
 -2.06300E+01 -6.34468E-01
 -2.03900E+01 -6.01795E-01
 -2.01500E+01 -5.61312E-01
 -1.99000E+01 -5.30149E-01
 -1.96500E+01 -5.87785E-01
 -1.94100E+01 -4.91169E-01
 -1.91600E+01 -4.34982E-01
 -1.89400E+01 -4.02178E-01
 -1.86900E+01 -3.92801E-01
 -1.84400E+01 -3.03634E-01
 -1.81900E+01 -1.57808E-01
 -1.79400E+01 -1.90774E-01
 -1.76900E+01 -3.77169E-01
 -1.74500E+01 -5.80000E-01
 -1.71900E+01 -6.71782E-01
 -1.69400E+01 -8.06813E-01
 -1.66900E+01 -8.76512E-01
 -1.64300E+01 -8.99724E-01
 -1.61800E+01 -7.74253E-01
 -1.59300E+01 -7.78906E-01
 -1.56800E+01 -7.94412E-01
 -1.54300E+01 -7.41672E-01
 -1.51800E+01 -6.51574E-01
 -1.49300E+01 -3.45891E-01
 -1.46800E+01 -3.30245E-01
 -1.44300E+01 -3.36504E-01
 -1.41900E+01 -5.39500E-01
 -1.39300E+01 -5.64427E-01
 -1.37200E+01 -3.94364E-01
 -1.34700E+01 -3.47456E-01
 -1.32200E+01 -2.26854E-01
 -1.29600E+01 -3.42762E-01
 -1.27100E+01 -2.89541E-01
 -1.24600E+01 -3.33374E-01
 -1.22100E+01 -2.95805E-01
 -1.19600E+01 -3.50584E-01
 -1.17100E+01 -4.24050E-01
 -1.14700E+01 -4.84929E-01
 -1.12200E+01 -4.89609E-01
 -1.09700E+01 -3.88112E-01
 -1.07300E+01 -2.80143E-01
 -1.04800E+01 -2.11170E-01
 -1.02300E+01 -3.03634E-01
 -9.99000E+00 -3.52148E-01
 -9.74000E+00 -3.36504E-01
 -9.49000E+00 -1.10677E-01
 -9.23000E+00 -5.87804E-02
 -8.98000E+00 -1.01245E-01
 -8.77000E+00 -2.31559E-01
 -8.52000E+00 -2.59775E-01
 -8.27000E+00 -1.90774E-01
 -8.02000E+00 -1.16963E-01
 -7.77000E+00 -9.18115E-02
 -7.53000E+00 -1.78544E-02
 -7.28000E+00 -6.66469E-02
 -7.03000E+00 -1.26392E-01
 -6.78000E+00 -9.65284E-02
 -6.53000E+00  8.61853E-02
 -6.27000E+00  1.77793E-01
 -6.01000E+00  8.93414E-02
 -5.76000E+00 -1.34248E-01
 -5.51000E+00 -1.84497E-01
 -5.25000E+00 -2.64476E-01
 -5.00000E+00 -1.65659E-01
 -4.76000E+00 -4.77651E-02
 -4.51000E+00  9.40759E-02
 -4.26000E+00  2.03094E-01
 -4.01000E+00  1.61987E-01
 -3.76000E+00  2.39486E-01
 -3.55000E+00  9.24977E-02
 -3.30000E+00  1.82536E-01
 -3.05000E+00  1.36707E-01
 -2.80000E+00  2.69569E-01
 -2.55000E+00  1.31968E-01
 -2.29000E+00 -4.93389E-02
 -2.04000E+00 -3.47456E-01
 -1.78000E+00 -4.81809E-01
 -1.52000E+00 -6.09576E-01
 -1.27000E+00 -5.83115E-01
 -1.02000E+00 -6.03351E-01
 -7.60000E-01 -5.27032E-01
 -5.10000E-01 -5.33267E-01
 -2.50000E-01 -4.59962E-01
  0.00000E+00 -4.00615E-01
  2.50000E-01 -4.25612E-01
  5.00000E-01 -4.33421E-01
  7.50000E-01 -4.50596E-01
  9.90000E-01 -2.94239E-01
  1.24000E+00 -3.00503E-01
  1.48000E+00 -1.53097E-01
  1.69000E+00 -2.25286E-01
  1.94000E+00 -1.32677E-01
  2.18000E+00 -2.06464E-01
  2.43000E+00 -7.29392E-02
  2.68000E+00 -2.10470E-03
  2.93000E+00 -2.88762E-02
  3.18000E+00 -1.43673E-01
  3.43000E+00 -2.48804E-01
  3.69000E+00 -1.93912E-01
  3.94000E+00  1.44605E-01
  4.19000E+00  2.60067E-01
  4.45000E+00  2.96500E-01
  4.70000E+00  7.67182E-02
  4.95000E+00  1.06704E-01
  5.21000E+00  1.44605E-01
  5.46000E+00 -5.24862E-02
  5.71000E+00 -2.31559E-01
  5.96000E+00 -2.97371E-01
  6.21000E+00 -1.29535E-01
  6.46000E+00  1.83773E-02
  6.68000E+00  2.62572E-02
  6.93000E+00  9.40759E-02
  7.18000E+00  2.77488E-01
  7.44000E+00  4.45678E-01
  7.69000E+00  5.15658E-01
  7.94000E+00  4.32965E-01
  8.19000E+00  4.39321E-01
  8.44000E+00  5.02927E-01
  8.69000E+00  4.04372E-01
  8.94000E+00  1.68309E-01
  9.19000E+00 -5.09126E-02
  9.43000E+00 -1.23249E-01
  9.68000E+00 -9.81007E-02
  9.93000E+00 -2.06464E-01
  1.01800E+01 -2.31559E-01
  1.04200E+01 -1.49956E-01
  1.06700E+01 -5.29460E-04
  1.09200E+01  1.99532E-02
  1.11600E+01 -2.88762E-02
  1.14000E+01 -1.09105E-01
  1.16500E+01  1.52257E-02
  1.18600E+01  1.68015E-02
  1.21100E+01  1.60406E-01
  1.23700E+01  9.09195E-02
  1.26300E+01  5.46353E-02
  1.28900E+01 -3.51733E-02
  1.31400E+01 -1.16963E-01
  1.34000E+01 -2.33127E-01
  1.36400E+01 -3.41198E-01
  1.38800E+01 -4.20926E-01
  1.41200E+01 -2.67609E-01
  1.43700E+01 -2.29991E-01
  1.46200E+01 -5.72069E-02
  1.48800E+01 -1.23249E-01
  1.51400E+01 -1.07533E-01
  1.54000E+01 -1.38961E-01
  1.56600E+01 -2.06464E-01
  1.59100E+01 -2.50371E-01
  1.61700E+01 -3.14593E-01
  1.64200E+01 -2.45669E-01
  1.66700E+01 -2.73018E-02
  1.69200E+01  7.67182E-02
  1.71300E+01  1.54085E-01
  1.73800E+01  2.62572E-02
  1.76200E+01  1.31968E-01
  1.78700E+01  8.46073E-02
  1.81200E+01  1.27230E-01
  1.83700E+01  1.25651E-01
  1.86200E+01  1.82536E-01
  1.88700E+01  2.39486E-01
  1.91200E+01  1.20913E-01
  1.93700E+01  9.88109E-02
  1.96200E+01 -3.67989E-03
  1.98700E+01  7.34749E-03
  2.01200E+01  4.35975E-02
  2.03700E+01  2.33155E-01
  2.06200E+01  1.71470E-01
  2.08800E+01  6.40982E-02
  2.11400E+01 -2.20581E-01
  2.13900E+01 -3.36504E-01
  2.16500E+01 -3.84986E-01
  2.19000E+01 -3.27115E-01
  2.21100E+01 -2.58207E-01
  2.23600E+01 -1.43673E-01
  2.26000E+01 -1.34248E-01
  2.28400E+01 -1.70369E-01
  2.30800E+01 -1.75079E-01
  2.33200E+01 -6.50737E-02
  2.35600E+01 -2.10037E-02
  2.38000E+01 -5.87804E-02
  2.40500E+01 -1.02817E-01
  2.42900E+01  9.24977E-02
  2.45300E+01  1.68309E-01
  2.47800E+01  1.65148E-01
  2.50300E+01  1.00389E-01
  2.52700E+01  7.19853E-02
  2.55200E+01  1.06704E-01
  2.57800E+01  8.93414E-02
  2.60300E+01  1.79374E-01
  2.62900E+01  1.74631E-01
  2.65400E+01  2.03094E-01
  2.68000E+01  1.41446E-01
  2.70500E+01  3.23446E-01
  2.72700E+01  3.53580E-01
  2.75200E+01  4.59984E-01
  2.77700E+01  2.29990E-01
  2.80300E+01  1.77793E-01
  2.82900E+01  1.41446E-01
  2.85500E+01  2.37903E-01
  2.88100E+01  2.12585E-01
  2.90600E+01  1.76212E-01
  2.93200E+01  2.74320E-01
  2.95700E+01  3.40890E-01
  2.98200E+01  3.99608E-01
  3.00700E+01  3.94844E-01
  3.03300E+01  4.53625E-01
  3.05800E+01  7.16597E-01
  3.08300E+01  6.41550E-01
  3.10800E+01  6.28787E-01
  3.13300E+01  4.34554E-01
  3.15800E+01  6.04865E-01
  3.18200E+01  6.70278E-01
  3.20600E+01  6.00082E-01
  3.22800E+01  4.98154E-01
  3.25300E+01  4.56804E-01
  3.27800E+01  4.83837E-01
  3.30400E+01  6.11243E-01
  3.32900E+01  7.74156E-01
  3.35500E+01  9.13528E-01
  3.38000E+01  8.68630E-01
  3.40600E+01  7.62959E-01
  3.43000E+01  7.96557E-01
  3.45500E+01  8.75042E-01
  3.47900E+01  9.05508E-01
  3.50300E+01  8.52605E-01
  3.52800E+01  7.77355E-01
  3.55200E+01  7.91756E-01
  3.57700E+01  8.57412E-01
  3.60200E+01  8.91074E-01
  3.62700E+01  8.62220E-01
  3.65100E+01  7.85355E-01
  3.67700E+01  7.43769E-01
  3.70200E+01  6.09649E-01
  3.72700E+01  6.31977E-01
  3.74800E+01  5.71394E-01
  3.77300E+01  6.75068E-01
  3.79800E+01  5.79361E-01
  3.82200E+01  5.22025E-01
  3.84700E+01  5.80955E-01
  3.87200E+01  7.07010E-01
  3.89700E+01  7.91756E-01
  3.92300E+01  8.06161E-01
  3.94800E+01  6.39954E-01
  3.97400E+01  7.03815E-01
  3.99900E+01  6.59104E-01
  4.02500E+01  8.12565E-01
  4.05000E+01  8.20570E-01
  4.07500E+01  8.18969E-01
  4.10000E+01  8.04560E-01
  4.12400E+01  8.71836E-01
  4.14900E+01  9.76130E-01
  4.17300E+01  9.71312E-01
  4.19700E+01  8.55810E-01
  4.22100E+01  7.16597E-01
  4.24600E+01  6.55912E-01
  4.26700E+01  6.44741E-01
  4.29100E+01  6.79858E-01
  4.31700E+01  7.38973E-01
  4.34300E+01  8.07762E-01
  4.36900E+01  7.72556E-01
  4.39600E+01  6.44741E-01
  4.42200E+01  5.77768E-01
  4.44800E+01  5.33168E-01
  4.47300E+01  4.69524E-01
  4.49900E+01  4.83837E-01
  4.52400E+01  4.44088E-01
  4.54900E+01  5.18841E-01
  4.57400E+01  4.34554E-01
  4.59900E+01  4.80656E-01
  4.62400E+01  4.82246E-01
  4.65000E+01  5.42722E-01
  4.67500E+01  6.00082E-01
  4.70000E+01  5.76174E-01
  4.72400E+01  5.85736E-01
  4.74900E+01  5.63428E-01
  4.77000E+01  6.97425E-01
  4.79500E+01  7.70956E-01
  4.81900E+01  7.78955E-01
  4.84300E+01  8.02960E-01
  4.86800E+01  7.40572E-01
  4.89200E+01  8.99092E-01
  4.91700E+01  1.12251E+00
  4.94200E+01  1.26284E+00
  4.96700E+01  1.17569E+00
  4.99200E+01  9.93802E-01
  5.01700E+01  9.87375E-01
  5.04200E+01  1.08064E+00
  5.06800E+01  1.03399E+00
  5.09300E+01  1.03881E+00
  5.11800E+01  1.03399E+00
  5.14300E+01  1.17247E+00
  5.16800E+01  1.07259E+00
  5.19300E+01  9.26363E-01
  5.21900E+01  7.29382E-01
  5.24500E+01  6.97425E-01
  5.27100E+01  7.13401E-01
  5.29300E+01  7.08608E-01
  5.31900E+01  6.76664E-01
  5.34400E+01  6.54316E-01
  5.36800E+01  6.62296E-01
  5.39300E+01  7.18195E-01
  5.41800E+01  8.70233E-01
  5.44200E+01  9.27968E-01
  5.46700E+01  9.76130E-01
  5.49200E+01  8.89471E-01
  5.51700E+01  8.52605E-01
  5.54200E+01  9.02300E-01
  5.56700E+01  9.34387E-01
  5.59200E+01  1.09835E+00
  5.61800E+01  1.09996E+00
  5.64300E+01  1.20150E+00
  5.66800E+01  1.12573E+00
  5.69300E+01  1.11606E+00
  5.71800E+01  1.20311E+00
  5.74300E+01  1.24508E+00
  5.76800E+01  1.29516E+00
  5.79200E+01  1.21763E+00
  5.81300E+01  1.28223E+00
  5.83800E+01  1.46841E+00
  5.86300E+01  1.54144E+00
  5.88800E+01  1.58206E+00
  5.91300E+01  1.49923E+00
  5.93900E+01  1.43112E+00
  5.96400E+01  1.28708E+00
  5.98900E+01  1.07098E+00
  6.01400E+01  1.03238E+00
  6.03900E+01  1.07581E+00
  6.06400E+01  1.15957E+00
  6.08800E+01  1.17085E+00
  6.11300E+01  1.24023E+00
  6.13700E+01  1.34044E+00
  6.16200E+01  1.35662E+00
  6.18700E+01  1.27254E+00
  6.21200E+01  1.20795E+00
  6.23700E+01  1.26446E+00
  6.26300E+01  1.31294E+00
  6.28800E+01  1.24669E+00
  6.30900E+01  1.20473E+00
  6.33400E+01  1.32588E+00
  6.35900E+01  1.37766E+00
  6.38300E+01  1.36633E+00
  6.40800E+01  1.39061E+00
  6.43400E+01  1.44895E+00
  6.45900E+01  1.49436E+00
  6.48400E+01  1.37604E+00
  6.51000E+01  1.39871E+00
  6.53500E+01  1.46354E+00
  6.56000E+01  1.47327E+00
  6.58600E+01  1.43436E+00
  6.61100E+01  1.43760E+00
  6.63600E+01  1.45219E+00
  6.66200E+01  1.49112E+00
  6.68700E+01  1.45219E+00
  6.71200E+01  1.56581E+00
  6.73700E+01  1.50897E+00
  6.76200E+01  1.42139E+00
  6.78600E+01  1.17892E+00
  6.81100E+01  1.12412E+00
  6.83200E+01  1.11928E+00
  6.85700E+01  1.14184E+00
  6.88200E+01  1.13862E+00
  6.90800E+01  1.17408E+00
  6.93300E+01  1.13378E+00
  6.95800E+01  1.19989E+00
  6.98300E+01  1.16602E+00
  7.00900E+01  1.20473E+00
  7.03400E+01  1.18375E+00
  7.05900E+01  1.16924E+00
  7.08400E+01  1.27415E+00
  7.11000E+01  1.37280E+00
  7.13500E+01  1.44895E+00
  7.15900E+01  1.41005E+00
  7.18400E+01  1.42950E+00
  7.20800E+01  1.41329E+00
  7.23300E+01  1.46516E+00
  7.25800E+01  1.35015E+00
  7.28200E+01  1.28385E+00
  7.30700E+01  1.26931E+00
  7.32800E+01  1.29678E+00
  7.35300E+01  1.43598E+00
  7.37800E+01  1.54469E+00
  7.40400E+01  1.59832E+00
  7.43000E+01  1.62923E+00
  7.45600E+01  1.59182E+00
  7.48100E+01  1.63167E+00

 -7.43000E+01 -2.50063E+00
 -7.40800E+01 -2.32052E+00
 -7.38300E+01 -2.34395E+00
 -7.35800E+01 -2.35956E+00
 -7.33300E+01 -2.55741E+00
 -7.30800E+01 -2.54653E+00
 -7.28400E+01 -2.49985E+00
 -7.26100E+01 -2.44690E+00
 -7.23700E+01 -2.29239E+00
 -7.21400E+01 -2.49518E+00
 -7.18900E+01 -2.61801E+00
 -7.16300E+01 -2.81481E+00
 -7.13800E+01 -2.85037E+00
 -7.11300E+01 -2.69248E+00
 -7.08800E+01 -2.68473E+00
 -7.06400E+01 -2.58383E+00
 -7.03900E+01 -2.73278E+00
 -7.01500E+01 -2.70489E+00
 -6.99000E+01 -2.61180E+00
 -6.96500E+01 -2.59316E+00
 -6.93900E+01 -2.56518E+00
 -6.91800E+01 -2.49829E+00
 -6.89200E+01 -2.47338E+00
 -6.86700E+01 -2.46248E+00
 -6.84200E+01 -2.58539E+00
 -6.81700E+01 -2.54808E+00
 -6.79300E+01 -2.48428E+00
 -6.76800E+01 -2.44067E+00
 -6.74200E+01 -2.35644E+00
 -6.71700E+01 -2.13268E+00
 -6.69100E+01 -2.29082E+00
 -6.66600E+01 -2.58849E+00
 -6.64100E+01 -2.95689E+00
 -6.61600E+01 -2.76065E+00
 -6.59100E+01 -2.68008E+00
 -6.56600E+01 -2.74982E+00
 -6.54000E+01 -2.75911E+00
 -6.51400E+01 -2.73588E+00
 -6.48900E+01 -2.73588E+00
 -6.46300E+01 -2.90443E+00
 -6.43900E+01 -2.84419E+00
 -6.41400E+01 -2.74672E+00
 -6.39300E+01 -2.49518E+00
 -6.36800E+01 -2.39701E+00
 -6.34300E+01 -2.25016E+00
 -6.31700E+01 -2.31114E+00
 -6.29200E+01 -2.30177E+00
 -6.26600E+01 -2.30958E+00
 -6.24100E+01 -2.26581E+00
 -6.21700E+01 -2.20164E+00
 -6.19200E+01 -2.13739E+00
 -6.16800E+01 -2.23765E+00
 -6.14300E+01 -2.14523E+00
 -6.11900E+01 -2.06206E+00
 -6.09300E+01 -1.88741E+00
 -6.06800E+01 -2.05106E+00
 -6.04300E+01 -2.12013E+00
 -6.01700E+01 -2.14052E+00
 -5.99100E+01 -2.00863E+00
 -5.96500E+01 -2.07305E+00
 -5.94000E+01 -2.06677E+00
 -5.91500E+01 -1.99762E+00
 -5.89000E+01 -1.90002E+00
 -5.87000E+01 -1.96930E+00
 -5.84600E+01 -2.08247E+00
 -5.82200E+01 -2.01806E+00
 -5.79800E+01 -1.87795E+00
 -5.77400E+01 -1.74061E+00
 -5.74900E+01 -1.75799E+00
 -5.72400E+01 -1.83379E+00
 -5.69800E+01 -2.08404E+00
 -5.67200E+01 -2.28613E+00
 -5.64600E+01 -2.37985E+00
 -5.62100E+01 -2.32833E+00
 -5.59700E+01 -2.22356E+00
 -5.57200E+01 -2.19851E+00
 -5.54700E+01 -2.09817E+00
 -5.52200E+01 -2.06049E+00
 -5.49600E+01 -1.99133E+00
 -5.47000E+01 -2.02120E+00
 -5.44500E+01 -1.90947E+00
 -5.41900E+01 -1.85272E+00
 -5.39400E+01 -1.87322E+00
 -5.37300E+01 -1.95986E+00
 -5.34800E+01 -2.04321E+00
 -5.32300E+01 -2.02278E+00
 -5.29800E+01 -1.97245E+00
 -5.27300E+01 -1.94570E+00
 -5.24800E+01 -1.85272E+00
 -5.22300E+01 -1.84010E+00
 -5.19900E+01 -1.70898E+00
 -5.17400E+01 -1.87795E+00
 -5.14900E+01 -1.78643E+00
 -5.12400E+01 -1.86534E+00
 -5.09900E+01 -1.75641E+00
 -5.07300E+01 -1.94727E+00
 -5.04700E+01 -2.14993E+00
 -5.02100E+01 -2.08718E+00
 -4.99600E+01 -2.20164E+00
 -4.97000E+01 -1.96616E+00
 -4.94500E+01 -2.11700E+00
 -4.92000E+01 -1.74535E+00
 -4.89600E+01 -1.78643E+00
 -4.87200E+01 -1.74693E+00
 -4.85100E+01 -1.86376E+00
 -4.82700E+01 -1.94097E+00
 -4.80400E+01 -1.82590E+00
 -4.77900E+01 -1.92523E+00
 -4.75400E+01 -1.74219E+00
 -4.72700E+01 -1.77221E+00
 -4.70000E+01 -1.71372E+00
 -4.67300E+01 -1.89372E+00
 -4.64600E+01 -2.05734E+00
 -4.61900E+01 -2.22825E+00
 -4.59300E+01 -2.14679E+00
 -4.56900E+01 -2.09189E+00
 -4.54500E+01 -2.04006E+00
 -4.52100E+01 -2.10758E+00
 -4.49800E+01 -2.05420E+00
 -4.47400E+01 -1.93625E+00
 -4.45000E+01 -1.90947E+00
 -4.42600E+01 -1.89844E+00
 -4.40100E+01 -1.95829E+00
 -4.37600E+01 -2.00234E+00
 -4.35100E+01 -1.92365E+00
 -4.32900E+01 -1.96930E+00
 -4.30300E+01 -1.87165E+00
 -4.27800E+01 -1.88111E+00
 -4.25300E+01 -1.89214E+00
 -4.22900E+01 -1.91892E+00
 -4.20400E+01 -1.89529E+00
 -4.18000E+01 -1.82748E+00
 -4.15500E+01 -2.06677E+00
 -4.12900E+01 -2.37205E+00
 -4.10300E+01 -2.48740E+00
 -4.07700E+01 -2.33926E+00
 -4.05200E+01 -2.24703E+00
 -4.02800E+01 -2.19851E+00
 -4.00300E+01 -2.10130E+00
 -3.97900E+01 -2.02435E+00
 -3.95400E+01 -2.11386E+00
 -3.92900E+01 -2.15463E+00
 -3.90400E+01 -2.13582E+00
 -3.87900E+01 -1.90947E+00
 -3.85400E+01 -1.89214E+00
 -3.83200E+01 -1.80222E+00
 -3.80600E+01 -1.80854E+00
 -3.78000E+01 -1.77695E+00
 -3.75500E+01 -1.70740E+00
 -3.73100E+01 -1.59970E+00
 -3.70700E+01 -1.61397E+00
 -3.68300E+01 -1.75009E+00
 -3.66000E+01 -1.80854E+00
 -3.63600E+01 -1.74061E+00
 -3.61200E+01 -1.68366E+00
 -3.58700E+01 -1.71056E+00
 -3.56200E+01 -1.73903E+00
 -3.53700E+01 -1.56164E+00
 -3.51100E+01 -1.58861E+00
 -3.48500E+01 -1.55371E+00
 -3.45900E+01 -1.65991E+00
 -3.43400E+01 -1.68208E+00
 -3.40900E+01 -1.69949E+00
 -3.38400E+01 -1.67891E+00
 -3.35900E+01 -1.60446E+00
 -3.33400E+01 -1.58385E+00
 -3.31300E+01 -1.52355E+00
 -3.28800E+01 -1.55529E+00
 -3.26400E+01 -1.58543E+00
 -3.23900E+01 -1.59653E+00
 -3.21400E+01 -1.49019E+00
 -3.18900E+01 -1.40908E+00
 -3.16400E+01 -1.06570E+00
 -3.13900E+01 -1.17137E+00
 -3.11300E+01 -1.23849E+00
 -3.08800E+01 -1.62823E+00
 -3.06200E+01 -1.61556E+00
 -3.03600E+01 -1.63457E+00
 -3.01200E+01 -1.55688E+00
 -2.98700E+01 -1.39317E+00
 -2.96300E+01 -1.32466E+00
 -2.93800E+01 -1.34060E+00
 -2.91300E+01 -1.44568E+00
 -2.88800E+01 -1.44250E+00
 -2.86300E+01 -1.59019E+00
 -2.83800E+01 -1.56005E+00
 -2.81400E+01 -1.53783E+00
 -2.79200E+01 -1.41386E+00
 -2.76700E+01 -1.37883E+00
 -2.74200E+01 -1.25925E+00
 -2.71600E+01 -1.16657E+00
 -2.69100E+01 -1.17456E+00
 -2.66500E+01 -1.19055E+00
 -2.64000E+01 -1.39794E+00
 -2.61500E+01 -1.53466E+00
 -2.59000E+01 -1.76431E+00
 -2.56500E+01 -1.73428E+00
 -2.53900E+01 -1.61714E+00
 -2.51400E+01 -1.42500E+00
 -2.48800E+01 -1.38361E+00
 -2.46300E+01 -1.41545E+00
 -2.43800E+01 -1.52513E+00
 -2.41400E+01 -1.62190E+00
 -2.38900E+01 -1.61080E+00
 -2.36500E+01 -1.63299E+00
 -2.34000E+01 -1.43295E+00
 -2.31500E+01 -1.51084E+00
 -2.29400E+01 -1.35016E+00
 -2.26900E+01 -1.42659E+00
 -2.24400E+01 -1.23050E+00
 -2.21900E+01 -1.37565E+00
 -2.19300E+01 -1.22252E+00
 -2.16800E+01 -1.35972E+00
 -2.14200E+01 -1.35494E+00
 -2.11600E+01 -1.69474E+00
 -2.09000E+01 -1.75957E+00
 -2.06500E+01 -1.84168E+00
 -2.04000E+01 -1.80854E+00
 -2.01500E+01 -1.78959E+00
 -1.99000E+01 -1.54577E+00
 -1.96600E+01 -1.49019E+00
 -1.94100E+01 -1.59019E+00
 -1.91700E+01 -1.73428E+00
 -1.89300E+01 -1.62665E+00
 -1.86800E+01 -1.59653E+00
 -1.84400E+01 -1.62665E+00
 -1.81900E+01 -1.60288E+00
 -1.79400E+01 -1.43136E+00
 -1.77200E+01 -1.28000E+00
 -1.74500E+01 -1.35335E+00
 -1.71900E+01 -1.45045E+00
 -1.69300E+01 -1.46794E+00
 -1.66600E+01 -1.35972E+00
 -1.64100E+01 -1.38839E+00
 -1.61600E+01 -1.32466E+00
 -1.59200E+01 -1.41863E+00
 -1.56900E+01 -1.19215E+00
 -1.54500E+01 -1.29117E+00
 -1.52100E+01 -1.19695E+00
 -1.49700E+01 -1.25446E+00
 -1.47300E+01 -1.17616E+00
 -1.44700E+01 -1.02241E+00
 -1.42200E+01 -8.85872E-01
 -1.39600E+01 -8.47253E-01
 -1.37100E+01 -9.53385E-01
 -1.34500E+01 -1.02080E+00
 -1.31900E+01 -1.00316E+00
 -1.29400E+01 -8.90698E-01
 -1.26800E+01 -9.45352E-01
 -1.24600E+01 -8.58520E-01
 -1.22100E+01 -9.50172E-01
 -1.19600E+01 -6.82783E-01
 -1.17100E+01 -6.81168E-01
 -1.14600E+01 -5.82544E-01
 -1.12200E+01 -8.89089E-01
 -1.09700E+01 -1.04005E+00
 -1.07200E+01 -1.24488E+00
 -1.04700E+01 -1.22092E+00
 -1.02200E+01 -1.11696E+00
 -9.97000E+00 -9.56597E-01
 -9.72000E+00 -9.83895E-01
 -9.47000E+00 -1.04326E+00
 -9.22000E+00 -9.91922E-01
 -8.97000E+00 -9.53385E-01
 -8.72000E+00 -8.47253E-01
 -8.46000E+00 -8.45643E-01
 -8.21000E+00 -7.15075E-01
 -7.95000E+00 -8.11825E-01
 -7.69000E+00 -8.60129E-01
 -7.47000E+00 -8.29542E-01
 -7.23000E+00 -7.58636E-01
 -6.98000E+00 -7.61861E-01
 -6.74000E+00 -8.42423E-01
 -6.50000E+00 -8.48863E-01
 -6.26000E+00 -7.36053E-01
 -6.01000E+00 -7.69923E-01
 -5.76000E+00 -8.61739E-01
 -5.51000E+00 -9.59809E-01
 -5.26000E+00 -1.00957E+00
 -5.00000E+00 -9.63022E-01
 -4.74000E+00 -9.91922E-01
 -4.49000E+00 -7.61861E-01
 -4.24000E+00 -6.81168E-01
 -3.99000E+00 -5.46927E-01
 -3.75000E+00 -4.15570E-01
 -3.51000E+00 -5.01559E-01
 -3.26000E+00 -6.35922E-01
 -3.01000E+00 -8.05381E-01
 -2.76000E+00 -8.15047E-01
 -2.51000E+00 -6.95702E-01
 -2.29000E+00 -7.02161E-01
 -2.04000E+00 -5.55024E-01
 -1.78000E+00 -5.40448E-01
 -1.53000E+00 -3.97705E-01
 -1.27000E+00 -4.82103E-01
 -1.01000E+00 -7.03775E-01
 -7.50000E-01 -9.51778E-01
 -5.00000E-01 -1.00155E+00
 -2.40000E-01 -8.77829E-01
  0.00000E+00 -6.71476E-01
  2.40000E-01 -3.96081E-01
  4.90000E-01 -4.98317E-01
  7.40000E-01 -6.56934E-01
  9.90000E-01 -8.87481E-01
  1.25000E+00 -6.50470E-01
  1.50000E+00 -5.93872E-01
  1.76000E+00 -4.82103E-01
  2.01000E+00 -5.24248E-01
  2.26000E+00 -5.11284E-01
  2.52000E+00 -5.32349E-01
  2.76000E+00 -4.10699E-01
  2.96000E+00 -3.34313E-01
  3.20000E+00 -2.70840E-01
  3.43000E+00 -3.79833E-01
  3.67000E+00 -1.73031E-01
  3.91000E+00 -2.18699E-01
  4.17000E+00 -1.55079E-01
  4.42000E+00 -2.08917E-01
  4.67000E+00 -1.01182E-01
  4.93000E+00 -7.95210E-03
  5.18000E+00 -4.55923E-02
  5.43000E+00 -8.48389E-02
  5.68000E+00 -1.66504E-01
  5.93000E+00 -8.64735E-02
  6.19000E+00  2.43160E-01
  6.44000E+00  5.66696E-01
  6.69000E+00  5.50138E-01
  6.95000E+00  4.67433E-01
  7.20000E+00  3.83213E-01
  7.45000E+00  4.39344E-01
  7.71000E+00  3.55171E-01
  7.92000E+00  3.45278E-01
  8.17000E+00  3.74964E-01
  8.43000E+00  4.69086E-01
  8.68000E+00  3.74964E-01
  8.93000E+00  4.04668E-01
  9.17000E+00  1.74102E-01
  9.42000E+00  2.23420E-01
  9.67000E+00 -4.23204E-02
  9.92000E+00  1.21550E-01
  1.01700E+01  1.37967E-01
  1.04300E+01  2.66201E-01
  1.06800E+01  2.34934E-01
  1.09300E+01  1.62602E-01
  1.11800E+01  1.34683E-01
  1.14300E+01  1.92180E-01
  1.16800E+01  1.85605E-01
  1.19300E+01  3.09019E-01
  1.21900E+01  3.73314E-01
  1.24400E+01  4.21177E-01
  1.26900E+01  3.60119E-01
  1.29400E+01  2.41515E-01
  1.31500E+01  3.73314E-01
  1.33900E+01  5.33586E-01
  1.36300E+01  6.76112E-01
  1.38800E+01  5.61728E-01
  1.41300E+01  7.74125E-01
  1.43800E+01  5.46828E-01
  1.46300E+01  4.29434E-01
  1.48900E+01  3.46319E-02
  1.51500E+01  9.03733E-02
  1.54100E+01  1.31399E-01
  1.56600E+01  7.88921E-02
  1.59100E+01  6.74134E-02
  1.61600E+01  8.70927E-02
  1.64100E+01  2.89252E-01
  1.66700E+01  3.55171E-01
  1.69200E+01  4.39344E-01
  1.71700E+01  3.18905E-01
  1.74200E+01  3.68366E-01
  1.76800E+01  2.85959E-01
  1.79300E+01  2.87605E-01
  1.81800E+01  2.13552E-01
  1.84000E+01  4.07969E-01
  1.86500E+01  4.49256E-01
  1.89000E+01  4.80657E-01
  1.91400E+01  5.00499E-01
  1.93900E+01  4.09620E-01
  1.96400E+01  3.56820E-01
  1.98800E+01  1.47819E-01
  2.01200E+01  1.42893E-01
  2.03700E+01  2.46451E-01
  2.06100E+01  3.23849E-01
  2.08600E+01  3.74964E-01
  2.11100E+01  5.22003E-01
  2.13700E+01  7.97411E-01
  2.16200E+01  9.34013E-01
  2.18700E+01  8.45679E-01
  2.21300E+01  6.62837E-01
  2.23800E+01  7.02673E-01
  2.26300E+01  6.59519E-01
  2.28900E+01  6.26348E-01
  2.31400E+01  6.89391E-01
  2.33600E+01  7.55837E-01
  2.36100E+01  8.73995E-01
  2.38600E+01  9.77403E-01
  2.41200E+01  1.17480E+00
  2.43700E+01  1.04256E+00
  2.46200E+01  8.34024E-01
  2.48700E+01  6.16401E-01
  2.51200E+01  6.81091E-01
  2.53600E+01  8.19042E-01
  2.56100E+01  8.80661E-01
  2.58700E+01  1.01248E+00
  2.61200E+01  9.39017E-01
  2.63800E+01  9.40686E-01
  2.66400E+01  8.47344E-01
  2.68900E+01  8.30694E-01
  2.71400E+01  8.32359E-01
  2.73800E+01  8.45679E-01
  2.76300E+01  7.60824E-01
  2.78700E+01  8.37353E-01
  2.81300E+01  8.07393E-01
  2.83900E+01  9.20669E-01
  2.86100E+01  9.84082E-01
  2.88600E+01  1.01916E+00
  2.91200E+01  1.15971E+00
  2.93600E+01  1.12789E+00
  2.96000E+01  1.23685E+00
  2.98400E+01  1.24189E+00
  3.00900E+01  1.32419E+00
  3.03400E+01  1.38138E+00
  3.05900E+01  1.37970E+00
  3.08400E+01  1.43189E+00
  3.10900E+01  1.45885E+00
  3.13400E+01  1.53645E+00
  3.15900E+01  1.51788E+00
  3.18400E+01  1.50945E+00
  3.20900E+01  1.54489E+00
  3.23400E+01  1.56853E+00
  3.25900E+01  1.74112E+00
  3.28500E+01  1.76146E+00
  3.31000E+01  1.78182E+00
  3.33500E+01  1.59895E+00
  3.35700E+01  1.67168E+00
  3.38200E+01  1.72248E+00
  3.40700E+01  1.94492E+00
  3.43100E+01  1.91090E+00
  3.45500E+01  1.81406E+00
  3.48000E+01  1.60909E+00
  3.50500E+01  1.49258E+00
  3.53000E+01  1.56347E+00
  3.55500E+01  1.58712E+00
  3.58100E+01  1.63784E+00
  3.60700E+01  1.64122E+00
  3.63200E+01  1.74282E+00
  3.65700E+01  1.76994E+00
  3.68200E+01  1.81575E+00
  3.70600E+01  1.77673E+00
  3.73100E+01  1.78691E+00
  3.75600E+01  1.73604E+00
  3.78100E+01  1.79539E+00
  3.80600E+01  1.81575E+00
  3.83200E+01  1.89559E+00
  3.85700E+01  1.92110E+00
  3.87900E+01  1.91940E+00
  3.90400E+01  2.03008E+00
  3.92900E+01  2.20253E+00
  3.95300E+01  2.28812E+00
  3.97800E+01  2.07441E+00
  4.00300E+01  1.85311E+00
  4.02800E+01  1.72587E+00
  4.05300E+01  1.71740E+00
  4.07900E+01  1.76486E+00
  4.10400E+01  1.79369E+00
  4.12900E+01  1.91430E+00
  4.15300E+01  1.95003E+00
  4.17800E+01  2.03178E+00
  4.20200E+01  2.05224E+00
  4.22700E+01  1.96705E+00
  4.25200E+01  1.96024E+00
  4.27700E+01  1.88539E+00
  4.30200E+01  2.01815E+00
  4.32700E+01  2.04883E+00
  4.35300E+01  2.14612E+00
  4.37800E+01  2.14954E+00
  4.40000E+01  2.29154E+00
  4.42600E+01  2.25900E+00
  4.45100E+01  2.31725E+00
  4.47600E+01  2.11025E+00
  4.50100E+01  2.05395E+00
  4.52600E+01  1.86670E+00
  4.55100E+01  1.96364E+00
  4.57500E+01  2.10001E+00
  4.60000E+01  2.19740E+00
  4.62400E+01  2.25729E+00
  4.64700E+01  2.29154E+00
  4.67200E+01  2.38071E+00
  4.69800E+01  2.38071E+00
  4.72400E+01  2.48036E+00
  4.75000E+01  2.50100E+00
  4.77600E+01  2.48551E+00
  4.80200E+01  2.44597E+00
  4.82600E+01  2.45113E+00
  4.85100E+01  2.50272E+00
  4.87700E+01  2.45113E+00
  4.89800E+01  2.53541E+00
  4.92300E+01  2.59225E+00
  4.94900E+01  2.67677E+00
  4.97400E+01  3.09101E+00
  4.99900E+01  3.01797E+00
  5.02400E+01  2.95371E+00
  5.04900E+01  2.35498E+00
  5.07400E+01  2.52164E+00
  5.09900E+01  2.80986E+00
  5.12400E+01  3.46301E+00
  5.14900E+01  3.96674E+00
  5.17400E+01  4.36115E+00
  5.20000E+01  4.37720E+00
  5.22500E+01  4.15646E+00
  5.25000E+01  3.89069E+00
  5.27600E+01  3.61924E+00
  5.30100E+01  3.35795E+00
  5.32600E+01  3.28104E+00
  5.35200E+01  3.19901E+00
  5.37700E+01  3.16066E+00
  5.40200E+01  3.12408E+00
  5.42300E+01  4.37542E+00
  5.44800E+01  4.30411E+00
  5.47200E+01  4.02518E+00
  5.49700E+01  2.42364E+00
  5.52100E+01  2.34125E+00
  5.54600E+01  2.13587E+00
  5.57000E+01  2.11708E+00
  5.59500E+01  1.88539E+00
  5.62000E+01  1.97386E+00
  5.64400E+01  2.00451E+00
  5.66900E+01  2.14441E+00
  5.69500E+01  2.14783E+00
  5.72000E+01  2.11538E+00
  5.74600E+01  2.11367E+00
  5.77200E+01  2.12733E+00
  5.79800E+01  2.12050E+00
  5.82400E+01  2.03860E+00
  5.85000E+01  2.07612E+00
  5.87600E+01  2.13587E+00
  5.90200E+01  2.32411E+00
  5.92800E+01  2.27955E+00
  5.94900E+01  2.36012E+00
  5.97400E+01  2.35498E+00
  5.99900E+01  2.44254E+00
  6.02300E+01  2.48379E+00
  6.04800E+01  2.52336E+00
  6.07200E+01  2.53886E+00
  6.09700E+01  2.68022E+00
  6.12200E+01  2.81679E+00
  6.14600E+01  2.89821E+00
  6.17100E+01  2.83237E+00
  6.19600E+01  2.80467E+00
  6.22100E+01  2.82198E+00
  6.24700E+01  2.99365E+00
  6.27300E+01  3.00581E+00
  6.29800E+01  3.10319E+00
  6.32300E+01  3.10145E+00
  6.34800E+01  3.25135E+00
  6.37200E+01  3.28278E+00
  6.39600E+01  3.41920E+00
  6.42000E+01  3.54721E+00
  6.44100E+01  3.65441E+00
  6.46600E+01  3.68081E+00
  6.49100E+01  3.68081E+00
  6.51700E+01  3.64738E+00
  6.54200E+01  3.48580E+00
  6.56700E+01  3.37894E+00
  6.59200E+01  3.40870E+00
  6.61600E+01  3.52088E+00
  6.64100E+01  3.52614E+00
  6.66600E+01  3.68609E+00
  6.69100E+01  3.70898E+00
  6.71600E+01  3.84300E+00
  6.74100E+01  3.70193E+00
  6.76600E+01  3.83064E+00
  6.79200E+01  3.81299E+00
  6.81700E+01  3.91190E+00
  6.84200E+01  3.84476E+00
  6.86800E+01  3.97559E+00
  6.89300E+01  4.07304E+00
  6.91800E+01  4.24180E+00
  6.94400E+01  4.41646E+00
  6.96500E+01  4.45396E+00
  6.98900E+01  4.45218E+00
  7.01400E+01  4.15646E+00
  7.03800E+01  3.98267E+00
  7.06300E+01  4.08369E+00
  7.08700E+01  4.30233E+00
  7.11200E+01  4.36650E+00
  7.13600E+01  4.33084E+00
  7.16100E+01  4.15114E+00
  7.18600E+01  4.20623E+00
  7.21100E+01  4.06063E+00
  7.23600E+01  4.21867E+00
  7.26200E+01  4.21334E+00
  7.28800E+01  4.25426E+00
  7.31400E+01  4.10143E+00
  7.34000E+01  4.14403E+00
  7.36500E+01  4.19200E+00
  7.39100E+01  4.22579E+00
  7.41700E+01  4.09256E+00
  7.44200E+01  4.00038E+00
  7.46400E+01  4.01455E+00
  7.48900E+01  4.10586E+00

 -7.44900E+01 -2.31218E+00
 -7.42400E+01 -2.38039E+00
 -7.39900E+01 -2.14163E+00
 -7.37300E+01 -2.22030E+00
 -7.34800E+01 -2.42738E+00
 -7.32300E+01 -2.86996E+00
 -7.30100E+01 -2.91803E+00
 -7.27700E+01 -2.82806E+00
 -7.25300E+01 -2.80321E+00
 -7.22900E+01 -2.73170E+00
 -7.20500E+01 -2.66631E+00
 -7.18100E+01 -2.56651E+00
 -7.15600E+01 -2.63047E+00
 -7.13100E+01 -2.59616E+00
 -7.10500E+01 -2.58056E+00
 -7.07900E+01 -2.46963E+00
 -7.05300E+01 -2.44929E+00
 -7.02700E+01 -2.25330E+00
 -7.00100E+01 -2.25645E+00
 -6.97600E+01 -2.22345E+00
 -6.95200E+01 -2.47745E+00
 -6.92700E+01 -2.56339E+00
 -6.90300E+01 -2.58992E+00
 -6.87800E+01 -2.44616E+00
 -6.85300E+01 -2.34277E+00
 -6.82700E+01 -2.22187E+00
 -6.80400E+01 -2.19829E+00
 -6.77800E+01 -2.21716E+00
 -6.75100E+01 -2.15108E+00
 -6.72600E+01 -2.14478E+00
 -6.70000E+01 -2.17154E+00
 -6.67500E+01 -2.26744E+00
 -6.65100E+01 -2.31611E+00
 -6.62600E+01 -2.17941E+00
 -6.60200E+01 -2.22345E+00
 -6.57800E+01 -1.96495E+00
 -6.55300E+01 -1.83044E+00
 -6.52800E+01 -1.73844E+00
 -6.50300E+01 -1.85104E+00
 -6.47700E+01 -1.89220E+00
 -6.45100E+01 -1.81459E+00
 -6.42600E+01 -1.92543E+00
 -6.40100E+01 -1.91436E+00
 -6.37500E+01 -2.06757E+00
 -6.35000E+01 -2.09437E+00
 -6.32500E+01 -2.39136E+00
 -6.29900E+01 -2.46025E+00
 -6.27700E+01 -2.43208E+00
 -6.25100E+01 -2.34905E+00
 -6.22600E+01 -2.10540E+00
 -6.20000E+01 -2.06914E+00
 -6.17500E+01 -2.00287E+00
 -6.15000E+01 -2.19042E+00
 -6.12600E+01 -2.09595E+00
 -6.10200E+01 -2.09752E+00
 -6.07900E+01 -2.03917E+00
 -6.05400E+01 -2.22030E+00
 -6.03000E+01 -2.32081E+00
 -6.00600E+01 -2.20615E+00
 -5.98000E+01 -2.13533E+00
 -5.95500E+01 -2.03759E+00
 -5.93100E+01 -2.16367E+00
 -5.90600E+01 -1.98075E+00
 -5.88100E+01 -1.76066E+00
 -5.85600E+01 -1.78763E+00
 -5.83100E+01 -1.99813E+00
 -5.80500E+01 -2.22187E+00
 -5.77800E+01 -2.19829E+00
 -5.75600E+01 -2.19514E+00
 -5.73000E+01 -2.08333E+00
 -5.70500E+01 -2.08333E+00
 -5.68100E+01 -1.97759E+00
 -5.65700E+01 -2.00602E+00
 -5.63200E+01 -1.94757E+00
 -5.60800E+01 -1.99181E+00
 -5.58300E+01 -1.98075E+00
 -5.55800E+01 -1.81934E+00
 -5.53200E+01 -1.80191E+00
 -5.50600E+01 -1.82251E+00
 -5.47900E+01 -2.00129E+00
 -5.45300E+01 -2.00602E+00
 -5.42700E+01 -1.99655E+00
 -5.40200E+01 -1.95231E+00
 -5.37800E+01 -1.75749E+00
 -5.35400E+01 -1.84628E+00
 -5.33000E+01 -2.00918E+00
 -5.30700E+01 -2.38823E+00
 -5.28300E+01 -2.11170E+00
 -5.26200E+01 -2.10540E+00
 -5.23700E+01 -1.98391E+00
 -5.21100E+01 -2.27686E+00
 -5.18600E+01 -2.18098E+00
 -5.16000E+01 -2.08491E+00
 -5.13400E+01 -1.99023E+00
 -5.10800E+01 -2.04864E+00
 -5.08200E+01 -2.13533E+00
 -5.05700E+01 -2.21873E+00
 -5.03200E+01 -2.17311E+00
 -5.00700E+01 -2.23445E+00
 -4.98300E+01 -2.20615E+00
 -4.95800E+01 -2.09752E+00
 -4.93400E+01 -1.97127E+00
 -4.90900E+01 -1.91119E+00
 -4.88400E+01 -1.81300E+00
 -4.85900E+01 -1.79081E+00
 -4.83400E+01 -1.67966E+00
 -4.80900E+01 -1.79081E+00
 -4.78300E+01 -1.70985E+00
 -4.75800E+01 -1.65104E+00
 -4.73600E+01 -1.64309E+00
 -4.71100E+01 -1.74797E+00
 -4.68600E+01 -1.85737E+00
 -4.66000E+01 -1.79873E+00
 -4.63500E+01 -1.68920E+00
 -4.61000E+01 -1.64627E+00
 -4.58500E+01 -1.48855E+00
 -4.55900E+01 -1.60649E+00
 -4.53400E+01 -1.59057E+00
 -4.51000E+01 -1.72891E+00
 -4.48500E+01 -1.46620E+00
 -4.46000E+01 -1.42148E+00
 -4.43600E+01 -1.38631E+00
 -4.41100E+01 -1.45981E+00
 -4.38600E+01 -1.44544E+00
 -4.36100E+01 -1.32231E+00
 -4.33600E+01 -1.40230E+00
 -4.31100E+01 -1.32711E+00
 -4.28600E+01 -1.54436E+00
 -4.26100E+01 -1.57623E+00
 -4.23600E+01 -1.69397E+00
 -4.21500E+01 -1.68284E+00
 -4.19000E+01 -1.66853E+00
 -4.16500E+01 -1.58738E+00
 -4.13900E+01 -1.43745E+00
 -4.11400E+01 -1.39271E+00
 -4.08800E+01 -1.49493E+00
 -4.06300E+01 -1.37512E+00
 -4.03800E+01 -1.32871E+00
 -4.01300E+01 -1.29989E+00
 -3.98900E+01 -1.33351E+00
 -3.96400E+01 -1.37992E+00
 -3.94000E+01 -1.42308E+00
 -3.91500E+01 -1.56349E+00
 -3.89000E+01 -1.41828E+00
 -3.86500E+01 -1.36872E+00
 -3.84000E+01 -1.34472E+00
 -3.81400E+01 -1.62241E+00
 -3.78800E+01 -1.61286E+00
 -3.76300E+01 -1.62877E+00
 -3.73700E+01 -1.57942E+00
 -3.71500E+01 -1.63354E+00
 -3.68900E+01 -1.59057E+00
 -3.66500E+01 -1.60330E+00
 -3.64000E+01 -1.59853E+00
 -3.61500E+01 -1.62400E+00
 -3.59000E+01 -1.66217E+00
 -3.56600E+01 -1.64627E+00
 -3.54000E+01 -1.71303E+00
 -3.51500E+01 -1.53480E+00
 -3.49000E+01 -1.29989E+00
 -3.46400E+01 -1.08960E+00
 -3.43800E+01 -1.03487E+00
 -3.41200E+01 -1.26143E+00
 -3.38700E+01 -1.39591E+00
 -3.36100E+01 -1.44065E+00
 -3.33700E+01 -1.46141E+00
 -3.31200E+01 -1.46141E+00
 -3.28700E+01 -1.67171E+00
 -3.26200E+01 -1.73844E+00
 -3.23700E+01 -1.66217E+00
 -3.21300E+01 -1.54277E+00
 -3.19200E+01 -1.47578E+00
 -3.16700E+01 -1.68443E+00
 -3.14200E+01 -1.69556E+00
 -3.11700E+01 -1.67648E+00
 -3.09100E+01 -1.51407E+00
 -3.06600E+01 -1.40869E+00
 -3.04100E+01 -1.33512E+00
 -3.01600E+01 -1.47897E+00
 -2.99000E+01 -1.61763E+00
 -2.96500E+01 -1.54596E+00
 -2.94000E+01 -1.51885E+00
 -2.91400E+01 -1.37832E+00
 -2.88800E+01 -1.39591E+00
 -2.86200E+01 -1.20368E+00
 -2.83600E+01 -1.33512E+00
 -2.81100E+01 -1.36072E+00
 -2.78600E+01 -1.46460E+00
 -2.76000E+01 -1.29508E+00
 -2.73600E+01 -1.30950E+00
 -2.71100E+01 -1.22133E+00
 -2.68600E+01 -1.14105E+00
 -2.66500E+01 -1.10407E+00
 -2.64100E+01 -1.01393E+00
 -2.61700E+01 -9.75247E-01
 -2.59300E+01 -8.94561E-01
 -2.56900E+01 -1.00749E+00
 -2.54500E+01 -1.04614E+00
 -2.52100E+01 -1.08477E+00
 -2.49500E+01 -9.47829E-01
 -2.46800E+01 -8.94561E-01
 -2.44200E+01 -9.72022E-01
 -2.41600E+01 -1.14908E+00
 -2.39100E+01 -1.25341E+00
 -2.36600E+01 -1.27906E+00
 -2.34200E+01 -1.18442E+00
 -2.31700E+01 -1.11533E+00
 -2.29200E+01 -1.06224E+00
 -2.26700E+01 -1.27585E+00
 -2.24200E+01 -1.51248E+00
 -2.21700E+01 -1.61126E+00
 -2.19200E+01 -1.57145E+00
 -2.17000E+01 -1.41029E+00
 -2.14500E+01 -1.34632E+00
 -2.12000E+01 -1.21492E+00
 -2.09500E+01 -1.26944E+00
 -2.07000E+01 -1.24700E+00
 -2.04600E+01 -1.25020E+00
 -2.02100E+01 -1.03165E+00
 -1.99600E+01 -9.57508E-01
 -1.97100E+01 -7.99182E-01
 -1.94600E+01 -8.36385E-01
 -1.92100E+01 -9.07480E-01
 -1.89500E+01 -9.73635E-01
 -1.86900E+01 -1.02682E+00
 -1.84300E+01 -8.07272E-01
 -1.81800E+01 -6.77672E-01
 -1.79200E+01 -6.80916E-01
 -1.76700E+01 -8.44469E-01
 -1.74200E+01 -1.15712E+00
 -1.71700E+01 -1.18121E+00
 -1.69200E+01 -1.18121E+00
 -1.66700E+01 -1.03970E+00
 -1.64500E+01 -9.92981E-01
 -1.61900E+01 -9.78472E-01
 -1.59400E+01 -1.00104E+00
 -1.56800E+01 -9.05865E-01
 -1.54400E+01 -9.05865E-01
 -1.51800E+01 -8.60634E-01
 -1.49300E+01 -9.46215E-01
 -1.46700E+01 -8.92946E-01
 -1.44200E+01 -8.67098E-01
 -1.41700E+01 -8.10508E-01
 -1.39300E+01 -7.24691E-01
 -1.36900E+01 -7.97564E-01
 -1.34500E+01 -6.61448E-01
 -1.32000E+01 -7.78141E-01
 -1.29500E+01 -5.99749E-01
 -1.27100E+01 -9.49442E-01
 -1.24500E+01 -1.02682E+00
 -1.22000E+01 -1.20208E+00
 -1.19500E+01 -1.18121E+00
 -1.16900E+01 -1.16033E+00
 -1.14300E+01 -1.17639E+00
 -1.12100E+01 -1.13623E+00
 -1.09500E+01 -1.16675E+00
 -1.06900E+01 -1.15069E+00
 -1.04400E+01 -1.04936E+00
 -1.01900E+01 -8.73561E-01
 -9.95000E+00 -7.61950E-01
 -9.71000E+00 -7.52233E-01
 -9.47000E+00 -7.58712E-01
 -9.22000E+00 -8.02418E-01
 -8.97000E+00 -7.86235E-01
 -8.72000E+00 -8.46086E-01
 -8.46000E+00 -8.97791E-01
 -8.21000E+00 -7.44134E-01
 -7.96000E+00 -6.15993E-01
 -7.71000E+00 -4.59831E-01
 -7.46000E+00 -5.86750E-01
 -7.21000E+00 -5.83500E-01
 -6.96000E+00 -5.70496E-01
 -6.71000E+00 -5.49359E-01
 -6.46000E+00 -5.88375E-01
 -6.25000E+00 -6.27361E-01
 -6.00000E+00 -6.45219E-01
 -5.76000E+00 -6.46842E-01
 -5.51000E+00 -5.86750E-01
 -5.26000E+00 -5.96500E-01
 -5.01000E+00 -5.68871E-01
 -4.76000E+00 -6.50088E-01
 -4.51000E+00 -4.06037E-01
 -4.26000E+00 -2.09931E-01
 -4.00000E+00 -1.14870E-01
 -3.74000E+00 -2.81926E-01
 -3.47000E+00 -3.21153E-01
 -3.21000E+00 -2.00106E-01
 -2.95000E+00 -1.06666E-01
 -2.70000E+00 -8.36895E-02
 -2.45000E+00 -2.29577E-01
 -2.21000E+00 -3.40754E-01
 -1.96000E+00 -6.51711E-01
 -1.72000E+00 -6.79294E-01
 -1.47000E+00 -6.19241E-01
 -1.22000E+00 -5.24958E-01
 -1.01000E+00 -5.46106E-01
 -7.60000E-01 -5.86750E-01
 -5.00000E-01 -4.67977E-01
 -2.50000E-01 -3.53818E-01
  0.00000E+00 -2.19755E-01
  2.50000E-01 -2.50850E-01
  5.00000E-01 -3.27687E-01
  7.60000E-01 -3.65245E-01
  1.01000E+00 -2.36123E-01
  1.26000E+00 -8.20479E-02
  1.51000E+00 -1.88640E-01
  1.76000E+00 -1.31273E-01
  2.01000E+00 -7.05551E-02
  2.26000E+00 -2.12705E-02
  2.52000E+00 -5.24897E-02
  2.78000E+00 -1.64062E-01
  3.04000E+00  1.49024E-02
  3.29000E+00 -1.00103E-01
  3.55000E+00 -1.70617E-01
  3.80000E+00 -2.95005E-01
  4.05000E+00 -1.60784E-01
  4.26000E+00  7.08576E-02
  4.50000E+00  6.26249E-02
  4.74000E+00  2.64175E-02
  4.98000E+00 -1.21432E-01
  5.22000E+00 -5.24897E-02
  5.46000E+00 -1.32913E-01
  5.71000E+00 -1.55867E-01
  5.96000E+00 -2.32850E-01
  6.21000E+00 -2.13206E-01
  6.47000E+00 -1.73895E-01
  6.73000E+00 -1.96269E-02
  6.98000E+00  1.87907E-01
  7.24000E+00  2.11020E-01
  7.49000E+00  5.88931E-01
  7.73000E+00  2.75461E-01
  7.98000E+00  2.04415E-01
  8.23000E+00 -4.25605E-01
  8.47000E+00 -4.84264E-01
  8.73000E+00 -5.26585E-01
  8.99000E+00 -3.94619E-01
  9.21000E+00 -3.14617E-01
  9.47000E+00 -1.78810E-01
  9.73000E+00 -2.14843E-01
  9.98000E+00 -1.46956E-02
  1.02300E+01 -1.08307E-01
  1.04800E+01  1.43363E-01
  1.07300E+01  1.03802E-01
  1.09800E+01  1.94510E-01
  1.12300E+01 -3.77041E-02
  1.14800E+01 -1.36192E-01
  1.17300E+01 -2.01743E-01
  1.19900E+01 -1.29633E-01
  1.22400E+01 -9.51792E-02
  1.25000E+01 -2.29141E-02
  1.27600E+01  2.64175E-02
  1.30200E+01  1.92859E-01
  1.32800E+01  3.18468E-01
  1.35300E+01  3.35019E-01
  1.37700E+01  3.61512E-01
  1.40100E+01  2.47361E-01
  1.42500E+01  2.34143E-01
  1.44600E+01  1.89558E-01
  1.47000E+01  3.21778E-01
  1.49500E+01  4.52688E-01
  1.52000E+01  4.21172E-01
  1.54500E+01  3.89676E-01
  1.56900E+01  4.41074E-01
  1.59400E+01  4.65963E-01
  1.61900E+01  5.37381E-01
  1.64500E+01  4.69283E-01
  1.67000E+01  7.15535E-01
  1.69600E+01  6.87188E-01
  1.72100E+01  8.45803E-01
  1.74700E+01  6.95524E-01
  1.77200E+01  9.93177E-01
  1.79800E+01  8.29083E-01
  1.82300E+01  7.37223E-01
  1.84800E+01  5.02490E-01
  1.87300E+01  5.77286E-01
  1.89800E+01  5.07473E-01
  1.92200E+01  4.49369E-01
  1.94700E+01  3.81390E-01
  1.96800E+01  5.22424E-01
  1.99200E+01  5.88931E-01
  2.01700E+01  6.28877E-01
  2.04200E+01  6.23882E-01
  2.06700E+01  6.55525E-01
  2.09300E+01  7.02193E-01
  2.11900E+01  7.57251E-01
  2.14500E+01  7.38892E-01
  2.17100E+01  6.48861E-01
  2.19600E+01  6.43865E-01
  2.22100E+01  7.35554E-01
  2.24500E+01  9.01018E-01
  2.27000E+01  1.03680E+00
  2.29400E+01  8.82606E-01
  2.31800E+01  7.99001E-01
  2.34400E+01  5.63980E-01
  2.36900E+01  5.68970E-01
  2.39500E+01  4.44392E-01
  2.42100E+01  4.97507E-01
  2.44700E+01  5.22424E-01
  2.46900E+01  6.20552E-01
  2.49400E+01  6.60523E-01
  2.51900E+01  7.55582E-01
  2.54300E+01  8.62529E-01
  2.56700E+01  9.22786E-01
  2.59100E+01  7.67268E-01
  2.61500E+01  6.62189E-01
  2.64000E+01  6.15558E-01
  2.66500E+01  7.37223E-01
  2.69100E+01  9.21111E-01
  2.71600E+01  1.03680E+00
  2.74200E+01  1.14771E+00
  2.76700E+01  1.06535E+00
  2.79300E+01  9.26136E-01
  2.81800E+01  6.95524E-01
  2.84400E+01  5.68970E-01
  2.86900E+01  5.27409E-01
  2.89500E+01  5.04151E-01
  2.92000E+01  5.52341E-01
  2.94500E+01  5.92258E-01
  2.96900E+01  6.83854E-01
  2.99000E+01  7.75617E-01
  3.01500E+01  8.35771E-01
  3.04100E+01  8.64201E-01
  3.06600E+01  9.04366E-01
  3.09100E+01  9.68026E-01
  3.11600E+01  1.01834E+00
  3.14100E+01  9.81439E-01
  3.16600E+01  1.00827E+00
  3.19100E+01  9.89823E-01
  3.21600E+01  9.06041E-01
  3.24100E+01  8.60856E-01
  3.26600E+01  9.42888E-01
  3.29000E+01  1.01666E+00
  3.31500E+01  1.06199E+00
  3.34000E+01  1.17464E+00
  3.36500E+01  1.25886E+00
  3.39000E+01  1.32973E+00
  3.41400E+01  1.36688E+00
  3.43900E+01  1.36013E+00
  3.46400E+01  1.37026E+00
  3.49000E+01  1.27067E+00
  3.51200E+01  1.33479E+00
  3.53700E+01  1.30947E+00
  3.56300E+01  1.44805E+00
  3.58800E+01  1.61077E+00
  3.61300E+01  1.71444E+00
  3.63800E+01  1.72635E+00
  3.66300E+01  1.65153E+00
  3.68700E+01  1.68382E+00
  3.71200E+01  1.70593E+00
  3.73700E+01  1.80298E+00
  3.76200E+01  1.81150E+00
  3.78800E+01  1.80979E+00
  3.81400E+01  1.58022E+00
  3.84000E+01  1.52595E+00
  3.86600E+01  1.35337E+00
  3.89300E+01  1.34661E+00
  3.91900E+01  1.33141E+00
  3.94600E+01  1.38547E+00
  3.97100E+01  1.47852E+00
  3.99600E+01  1.39392E+00
  4.01600E+01  1.39900E+00
  4.04000E+01  1.50901E+00
  4.06400E+01  1.69063E+00
  4.08900E+01  1.77231E+00
  4.11500E+01  1.64474E+00
  4.14100E+01  1.61586E+00
  4.16800E+01  1.77572E+00
  4.19400E+01  1.88825E+00
  4.21900E+01  1.91387E+00
  4.24400E+01  1.84389E+00
  4.26800E+01  1.87631E+00
  4.29200E+01  1.98907E+00
  4.31600E+01  1.97197E+00
  4.34100E+01  1.97026E+00
  4.36500E+01  1.91216E+00
  4.39000E+01  1.94291E+00
  4.41500E+01  1.98907E+00
  4.44000E+01  2.03869E+00
  4.46400E+01  2.12780E+00
  4.48900E+01  2.11579E+00
  4.51400E+01  2.15010E+00
  4.53600E+01  2.21706E+00
  4.56200E+01  2.26519E+00
  4.58800E+01  2.41847E+00
  4.61400E+01  2.36675E+00
  4.64100E+01  2.40122E+00
  4.66700E+01  2.23424E+00
  4.69200E+01  2.21019E+00
  4.71700E+01  2.23424E+00
  4.74100E+01  2.37192E+00
  4.76500E+01  2.32369E+00
  4.78900E+01  2.37881E+00
  4.81500E+01  2.34091E+00
  4.84000E+01  2.40812E+00
  4.86500E+01  2.34091E+00
  4.89100E+01  2.18614E+00
  4.91600E+01  1.95316E+00
  4.94100E+01  1.92924E+00
  4.96600E+01  1.97710E+00
  4.99000E+01  2.23424E+00
  5.01500E+01  2.25143E+00
  5.03600E+01  2.25487E+00
  5.06000E+01  2.24799E+00
  5.08500E+01  2.26347E+00
  5.10900E+01  2.38743E+00
  5.13400E+01  2.50305E+00
  5.15800E+01  2.64319E+00
  5.18300E+01  2.70733E+00
  5.20800E+01  2.62760E+00
  5.23400E+01  2.60509E+00
  5.25900E+01  2.58778E+00
  5.28400E+01  2.67091E+00
  5.30900E+01  2.61201E+00
  5.33400E+01  3.05367E+00
  5.35900E+01  2.88804E+00
  5.38400E+01  2.82367E+00
  5.40900E+01  2.21706E+00
  5.43300E+01  2.26863E+00
  5.45900E+01  2.24799E+00
  5.48400E+01  2.30131E+00
  5.51000E+01  2.27207E+00
  5.53600E+01  2.31852E+00
  5.55900E+01  2.35297E+00
  5.58500E+01  2.38398E+00
  5.61200E+01  2.36330E+00
  5.63700E+01  2.49096E+00
  5.66300E+01  2.45298E+00
  5.68900E+01  2.44780E+00
  5.71400E+01  2.30303E+00
  5.73800E+01  2.33919E+00
  5.76300E+01  2.51860E+00
  5.78800E+01  2.69518E+00
  5.81200E+01  2.94028E+00
  5.83700E+01  2.86193E+00
  5.86200E+01  2.61894E+00
  5.88700E+01  2.32369E+00
  5.91200E+01  2.32713E+00
  5.93700E+01  2.36330E+00
  5.96100E+01  2.41847E+00
  5.98600E+01  2.37364E+00
  6.01000E+01  2.34952E+00
  6.03500E+01  2.42192E+00
  6.06000E+01  2.48405E+00
  6.08100E+01  2.65358E+00
  6.10700E+01  2.74724E+00
  6.13200E+01  2.75592E+00
  6.15700E+01  2.75418E+00
  6.18200E+01  2.75071E+00
  6.20700E+01  2.81324E+00
  6.23200E+01  2.95597E+00
  6.25700E+01  2.92112E+00
  6.28300E+01  2.90545E+00
  6.30800E+01  2.91415E+00
  6.33400E+01  2.94551E+00
  6.36000E+01  3.28119E+00
  6.38500E+01  3.16205E+00
  6.41000E+01  3.14456E+00
  6.43500E+01  2.73162E+00
  6.45900E+01  2.77154E+00
  6.48400E+01  2.82367E+00
  6.50900E+01  2.88978E+00
  6.53400E+01  2.87585E+00
  6.56000E+01  2.90022E+00
  6.58100E+01  3.06065E+00
  6.60700E+01  3.21808E+00
  6.63200E+01  3.24612E+00
  6.65700E+01  3.19881E+00
  6.68200E+01  3.15155E+00
  6.70700E+01  3.12357E+00
  6.73200E+01  3.11133E+00
  6.75700E+01  3.02050E+00
  6.78200E+01  3.07288E+00
  6.80700E+01  3.08336E+00
  6.83300E+01  3.22859E+00
  6.85900E+01  3.21633E+00
  6.88400E+01  3.26190E+00
  6.91000E+01  3.47449E+00
  6.93500E+01  3.59788E+00
  6.96000E+01  3.62259E+00
  6.98500E+01  3.40236E+00
  7.01100E+01  3.36193E+00
  7.03600E+01  3.36018E+00
  7.06100E+01  3.37599E+00
  7.08600E+01  3.45689E+00
  7.10600E+01  3.55025E+00
  7.13100E+01  3.65085E+00
  7.15500E+01  3.64555E+00
  7.18000E+01  3.63848E+00
  7.20500E+01  3.71448E+00
  7.23000E+01  3.83667E+00
  7.25500E+01  3.88279E+00
  7.28000E+01  3.93605E+00
  7.30500E+01  3.91296E+00
  7.33100E+01  3.97870E+00
  7.35600E+01  3.91829E+00
  7.38200E+01  3.87569E+00
  7.40700E+01  3.68619E+00
  7.43200E+01  3.69857E+00
  7.45700E+01  3.65261E+00
  7.48200E+01  3.74102E+00
  7.50700E+01  3.64908E+00

 -7.45600E+01 -5.29286E+00
 -7.43100E+01 -5.42889E+00
 -7.40600E+01 -5.42566E+00
 -7.38100E+01 -5.45152E+00
 -7.35600E+01 -5.19545E+00
 -7.33100E+01 -5.03756E+00
 -7.30900E+01 -5.03756E+00
 -7.28400E+01 -5.01146E+00
 -7.25800E+01 -5.00330E+00
 -7.23300E+01 -4.95433E+00
 -7.20800E+01 -5.14993E+00
 -7.18300E+01 -5.22794E+00
 -7.15900E+01 -5.24093E+00
 -7.13400E+01 -5.28150E+00
 -7.11000E+01 -5.46284E+00
 -7.08600E+01 -5.52420E+00
 -7.06200E+01 -5.49353E+00
 -7.03600E+01 -5.49837E+00
 -7.01000E+01 -5.53066E+00
 -6.98400E+01 -5.59032E+00
 -6.95800E+01 -5.39492E+00
 -6.93200E+01 -5.39977E+00
 -6.90700E+01 -5.24093E+00
 -6.88100E+01 -5.24905E+00
 -6.85600E+01 -5.11250E+00
 -6.83100E+01 -5.14342E+00
 -6.80900E+01 -5.16619E+00
 -6.78300E+01 -5.25554E+00
 -6.75900E+01 -5.21820E+00
 -6.73400E+01 -5.28637E+00
 -6.71000E+01 -5.19545E+00
 -6.68600E+01 -4.85786E+00
 -6.66200E+01 -4.70705E+00
 -6.63700E+01 -4.60185E+00
 -6.61300E+01 -4.95759E+00
 -6.58800E+01 -5.08970E+00
 -6.56200E+01 -5.25392E+00
 -6.53700E+01 -5.32852E+00
 -6.51200E+01 -5.42727E+00
 -6.48700E+01 -5.39330E+00
 -6.46200E+01 -5.42889E+00
 -6.43600E+01 -5.31880E+00
 -6.41100E+01 -5.10762E+00
 -6.38500E+01 -4.89222E+00
 -6.35800E+01 -4.74972E+00
 -6.33200E+01 -4.79890E+00
 -6.30700E+01 -4.81856E+00
 -6.28500E+01 -4.84640E+00
 -6.26000E+01 -4.89713E+00
 -6.23600E+01 -4.87095E+00
 -6.21000E+01 -4.80710E+00
 -6.18500E+01 -4.82512E+00
 -6.15900E+01 -4.78251E+00
 -6.13400E+01 -4.74808E+00
 -6.10800E+01 -4.75628E+00
 -6.08400E+01 -4.78907E+00
 -6.05900E+01 -4.91184E+00
 -6.03400E+01 -4.89713E+00
 -6.00800E+01 -4.88895E+00
 -5.98200E+01 -4.64626E+00
 -5.95700E+01 -4.64133E+00
 -5.93100E+01 -4.41224E+00
 -5.90600E+01 -4.52775E+00
 -5.88200E+01 -4.56234E+00
 -5.85800E+01 -4.69227E+00
 -5.83300E+01 -4.73003E+00
 -5.80900E+01 -4.58869E+00
 -5.78400E+01 -4.52939E+00
 -5.76300E+01 -4.47663E+00
 -5.73800E+01 -4.49972E+00
 -5.71300E+01 -4.53599E+00
 -5.68800E+01 -4.52775E+00
 -5.66200E+01 -4.42215E+00
 -5.63700E+01 -4.37423E+00
 -5.61200E+01 -4.30805E+00
 -5.58700E+01 -4.36596E+00
 -5.56200E+01 -4.38250E+00
 -5.53800E+01 -4.52115E+00
 -5.51300E+01 -4.62982E+00
 -5.48900E+01 -4.74972E+00
 -5.46500E+01 -4.57716E+00
 -5.44100E+01 -4.51456E+00
 -5.41600E+01 -4.35108E+00
 -5.39100E+01 -4.39241E+00
 -5.36500E+01 -4.22851E+00
 -5.34000E+01 -4.20197E+00
 -5.31400E+01 -4.04574E+00
 -5.28800E+01 -4.19201E+00
 -5.26600E+01 -4.11893E+00
 -5.24100E+01 -4.11893E+00
 -5.21600E+01 -4.03575E+00
 -5.19100E+01 -4.06238E+00
 -5.16500E+01 -4.18205E+00
 -5.13800E+01 -4.10563E+00
 -5.11200E+01 -4.10397E+00
 -5.08600E+01 -4.17043E+00
 -5.06000E+01 -4.29977E+00
 -5.03400E+01 -4.54093E+00
 -5.01000E+01 -4.51126E+00
 -4.98500E+01 -4.51456E+00
 -4.96100E+01 -4.27658E+00
 -4.93700E+01 -4.27658E+00
 -4.91200E+01 -4.20363E+00
 -4.88800E+01 -4.26498E+00
 -4.86400E+01 -4.17541E+00
 -4.83900E+01 -4.19865E+00
 -4.81400E+01 -4.23017E+00
 -4.79000E+01 -4.26498E+00
 -4.76500E+01 -4.22188E+00
 -4.74400E+01 -3.97910E+00
 -4.71900E+01 -3.85057E+00
 -4.69300E+01 -3.78366E+00
 -4.66700E+01 -3.76859E+00
 -4.64100E+01 -3.84054E+00
 -4.61500E+01 -3.76859E+00
 -4.58900E+01 -3.60590E+00
 -4.56300E+01 -3.72169E+00
 -4.53700E+01 -3.91404E+00
 -4.51100E+01 -4.40563E+00
 -4.48600E+01 -4.30639E+00
 -4.46100E+01 -4.25835E+00
 -4.43700E+01 -4.18205E+00
 -4.41300E+01 -4.17043E+00
 -4.38900E+01 -4.07736E+00
 -4.36500E+01 -4.02576E+00
 -4.34000E+01 -3.92406E+00
 -4.31500E+01 -3.89067E+00
 -4.28900E+01 -3.79370E+00
 -4.26300E+01 -3.85224E+00
 -4.23700E+01 -3.96243E+00
 -4.21500E+01 -4.02909E+00
 -4.19000E+01 -3.91738E+00
 -4.16500E+01 -3.77696E+00
 -4.14000E+01 -3.65124E+00
 -4.11500E+01 -3.44435E+00
 -4.09000E+01 -3.47637E+00
 -4.06500E+01 -3.53529E+00
 -4.04000E+01 -3.87229E+00
 -4.01400E+01 -3.83051E+00
 -3.99000E+01 -3.72336E+00
 -3.96500E+01 -3.69319E+00
 -3.94100E+01 -3.82549E+00
 -3.91600E+01 -3.97744E+00
 -3.89100E+01 -3.98410E+00
 -3.86600E+01 -4.01576E+00
 -3.84000E+01 -3.96243E+00
 -3.81400E+01 -3.81378E+00
 -3.78900E+01 -3.79370E+00
 -3.76300E+01 -3.73174E+00
 -3.73800E+01 -3.81545E+00
 -3.71600E+01 -3.69654E+00
 -3.69100E+01 -3.68648E+00
 -3.66600E+01 -3.54202E+00
 -3.64100E+01 -3.51678E+00
 -3.61600E+01 -3.49658E+00
 -3.59100E+01 -3.46794E+00
 -3.56600E+01 -3.44266E+00
 -3.54200E+01 -3.24672E+00
 -3.51800E+01 -3.30593E+00
 -3.49300E+01 -3.27887E+00
 -3.46900E+01 -3.44266E+00
 -3.44400E+01 -3.36675E+00
 -3.41800E+01 -3.25180E+00
 -3.39200E+01 -3.19592E+00
 -3.36700E+01 -3.19592E+00
 -3.34200E+01 -3.25349E+00
 -3.31700E+01 -3.31269E+00
 -3.29300E+01 -3.30254E+00
 -3.26900E+01 -3.17558E+00
 -3.24300E+01 -2.99217E+00
 -3.21800E+01 -2.97174E+00
 -3.19500E+01 -2.96323E+00
 -3.16900E+01 -3.01428E+00
 -3.14300E+01 -2.98706E+00
 -3.11700E+01 -2.88485E+00
 -3.09200E+01 -2.80464E+00
 -3.06700E+01 -2.78926E+00
 -3.04200E+01 -2.80293E+00
 -3.01700E+01 -2.82342E+00
 -2.99300E+01 -2.98366E+00
 -2.96800E+01 -3.18406E+00
 -2.94300E+01 -3.16541E+00
 -2.91800E+01 -3.05848E+00
 -2.89300E+01 -2.91724E+00
 -2.86700E+01 -2.95642E+00
 -2.84300E+01 -2.86950E+00
 -2.81800E+01 -2.94280E+00
 -2.79300E+01 -3.02108E+00
 -2.76800E+01 -3.09924E+00
 -2.74300E+01 -3.01088E+00
 -2.71800E+01 -2.92917E+00
 -2.69300E+01 -2.77730E+00
 -2.67200E+01 -2.72942E+00
 -2.64700E+01 -2.66609E+00
 -2.62300E+01 -2.65923E+00
 -2.59800E+01 -2.83196E+00
 -2.57300E+01 -2.89849E+00
 -2.54800E+01 -3.06358E+00
 -2.52200E+01 -3.13997E+00
 -2.49700E+01 -3.21455E+00
 -2.47100E+01 -3.21116E+00
 -2.44600E+01 -3.12640E+00
 -2.42000E+01 -3.07886E+00
 -2.39500E+01 -2.95983E+00
 -2.36900E+01 -2.87462E+00
 -2.34300E+01 -2.84050E+00
 -2.31700E+01 -2.97515E+00
 -2.29100E+01 -3.01938E+00
 -2.26600E+01 -3.02618E+00
 -2.24200E+01 -2.98025E+00
 -2.21800E+01 -2.81489E+00
 -2.19400E+01 -2.74653E+00
 -2.17300E+01 -2.65409E+00
 -2.14800E+01 -2.68493E+00
 -2.12300E+01 -2.65923E+00
 -2.09800E+01 -2.66951E+00
 -2.07300E+01 -2.57693E+00
 -2.04900E+01 -2.52198E+00
 -2.02500E+01 -2.42568E+00
 -2.00000E+01 -2.48761E+00
 -1.97500E+01 -2.49449E+00
 -1.95000E+01 -2.61810E+00
 -1.92500E+01 -2.60095E+00
 -1.90000E+01 -2.70889E+00
 -1.87600E+01 -2.64381E+00
 -1.85100E+01 -2.65923E+00
 -1.82600E+01 -2.49621E+00
 -1.80100E+01 -2.41018E+00
 -1.77600E+01 -2.35850E+00
 -1.75000E+01 -2.41879E+00
 -1.72400E+01 -2.43084E+00
 -1.69800E+01 -2.37918E+00
 -1.67200E+01 -2.35850E+00
 -1.65000E+01 -2.31366E+00
 -1.62400E+01 -2.22731E+00
 -1.59800E+01 -2.22731E+00
 -1.57200E+01 -2.29295E+00
 -1.54600E+01 -2.35333E+00
 -1.52100E+01 -2.19273E+00
 -1.49600E+01 -2.02987E+00
 -1.47200E+01 -1.96909E+00
 -1.44700E+01 -2.00036E+00
 -1.42200E+01 -1.75141E+00
 -1.39600E+01 -1.67980E+00
 -1.37200E+01 -1.59584E+00
 -1.34700E+01 -1.77061E+00
 -1.32200E+01 -1.78631E+00
 -1.29800E+01 -1.73745E+00
 -1.27300E+01 -1.82466E+00
 -1.24700E+01 -1.80723E+00
 -1.22100E+01 -1.91346E+00
 -1.19600E+01 -1.87343E+00
 -1.17200E+01 -1.99168E+00
 -1.14700E+01 -1.92042E+00
 -1.12600E+01 -1.82640E+00
 -1.10200E+01 -1.67631E+00
 -1.07600E+01 -1.48190E+00
 -1.04900E+01 -1.40638E+00
 -1.02300E+01 -1.38704E+00
 -9.97000E+00 -1.49067E+00
 -9.71000E+00 -1.67281E+00
 -9.46000E+00 -1.79328E+00
 -9.21000E+00 -1.91694E+00
 -8.97000E+00 -1.90650E+00
 -8.72000E+00 -1.94128E+00
 -8.47000E+00 -1.81595E+00
 -8.22000E+00 -1.65708E+00
 -7.97000E+00 -1.51698E+00
 -7.71000E+00 -1.27439E+00
 -7.45000E+00 -1.18619E+00
 -7.19000E+00 -1.16853E+00
 -6.94000E+00 -1.17207E+00
 -6.69000E+00 -1.21620E+00
 -6.44000E+00 -1.01819E+00
 -6.22000E+00 -1.14910E+00
 -5.98000E+00 -9.75656E-01
 -5.73000E+00 -1.09077E+00
 -5.48000E+00 -1.16677E+00
 -5.24000E+00 -1.31138E+00
 -4.99000E+00 -1.33603E+00
 -4.74000E+00 -1.50120E+00
 -4.49000E+00 -1.58708E+00
 -4.24000E+00 -1.62384E+00
 -3.98000E+00 -1.41165E+00
 -3.73000E+00 -1.40462E+00
 -3.49000E+00 -1.38880E+00
 -3.24000E+00 -1.38001E+00
 -2.99000E+00 -1.32547E+00
 -2.75000E+00 -1.32371E+00
 -2.50000E+00 -1.39232E+00
 -2.26000E+00 -1.39759E+00
 -2.01000E+00 -1.38001E+00
 -1.76000E+00 -1.29905E+00
 -1.50000E+00 -1.32018E+00
 -1.24000E+00 -1.15617E+00
 -1.02000E+00 -1.04652E+00
 -7.60000E-01 -8.58501E-01
 -5.10000E-01 -9.72110E-01
 -2.50000E-01 -1.10491E+00
  0.00000E+00 -8.21166E-01
  2.50000E-01 -8.94032E-01
  5.00000E-01 -9.43732E-01
  7.50000E-01 -1.27086E+00
  1.00000E+00 -1.19325E+00
  1.25000E+00 -1.15617E+00
  1.50000E+00 -1.19855E+00
  1.76000E+00 -1.13497E+00
  2.01000E+00 -9.40184E-01
  2.26000E+00 -8.72717E-01
  2.51000E+00 -8.53169E-01
  2.77000E+00 -9.54376E-01
  3.02000E+00 -8.53169E-01
  3.27000E+00 -6.78681E-01
  3.52000E+00 -6.66194E-01
  3.77000E+00 -7.82024E-01
  4.01000E+00 -8.46059E-01
  4.22000E+00 -8.78046E-01
  4.47000E+00 -7.26816E-01
  4.72000E+00 -7.25034E-01
  4.97000E+00 -4.98207E-01
  5.22000E+00 -7.42850E-01
  5.47000E+00 -7.23252E-01
  5.73000E+00 -8.28280E-01
  5.98000E+00 -7.32161E-01
  6.24000E+00 -7.51756E-01
  6.49000E+00 -7.71343E-01
  6.74000E+00 -6.32285E-01
  7.00000E+00 -5.60822E-01
  7.25000E+00 -4.39098E-01
  7.50000E+00 -4.83884E-01
  7.75000E+00 -4.62392E-01
  8.00000E+00 -4.92837E-01
  8.26000E+00 -3.06295E-01
  8.51000E+00 -3.11686E-01
  8.76000E+00 -1.64128E-01
  9.02000E+00 -2.66745E-01
  9.24000E+00 -7.03275E-02
  9.49000E+00 -7.57438E-02
  9.74000E+00  9.78708E-02
  9.98000E+00  1.64946E-01
  1.02300E+01  2.41194E-01
  1.04700E+01  2.23029E-01
  1.07100E+01  1.41369E-01
  1.09500E+01  2.13949E-01
  1.12000E+01  3.12100E-01
  1.14500E+01  4.28677E-01
  1.17000E+01  4.15913E-01
  1.19500E+01  3.32118E-01
  1.22000E+01  2.70272E-01
  1.24500E+01  2.92091E-01
  1.27000E+01  4.30500E-01
  1.29600E+01  4.10444E-01
  1.32000E+01  3.95862E-01
  1.34600E+01  6.29677E-01
  1.37100E+01  8.13103E-01
  1.39600E+01  9.40058E-01
  1.42100E+01  8.60904E-01
  1.44300E+01  8.92182E-01
  1.46800E+01  1.00827E+00
  1.49400E+01  9.69542E-01
  1.51900E+01  1.01934E+00
  1.54500E+01  8.73781E-01
  1.57100E+01  8.60904E-01
  1.59700E+01  7.74528E-01
  1.62400E+01  9.43743E-01
  1.65000E+01  9.65856E-01
  1.67600E+01  1.06918E+00
  1.70200E+01  9.87979E-01
  1.72600E+01  1.00089E+00
  1.75100E+01  9.45585E-01
  1.77500E+01  1.09320E+00
  1.79900E+01  1.18012E+00
  1.82400E+01  1.28945E+00
  1.85000E+01  1.20419E+00
  1.87600E+01  1.12832E+00
  1.90200E+01  1.20604E+00
  1.92800E+01  1.21715E+00
  1.95300E+01  1.28945E+00
  1.97400E+01  1.23012E+00
  1.99800E+01  1.37113E+00
  2.02200E+01  1.36370E+00
  2.04600E+01  1.20974E+00
  2.07100E+01  1.07287E+00
  2.09500E+01  1.02118E+00
  2.12100E+01  1.05810E+00
  2.14600E+01  1.01011E+00
  2.17000E+01  9.69542E-01
  2.19500E+01  1.02118E+00
  2.21900E+01  1.15051E+00
  2.24500E+01  1.25236E+00
  2.27000E+01  1.35256E+00
  2.29600E+01  1.61885E+00
  2.32200E+01  1.89218E+00
  2.34800E+01  2.11605E+00
  2.37300E+01  2.04258E+00
  2.39900E+01  1.95980E+00
  2.42400E+01  1.88843E+00
  2.44800E+01  1.92410E+00
  2.46900E+01  2.03316E+00
  2.49400E+01  2.29359E+00
  2.51900E+01  2.30305E+00
  2.54400E+01  2.34091E+00
  2.57000E+01  2.27089E+00
  2.59500E+01  2.23875E+00
  2.62000E+01  2.31252E+00
  2.64600E+01  1.99365E+00
  2.67000E+01  1.82277E+00
  2.69500E+01  1.60578E+00
  2.72000E+01  1.82652E+00
  2.74600E+01  1.90157E+00
  2.77200E+01  1.82465E+00
  2.79800E+01  1.67116E+00
  2.82300E+01  1.87904E+00
  2.84800E+01  2.15566E+00
  2.87300E+01  2.26333E+00
  2.89800E+01  2.21797E+00
  2.92300E+01  2.14434E+00
  2.94800E+01  2.18209E+00
  2.97300E+01  2.28224E+00
  2.99500E+01  2.25010E+00
  3.02000E+01  2.38070E+00
  3.04600E+01  2.39017E+00
  3.07100E+01  2.48884E+00
  3.09600E+01  2.61434E+00
  3.12100E+01  2.67721E+00
  3.14500E+01  2.84140E+00
  3.17000E+01  2.87009E+00
  3.19400E+01  2.86435E+00
  3.21900E+01  2.98694E+00
  3.24400E+01  2.96585E+00
  3.27000E+01  3.03299E+00
  3.29700E+01  3.00228E+00
  3.32300E+01  3.09252E+00
  3.34900E+01  3.12520E+00
  3.37500E+01  3.11367E+00
  3.40000E+01  3.01380E+00
  3.42500E+01  3.04066E+00
  3.45000E+01  3.02531E+00
  3.47500E+01  3.14059E+00
  3.49900E+01  3.13097E+00
  3.52000E+01  3.18677E+00
  3.54400E+01  3.30627E+00
  3.56800E+01  3.39897E+00
  3.59300E+01  3.43378E+00
  3.61700E+01  3.22721E+00
  3.64200E+01  3.18099E+00
  3.66600E+01  3.19832E+00
  3.69200E+01  3.28119E+00
  3.71700E+01  3.34681E+00
  3.74300E+01  3.47442E+00
  3.76900E+01  3.65671E+00
  3.79600E+01  3.75978E+00
  3.82100E+01  3.68392E+00
  3.84700E+01  3.74810E+00
  3.87100E+01  3.74227E+00
  3.89600E+01  3.82991E+00
  3.92000E+01  3.73643E+00
  3.94400E+01  3.85525E+00
  3.96800E+01  4.01737E+00
  3.99300E+01  4.20944E+00
  4.01400E+01  4.35101E+00
  4.03900E+01  4.30377E+00
  4.06400E+01  4.16234E+00
  4.09000E+01  3.90208E+00
  4.11500E+01  3.89232E+00
  4.14000E+01  4.10744E+00
  4.16600E+01  4.17019E+00
  4.19100E+01  4.08589E+00
  4.21700E+01  3.93723E+00
  4.24300E+01  4.18981E+00
  4.26900E+01  4.35888E+00
  4.29600E+01  4.44165E+00
  4.32200E+01  4.40616E+00
  4.34900E+01  4.42390E+00
  4.37300E+01  4.43573E+00
  4.39800E+01  4.47124E+00
  4.42200E+01  4.55617E+00
  4.44600E+01  4.71255E+00
  4.47000E+01  4.66103E+00
  4.49500E+01  4.58385E+00
  4.51900E+01  4.46335E+00
  4.54000E+01  4.54431E+00
  4.56500E+01  4.64123E+00
  4.59000E+01  5.24257E+00
  4.61500E+01  5.18853E+00
  4.64000E+01  5.07063E+00
  4.66600E+01  4.39434E+00
  4.69100E+01  4.31755E+00
  4.71600E+01  4.44362E+00
  4.74100E+01  4.57001E+00
  4.76500E+01  4.73635E+00
  4.78900E+01  4.72445E+00
  4.81400E+01  4.70661E+00
  4.83900E+01  4.65905E+00
  4.86500E+01  4.86344E+00
  4.89100E+01  5.05067E+00
  4.91700E+01  5.14054E+00
  4.94300E+01  5.10657E+00
  4.96800E+01  5.23656E+00
  4.99200E+01  5.38897E+00
  5.01700E+01  5.41709E+00
  5.03800E+01  5.36889E+00
  5.06300E+01  5.56196E+00
  5.08900E+01  5.75169E+00
  5.11400E+01  5.74765E+00
  5.14000E+01  5.48143E+00
  5.16500E+01  5.30269E+00
  5.19100E+01  5.34882E+00
  5.21600E+01  5.53174E+00
  5.24200E+01  5.73754E+00
  5.26700E+01  5.73956E+00
  5.29300E+01  5.70722E+00
  5.31900E+01  5.49350E+00
  5.34300E+01  5.58413E+00
  5.36800E+01  5.66885E+00
  5.39200E+01  5.83669E+00
  5.41600E+01  5.95631E+00
  5.44000E+01  5.95631E+00
  5.46400E+01  5.90356E+00
  5.48800E+01  5.83466E+00
  5.51300E+01  5.92182E+00
  5.53800E+01  6.02944E+00
  5.56100E+01  6.15358E+00
  5.58600E+01  6.28822E+00
  5.61300E+01  6.36181E+00
  5.63900E+01  6.44984E+00
  5.66600E+01  6.38227E+00
  5.69200E+01  6.50108E+00
  5.71700E+01  6.56469E+00
  5.74200E+01  6.77042E+00
  5.76700E+01  6.76423E+00
  5.79100E+01  6.75805E+00
  5.81600E+01  6.62222E+00
  5.84100E+01  6.62838E+00
  5.86500E+01  6.52775E+00
  5.89100E+01  6.63866E+00
  5.91600E+01  6.71479E+00
  5.94200E+01  7.00177E+00
  5.96700E+01  7.05977E+00
  5.99300E+01  7.21127E+00
  6.01900E+01  7.14273E+00
  6.04500E+01  7.18841E+00
  6.07000E+01  7.22998E+00
  6.09100E+01  7.51764E+00
  6.11600E+01  7.62854E+00
  6.14000E+01  7.63273E+00
  6.16400E+01  7.39030E+00
  6.18900E+01  7.21958E+00
  6.21300E+01  7.25285E+00
  6.23800E+01  7.31320E+00
  6.26300E+01  7.38821E+00
  6.28800E+01  7.31320E+00
  6.31300E+01  7.32778E+00
  6.33700E+01  7.41950E+00
  6.36200E+01  7.56574E+00
  6.38700E+01  7.85522E+00
  6.41200E+01  8.01530E+00
  6.43800E+01  7.94152E+00
  6.46300E+01  7.82578E+00
  6.48800E+01  7.79426E+00
  6.51400E+01  8.01530E+00
  6.53900E+01  8.21608E+00
  6.56400E+01  8.33267E+00
  6.58700E+01  8.27752E+00
  6.61200E+01  8.10187E+00
  6.63700E+01  7.73756E+00
  6.66200E+01  7.57829E+00
  6.68800E+01  7.50720E+00
  6.71300E+01  7.87205E+00
  6.73800E+01  8.08285E+00
  6.76300E+01  8.34328E+00
  6.78800E+01  8.29024E+00
  6.81300E+01  8.27964E+00
  6.83800E+01  8.18222E+00
  6.86400E+01  8.27964E+00
  6.88800E+01  8.43037E+00
  6.91300E+01  8.48566E+00
  6.93700E+01  8.40699E+00
  6.96100E+01  8.31569E+00
  6.98500E+01  8.39211E+00
  7.00900E+01  8.52398E+00
  7.03400E+01  8.76301E+00
  7.06000E+01  8.90435E+00
  7.08600E+01  9.21187E+00
  7.10800E+01  9.29172E+00
  7.13400E+01  9.30468E+00
  7.16000E+01  9.24423E+00
  7.18600E+01  8.98805E+00
  7.21100E+01  8.84220E+00
  7.23600E+01  8.68606E+00
  7.26100E+01  8.76087E+00
  7.28600E+01  8.79724E+00
  7.31100E+01  8.93653E+00
  7.33700E+01  9.16014E+00
  7.36200E+01  9.34142E+00
  7.38800E+01  9.41713E+00
  7.41400E+01  9.37818E+00
  7.43900E+01  9.43228E+00
  7.46400E+01  9.46477E+00
  7.49000E+01  9.50595E+00
  7.51500E+01  9.49836E+00
