 -6.47481E+01  0.00000E+00
 -6.44995E+01  0.00000E+00
 -6.42509E+01  0.00000E+00
 -6.40023E+01  0.00000E+00
 -6.37537E+01  0.00000E+00
 -6.35051E+01  0.00000E+00
 -6.32565E+01  0.00000E+00
 -6.30079E+01  0.00000E+00
 -6.27593E+01  0.00000E+00
 -6.25107E+01  8.96925E-01
 -6.22621E+01  2.02657E-01
 -6.20135E+01  0.00000E+00
 -6.17649E+01  0.00000E+00
 -6.15163E+01  0.00000E+00
 -6.12677E+01  0.00000E+00
 -6.10191E+01  7.92983E-01
 -6.07705E+01  1.50971E-01
 -6.05219E+01  8.47790E-01
 -6.02733E+01  1.39873E-01
 -6.00247E+01  8.46307E-01
 -5.97761E+01  1.82661E-01
 -5.95275E+01  0.00000E+00
 -5.92789E+01  8.39044E-01
 -5.90303E+01  2.45612E-01
 -5.87817E+01  0.00000E+00
 -5.85331E+01  0.00000E+00
 -5.82845E+01  0.00000E+00
 -5.80359E+01  7.72707E-01
 -5.77873E+01  3.24533E-01
 -5.75387E+01  0.00000E+00
 -5.72901E+01  0.00000E+00
 -5.70415E+01  0.00000E+00
 -5.67929E+01  0.00000E+00
 -5.65443E+01  0.00000E+00
 -5.62957E+01  0.00000E+00
 -5.60471E+01  0.00000E+00
 -5.57985E+01  0.00000E+00
 -5.55499E+01  0.00000E+00
 -5.53013E+01  0.00000E+00
 -5.50527E+01  0.00000E+00
 -5.48041E+01  0.00000E+00
 -5.45555E+01  0.00000E+00
 -5.43069E+01  9.67478E-01
 -5.40583E+01  5.04725E-02
 -5.38097E+01  0.00000E+00
 -5.35611E+01  0.00000E+00
 -5.33125E+01  8.82383E-01
 -5.30639E+01  1.41387E-01
 -5.28153E+01  1.59098E+00
 -5.25667E+01  6.20135E-01
 -5.23181E+01  0.00000E+00
 -5.20695E+01  0.00000E+00
 -5.18209E+01  6.24003E-01
 -5.15723E+01  1.11133E+00
 -5.13237E+01  3.52588E-01
 -5.10751E+01  0.00000E+00
 -5.08265E+01  0.00000E+00
 -5.05779E+01  7.75379E-01
 -5.03293E+01  1.23309E-01
 -5.00807E+01  0.00000E+00
 -4.98321E+01  0.00000E+00
 -4.95835E+01  0.00000E+00
 -4.93349E+01  9.10255E-01
 -4.90863E+01  1.13904E-01
 -4.88377E+01  8.08120E-01
 -4.85891E+01  1.05915E+00
 -4.83405E+01  1.68387E-01
 -4.80919E+01  0.00000E+00
 -4.78433E+01  8.77995E-01
 -4.75947E+01  1.12703E-01
 -4.73461E+01  1.77793E+00
 -4.70975E+01  2.63531E-01
 -4.68489E+01  8.17525E-01
 -4.66003E+01  9.95105E-01
 -4.63517E+01  1.85400E+00
 -4.61031E+01  1.23827E+00
 -4.58545E+01  8.08647E-02
 -4.56059E+01  1.54461E+00
 -4.53573E+01  1.16964E+00
 -4.51087E+01  8.09700E-01
 -4.48601E+01  4.45721E+00
 -4.46115E+01  9.65026E-01
 -4.43629E+01  6.31363E-01
 -4.41143E+01  9.92812E-01
 -4.38657E+01  1.80472E+00
 -4.36171E+01  1.19475E+00
 -4.33685E+01  1.77942E+00
 -4.31199E+01  1.27994E+00
 -4.28713E+01  1.06703E-01
 -4.26227E+01  7.88335E-01
 -4.23741E+01  1.94681E+00
 -4.21255E+01  2.44389E-01
 -4.18769E+01  0.00000E+00
 -4.16283E+01  8.94587E-01
 -4.13797E+01  1.61037E-01
 -4.11311E+01  7.95032E-01
 -4.08825E+01  2.15524E-01
 -4.06339E+01  0.00000E+00
 -4.03853E+01  1.61689E+00
 -4.01367E+01  2.00822E+00
 -3.98881E+01  9.92971E-01
 -3.96395E+01  4.12041E-03
 -3.93909E+01  0.00000E+00
 -3.91423E+01  9.74912E-01
 -3.88937E+01  1.02163E+00
 -3.86451E+01  5.26921E-02
 -3.83965E+01  8.80706E-01
 -3.81479E+01  1.15935E-01
 -3.78993E+01  8.63092E-01
 -3.76507E+01  1.57114E-01
 -3.74021E+01  0.00000E+00
 -3.71535E+01  8.72503E-01
 -3.69049E+01  1.17014E-01
 -3.66563E+01  1.71368E+00
 -3.64077E+01  2.93237E-01
 -3.61591E+01  0.00000E+00
 -3.59105E+01  0.00000E+00
 -3.56619E+01  8.52449E-01
 -3.54133E+01  2.83261E+00
 -3.51647E+01  1.28497E+00
 -3.49161E+01  1.97564E+00
 -3.46675E+01  1.03943E+00
 -3.44189E+01  9.53912E-01
 -3.41703E+01  1.91614E+00
 -3.39217E+01  1.12728E+00
 -3.36731E+01  5.44896E-02
 -3.34245E+01  8.86292E-01
 -3.31759E+01  8.56389E-02
 -3.29273E+01  1.77849E+00
 -3.26787E+01  2.10313E-01
 -3.24301E+01  2.62145E+00
 -3.21815E+01  4.89867E+00
 -3.19329E+01  2.34430E+00
 -3.16843E+01  9.41499E-01
 -3.14357E+01  5.61461E+00
 -3.11871E+01  4.22708E+00
 -3.09385E+01  3.04302E+00
 -3.06899E+01  2.13718E+00
 -3.04413E+01  1.49900E-01
 -3.01927E+01  2.55753E+00
 -2.99441E+01  1.96446E+00
 -2.96955E+01  1.01948E+00
 -2.94469E+01  2.97973E+00
 -2.91983E+01  9.96575E-01
 -2.89497E+01  2.96662E+00
 -2.87011E+01  3.97513E+00
 -2.84525E+01  1.03287E+00
 -2.82039E+01  4.87027E+00
 -2.79553E+01  3.14452E+00
 -2.77067E+01  4.84060E+00
 -2.74581E+01  2.24423E+00
 -2.72095E+01  2.80398E+00
 -2.69609E+01  4.79257E+00
 -2.67123E+01  6.04361E+00
 -2.64637E+01  1.49689E+00
 -2.62151E+01  7.17314E+00
 -2.59665E+01  3.61457E+00
 -2.57179E+01  7.19061E+00
 -2.54693E+01  9.98113E+00
 -2.52207E+01  4.94843E+00
 -2.49721E+01  5.41125E+00
 -2.47235E+01  6.05915E+00
 -2.44749E+01  1.30287E+00
 -2.42263E+01  2.74075E+00
 -2.39777E+01  3.95328E+00
 -2.37291E+01  4.95224E+00
 -2.34805E+01  4.97961E+00
 -2.32319E+01  5.96079E+00
 -2.29833E+01  2.24010E+00
 -2.27347E+01  1.95634E+00
 -2.24861E+01  2.97222E+00
 -2.22375E+01  1.05350E+00
 -2.19889E+01  3.86442E+00
 -2.17403E+01  1.02288E+00
 -2.14917E+01  2.94142E+00
 -2.12431E+01  9.64292E-01
 -2.09945E+01  9.70170E-01
 -2.07459E+01  1.14199E+00
 -2.04973E+01  3.06495E+00
 -2.02487E+01  3.90793E+00
 -2.00001E+01  2.00840E+00
 -1.97515E+01  2.96804E+00
 -1.95029E+01  3.03140E+00
 -1.92543E+01  2.79504E+00
 -1.90057E+01  9.74375E-01
 -1.87571E+01  9.12149E-01
 -1.85085E+01  1.56390E-01
 -1.82599E+01  3.95597E+00
 -1.80113E+01  2.02611E+00
 -1.77627E+01  2.96727E+00
 -1.75141E+01  1.02359E+00
 -1.72655E+01  4.92887E+00
 -1.70169E+01  3.62858E-03
 -1.67683E+01  1.99018E+00
 -1.65197E+01  1.99398E+00
 -1.62711E+01  1.03235E+00
 -1.60225E+01  1.89272E+00
 -1.57739E+01  3.91358E+00
 -1.55253E+01  1.23057E+00
 -1.52767E+01  8.86090E-01
 -1.50281E+01  3.84921E+00
 -1.47795E+01  3.08036E+00
 -1.45309E+01  7.78854E-01
 -1.42823E+01  1.72899E-01
 -1.40337E+01  2.02695E+00
 -1.37851E+01  1.97635E+00
 -1.35365E+01  1.02632E+00
 -1.32879E+01  9.43083E-01
 -1.30393E+01  2.64282E+00
 -1.27907E+01  3.86836E+00
 -1.25421E+01  4.00755E+00
 -1.22935E+01  4.01153E+00
 -1.20449E+01  3.10454E+00
 -1.17963E+01  3.85603E+00
 -1.15477E+01  2.31004E+00
 -1.12991E+01  6.04557E-02
 -1.10505E+01  3.59693E+00
 -1.08019E+01  3.04896E+00
 -1.05533E+01  5.92581E+00
 -1.03047E+01  1.65901E-01
 -1.00561E+01  1.89510E+00
 -9.80750E+00  8.14269E-03
 -9.55890E+00  2.97869E+00
 -9.31030E+00  1.10763E-01
 -9.06170E+00  1.51136E+00
 -8.81310E+00  4.75333E+00
 -8.56450E+00  2.00597E+00
 -8.31590E+00  3.18851E+00
 -8.06730E+00  3.62470E+00
 -7.81870E+00  1.11123E-01
 -7.57010E+00  2.00112E+00
 -7.32150E+00  2.07821E+00
 -7.07290E+00  2.84326E+00
 -6.82430E+00  1.01805E+00
 -6.57570E+00  2.96725E+00
 -6.32710E+00  1.99334E+00
 -6.07850E+00  3.96545E+00
 -5.82990E+00  2.00299E+00
 -5.58130E+00  1.98066E+00
 -5.33270E+00  1.98848E+00
 -5.08410E+00  2.96620E+00
 -4.83550E+00  3.01989E+00
 -4.58690E+00  4.58933E-03
 -4.33830E+00  8.72777E-01
 -4.08970E+00  4.82748E+00
 -3.84110E+00  1.66155E+00
 -3.59250E+00  1.49323E-01
 -3.34390E+00  2.01838E+00
 -3.09530E+00  1.95784E+00
 -2.84670E+00  2.11894E+00
 -2.59810E+00  5.02505E+00
 -2.34950E+00  6.06403E+00
 -2.10090E+00  9.05122E+00
 -1.85230E+00  1.20140E+01
 -1.60370E+00  1.54003E+01
 -1.35510E+00  2.64882E+01
 -1.10650E+00  4.04220E+01
 -8.57905E-01  7.21706E+01
 -6.09305E-01  1.65837E+02
 -3.60705E-01  2.21111E+02
 -1.12105E-01  2.93997E+02
  1.36495E-01  3.16348E+02
  3.85095E-01  2.59190E+02
  6.33695E-01  1.32694E+02
  8.82295E-01  6.84882E+01
  1.13090E+00  3.48684E+01
  1.37950E+00  2.13689E+01
  1.62810E+00  1.03579E+01
  1.87670E+00  4.11538E+00
  2.12530E+00  2.37490E+00
  2.37390E+00  3.70476E+00
  2.62250E+00  1.75500E+00
  2.87110E+00  6.14468E-01
  3.11970E+00  7.31684E-01
  3.36830E+00  3.92298E+00
  3.61690E+00  3.27121E+00
  3.86550E+00  4.58001E+00
  4.11410E+00  1.29725E+00
  4.36270E+00  4.96068E+00
  4.61130E+00  2.89038E+00
  4.85990E+00  9.52194E-01
  5.10850E+00  2.44342E+00
  5.35710E+00  6.69157E+00
  5.60570E+00  1.05317E+00
  5.85430E+00  2.95850E+00
  6.10290E+00  2.15029E+00
  6.35150E+00  3.08481E+00
  6.60010E+00  2.81160E+00
  6.84870E+00  1.89534E+00
  7.09730E+00  2.35142E+00
  7.34590E+00  4.13449E+00
  7.59450E+00  3.61238E+00
  7.84310E+00  9.19337E-01
  8.09170E+00  1.05178E+00
  8.34030E+00  1.92231E+00
  8.58890E+00  6.06435E-03
  8.83750E+00  9.64740E-01
  9.08610E+00  1.97156E+00
  9.33470E+00  2.00697E+00
  9.58330E+00  1.97479E+00
  9.83190E+00  2.92596E+00
  1.00805E+01  2.09606E+00
  1.03291E+01  1.90444E+00
  1.05777E+01  4.83422E+00
  1.08263E+01  3.19296E+00
  1.10749E+01  1.03348E+00
  1.13235E+01  2.31679E+00
  1.15721E+01  5.47272E+00
  1.18207E+01  8.03306E+00
  1.20693E+01  6.61082E+00
  1.23179E+01  3.50640E+00
  1.25665E+01  6.52962E-01
  1.28151E+01  4.98784E-01
  1.30637E+01  4.13198E+00
  1.33123E+01  3.96759E+00
  1.35609E+01  2.75970E+00
  1.38095E+01  0.00000E+00
  1.40581E+01  5.59244E-02
  1.43067E+01  1.97851E+00
  1.45553E+01  1.03354E+00
  1.48039E+01  3.89758E+00
  1.50525E+01  4.99500E+00
  1.53011E+01  4.04450E+00
  1.55497E+01  3.97647E+00
  1.57983E+01  3.98148E+00
  1.60469E+01  4.97565E+00
  1.62955E+01  2.95683E+00
  1.65441E+01  3.08471E+00
  1.67927E+01  3.88623E+00
  1.70413E+01  1.01140E+00
  1.72899E+01  1.99469E+00
  1.75385E+01  2.99936E+00
  1.77871E+01  4.00772E+00
  1.80357E+01  3.03997E+00
  1.82843E+01  3.99319E+00
  1.85329E+01  2.04986E+00
  1.87815E+01  5.84335E+00
  1.90301E+01  3.02579E+00
  1.92787E+01  2.97752E+00
  1.95273E+01  5.93710E+00
  1.97759E+01  5.02977E+00
  2.00245E+01  4.94863E+00
  2.02731E+01  9.91171E-01
  2.05217E+01  1.99732E+00
  2.07703E+01  8.90114E+00
  2.10189E+01  5.08620E+00
  2.12675E+01  6.97953E+00
  2.15161E+01  5.48273E+00
  2.17647E+01  4.12282E+00
  2.20133E+01  4.90398E+00
  2.22619E+01  5.57385E+00
  2.25105E+01  8.61823E+00
  2.27591E+01  5.62935E+00
  2.30077E+01  1.38797E+01
  2.32563E+01  7.74005E+00
  2.35049E+01  6.14288E+00
  2.37535E+01  7.82912E+00
  2.40021E+01  7.36974E+00
  2.42507E+01  9.82723E+00
  2.44993E+01  8.10378E+00
  2.47479E+01  8.84131E+00
  2.49965E+01  4.06778E+00
  2.52451E+01  1.05007E+01
  2.54937E+01  8.34105E+00
  2.57423E+01  5.96834E+00
  2.59909E+01  1.10977E+01
  2.62395E+01  1.49416E+01
  2.64881E+01  9.70015E+00
  2.67367E+01  1.39950E+01
  2.69853E+01  1.10129E+01
  2.72339E+01  1.07161E+01
  2.74825E+01  4.98577E+00
  2.77311E+01  6.02537E+00
  2.79797E+01  5.96879E+00
  2.82283E+01  5.04117E+00
  2.84769E+01  5.96930E+00
  2.87255E+01  4.02300E+00
  2.89741E+01  6.01249E+00
  2.92227E+01  7.01492E+00
  2.94713E+01  9.99772E+00
  2.97199E+01  4.05567E+00
  2.99685E+01  3.97567E+00
  3.02171E+01  7.92321E+00
  3.04657E+01  1.09113E+01
  3.07143E+01  9.36591E+00
  3.09629E+01  5.39790E+00
  3.12115E+01  4.84197E+00
  3.14601E+01  5.07279E+00
  3.17087E+01  2.99961E+00
  3.19573E+01  1.08471E+01
  3.22059E+01  5.92972E+00
  3.24545E+01  2.74093E+00
  3.27031E+01  1.85318E+00
  3.29517E+01  9.64512E+00
  3.32003E+01  4.73480E+00
  3.34489E+01  3.62153E+00
  3.36975E+01  1.46557E+00
  3.39461E+01  2.24657E+00
  3.41947E+01  1.05426E+01
  3.44433E+01  1.29290E+01
  3.46919E+01  6.87337E+00
  3.49405E+01  8.58368E+00
  3.51891E+01  3.54621E+00
  3.54377E+01  4.59330E+00
  3.56863E+01  7.78330E+00
  3.59349E+01  8.22173E+00
  3.61835E+01  3.86480E+00
  3.64321E+01  3.94747E+00
  3.66807E+01  2.60602E+00
  3.69293E+01  1.90328E+00
  3.71779E+01  7.07817E+00
  3.74265E+01  8.31319E+00
  3.76751E+01  4.76531E+00
  3.79237E+01  5.34857E+00
  3.81723E+01  8.20997E+00
  3.84209E+01  8.91896E+00
  3.86695E+01  6.01828E+00
  3.89181E+01  6.02020E+00
  3.91667E+01  2.07962E+00
  3.94153E+01  3.94363E+00
  3.96639E+01  3.05234E+00
  3.99125E+01  3.94292E+00
  4.01611E+01  3.08380E+00
  4.04097E+01  4.83339E+00
  4.06583E+01  5.11761E+00
  4.09069E+01  3.16948E+00
  4.11555E+01  4.74519E+00
  4.14041E+01  6.01557E+00
  4.16527E+01  5.09877E+00
  4.19013E+01  2.78656E+00
  4.21499E+01  2.47186E+00
  4.23985E+01  7.89415E+00
  4.26471E+01  5.07912E+00
  4.28957E+01  8.08909E+00
  4.31443E+01  8.12594E+00
  4.33929E+01  4.15553E+00
  4.36415E+01  6.76074E+00
  4.38901E+01  6.09496E+00
  4.41387E+01  8.97237E+00
  4.43873E+01  4.15527E+00
  4.46359E+01  2.02470E+00
  4.48845E+01  3.01061E+00
  4.51331E+01  3.32598E+00
  4.53817E+01  9.02515E+00
  4.56303E+01  5.97744E+00
  4.58789E+01  5.11376E+00
  4.61275E+01  6.93646E+00
  4.63761E+01  3.96729E+00
  4.66247E+01  2.06349E+00
  4.68733E+01  6.02289E+00
  4.71219E+01  2.92018E+00
  4.73705E+01  2.82911E+00
  4.76191E+01  2.01222E+00
  4.78677E+01  3.97793E+00
  4.81163E+01  6.33167E+00
  4.83649E+01  1.69664E+00
  4.86135E+01  8.10800E-01
  4.88621E+01  0.00000E+00
  4.91107E+01  1.11561E-01
  4.93593E+01  1.02235E+00
  4.96079E+01  1.02211E+00
  4.98565E+01  9.89493E-01
  5.01051E+01  0.00000E+00
  5.03537E+01  3.10897E-02
  5.06023E+01  4.03287E+00
  5.08509E+01  2.95360E+00
  5.10995E+01  9.63091E-01
  5.13481E+01  0.00000E+00
  5.15967E+01  0.00000E+00
  5.18453E+01  1.74106E-01
  5.20939E+01  8.50897E-01
  5.23425E+01  2.26871E-01
  5.25911E+01  1.12039E+00
  5.28397E+01  5.99029E-01
  5.30883E+01  6.10748E-01
  5.33369E+01  3.20758E+00
  5.35855E+01  2.85647E+00
  5.38341E+01  9.23940E-01
  5.40827E+01  3.21421E-03
  5.43313E+01  1.00228E+00
  5.45799E+01  3.46511E-02
  5.48285E+01  1.91517E+00
  5.50771E+01  1.46897E-01
  5.53257E+01  0.00000E+00
  5.55743E+01  0.00000E+00
  5.58229E+01  0.00000E+00
  5.60715E+01  0.00000E+00
  5.63201E+01  0.00000E+00
  5.65687E+01  0.00000E+00
  5.68173E+01  0.00000E+00
  5.70659E+01  0.00000E+00
  5.73145E+01  0.00000E+00
  5.75631E+01  0.00000E+00
  5.78117E+01  0.00000E+00
  5.80603E+01  1.41397E-01
  5.83089E+01  8.93983E-01
  5.85575E+01  1.41550E-01
  5.88061E+01  9.02742E-01
  5.90547E+01  0.00000E+00
  5.93033E+01  0.00000E+00
  5.95519E+01  4.43537E-01
  5.98005E+01  2.73715E+00
  6.00491E+01  3.04643E-02
  6.02977E+01  1.03940E+00
  6.05463E+01  9.38461E-01
  6.07949E+01  4.01700E-02
  6.10435E+01  1.03405E+00
  6.12921E+01  9.69672E-01
  6.15407E+01  0.00000E+00
  6.17893E+01  0.00000E+00
  6.20379E+01  0.00000E+00
  6.22865E+01  0.00000E+00
  6.25351E+01  1.54404E-02
  6.27837E+01  9.82677E-01
  6.30323E+01  3.71719E-02
  6.32809E+01  1.00243E+00
  6.35295E+01  9.85803E-03
  6.37781E+01  9.89678E-01
  6.40267E+01  1.00930E+00
  6.42753E+01  1.01313E+00
  6.45239E+01  1.00082E+00
  6.47725E+01  0.00000E+00
  6.50211E+01  0.00000E+00
  6.52697E+01  9.98253E-01
  6.55183E+01  2.01766E+00
  6.57669E+01  1.31246E-01
  6.60155E+01  0.00000E+00
  6.62641E+01  0.00000E+00
  6.65127E+01  0.00000E+00
  6.67613E+01  0.00000E+00
  6.70099E+01  1.88734E+00
  6.72585E+01  2.31602E-01
  6.75071E+01  0.00000E+00
  6.77557E+01  0.00000E+00
  6.80043E+01  0.00000E+00
  6.82529E+01  0.00000E+00
  6.85015E+01  9.64992E-02
  6.87501E+01  9.61459E-01
  6.89987E+01  0.00000E+00
  6.92473E+01  0.00000E+00
  6.94959E+01  2.01418E-02
  6.97445E+01  1.00242E+00
  6.99931E+01  0.00000E+00
  7.02417E+01  0.00000E+00
  7.04903E+01  1.02920E+00
  7.07389E+01  9.76131E-01
  7.09875E+01  6.20292E-02
  7.12361E+01  9.56016E-01
  7.14847E+01  5.18004E-02
  7.17333E+01  9.77156E-01
  7.19819E+01  0.00000E+00
  7.22305E+01  0.00000E+00
  7.24791E+01  0.00000E+00
  7.27277E+01  1.73476E-01
  7.29763E+01  9.03281E-01
  7.32249E+01  0.00000E+00
  7.34735E+01  0.00000E+00
  7.37221E+01  0.00000E+00
  7.39707E+01  0.00000E+00
  7.42193E+01  0.00000E+00
  7.44679E+01  0.00000E+00
  7.47165E+01  0.00000E+00
  7.49651E+01  0.00000E+00
  7.52137E+01  0.00000E+00
  7.54623E+01  0.00000E+00
  7.57109E+01  0.00000E+00
  7.59595E+01  0.00000E+00
  7.62081E+01  9.74565E-01
  7.64567E+01  6.05814E-02
  7.67053E+01  9.48230E-01
  7.69539E+01  9.00929E-02
  7.72025E+01  0.00000E+00
  7.74511E+01  0.00000E+00
  7.76997E+01  0.00000E+00
  7.79483E+01  0.00000E+00
  7.81969E+01  0.00000E+00
  7.84455E+01  0.00000E+00
  7.86941E+01  0.00000E+00
  7.89427E+01  0.00000E+00
  7.91913E+01  0.00000E+00
  7.94399E+01  0.00000E+00
  7.96885E+01  0.00000E+00
  7.99371E+01  0.00000E+00
  8.01857E+01  0.00000E+00
  8.04343E+01  0.00000E+00
  8.06829E+01  0.00000E+00
  8.09315E+01  9.52671E-01
  8.11801E+01  4.98812E-02
  8.14287E+01  9.60738E-01
  8.16773E+01  2.39236E-02
  8.19259E+01  0.00000E+00
  8.21745E+01  0.00000E+00
  8.24231E+01  1.00918E+00
  8.26717E+01  1.01194E-03
  8.29203E+01  0.00000E+00
  8.31689E+01  0.00000E+00
  8.34175E+01  0.00000E+00
  8.36661E+01  0.00000E+00
  8.39147E+01  6.28535E-02
  8.41633E+01  1.01023E+00
  8.44119E+01  0.00000E+00

 -6.44726E+01  0.00000E+00
 -6.42240E+01  0.00000E+00
 -6.39753E+01  0.00000E+00
 -6.37267E+01  0.00000E+00
 -6.34780E+01  0.00000E+00
 -6.32294E+01  9.53299E-02
 -6.29807E+01  1.02971E+00
 -6.27321E+01  6.83703E-01
 -6.24834E+01  5.38473E-01
 -6.22348E+01  1.46761E+00
 -6.19861E+01  0.00000E+00
 -6.17375E+01  0.00000E+00
 -6.14888E+01  2.48325E-01
 -6.12402E+01  1.06714E+00
 -6.09915E+01  7.25408E-01
 -6.07429E+01  0.00000E+00
 -6.04942E+01  0.00000E+00
 -6.02456E+01  0.00000E+00
 -5.99969E+01  0.00000E+00
 -5.97483E+01  0.00000E+00
 -5.94996E+01  0.00000E+00
 -5.92510E+01  0.00000E+00
 -5.90023E+01  3.53480E-01
 -5.87537E+01  1.08665E+00
 -5.85050E+01  6.31604E-01
 -5.82564E+01  0.00000E+00
 -5.80077E+01  0.00000E+00
 -5.77591E+01  0.00000E+00
 -5.75104E+01  0.00000E+00
 -5.72618E+01  0.00000E+00
 -5.70131E+01  0.00000E+00
 -5.67645E+01  0.00000E+00
 -5.65158E+01  0.00000E+00
 -5.62672E+01  6.03608E-01
 -5.60185E+01  1.49824E+00
 -5.57699E+01  1.83850E-01
 -5.55212E+01  8.17974E-01
 -5.52726E+01  0.00000E+00
 -5.50239E+01  0.00000E+00
 -5.47753E+01  0.00000E+00
 -5.45266E+01  1.80820E-01
 -5.42780E+01  8.37756E-01
 -5.40293E+01  0.00000E+00
 -5.37807E+01  0.00000E+00
 -5.35320E+01  3.16489E-01
 -5.32834E+01  7.45365E-01
 -5.30347E+01  2.17550E-01
 -5.27861E+01  8.28410E-01
 -5.25374E+01  0.00000E+00
 -5.22888E+01  0.00000E+00
 -5.20401E+01  1.74501E-01
 -5.17915E+01  1.31321E+00
 -5.15428E+01  1.79805E+00
 -5.12942E+01  5.68366E-01
 -5.10455E+01  4.94756E-01
 -5.07969E+01  1.60865E+00
 -5.05482E+01  0.00000E+00
 -5.02996E+01  0.00000E+00
 -5.00509E+01  9.21134E-02
 -4.98023E+01  1.11322E+00
 -4.95536E+01  1.80978E+00
 -4.93050E+01  3.89326E-02
 -4.90563E+01  1.00790E+00
 -4.88077E+01  7.19364E-01
 -4.85590E+01  0.00000E+00
 -4.83104E+01  1.40011E+00
 -4.80617E+01  3.84123E+00
 -4.78131E+01  2.61307E+00
 -4.75644E+01  1.02666E+00
 -4.73158E+01  6.05715E-01
 -4.70671E+01  2.06515E+00
 -4.68185E+01  2.05905E+00
 -4.65698E+01  1.31159E+00
 -4.63212E+01  7.07375E-01
 -4.60725E+01  2.81745E+00
 -4.58239E+01  2.00547E+00
 -4.55752E+01  1.38666E+00
 -4.53266E+01  1.49718E-01
 -4.50779E+01  1.06388E+00
 -4.48293E+01  8.09883E-01
 -4.45806E+01  0.00000E+00
 -4.43320E+01  0.00000E+00
 -4.40833E+01  1.36809E-01
 -4.38347E+01  1.09142E+00
 -4.35860E+01  7.18570E-01
 -4.33374E+01  0.00000E+00
 -4.30887E+01  5.01165E-01
 -4.28401E+01  2.00748E+00
 -4.25914E+01  2.20412E+00
 -4.23428E+01  2.98921E+00
 -4.20941E+01  2.99626E+00
 -4.18455E+01  2.77682E+00
 -4.15968E+01  1.35216E+00
 -4.13482E+01  1.58476E-01
 -4.10995E+01  1.07490E+00
 -4.08509E+01  7.07241E-01
 -4.06022E+01  3.07477E-01
 -4.03536E+01  1.89169E+00
 -4.01049E+01  9.53536E-01
 -3.98563E+01  9.80216E-01
 -3.96076E+01  9.49600E-01
 -3.93590E+01  1.08163E+00
 -3.91103E+01  3.18152E+00
 -3.88617E+01  3.35098E+00
 -3.86130E+01  3.53999E-02
 -3.83644E+01  1.03264E+00
 -3.81157E+01  8.64712E-01
 -3.78671E+01  1.83130E+00
 -3.76184E+01  2.33573E+00
 -3.73698E+01  1.05436E+00
 -3.71211E+01  2.37750E+00
 -3.68725E+01  4.04500E+00
 -3.66238E+01  3.82139E+00
 -3.63752E+01  1.11368E+00
 -3.61265E+01  8.97460E-01
 -3.58779E+01  1.89649E+00
 -3.56292E+01  1.95918E+00
 -3.53806E+01  2.92135E+00
 -3.51319E+01  8.99804E-01
 -3.48833E+01  1.29958E+00
 -3.46346E+01  2.48272E+00
 -3.43860E+01  2.82904E-01
 -3.41373E+01  1.89218E+00
 -3.38887E+01  6.41116E-01
 -3.36400E+01  5.35627E-01
 -3.33914E+01  2.92201E+00
 -3.31427E+01  3.97719E+00
 -3.28941E+01  6.62958E+00
 -3.26454E+01  4.67124E+00
 -3.23968E+01  3.20412E+00
 -3.21481E+01  2.52817E+00
 -3.18995E+01  6.16010E+00
 -3.16508E+01  6.68866E+00
 -3.14022E+01  2.48233E+00
 -3.11535E+01  1.79417E+00
 -3.09049E+01  2.50004E+00
 -3.06562E+01  4.47250E+00
 -3.04076E+01  2.23246E+00
 -3.01589E+01  3.84110E+00
 -2.99103E+01  2.57014E+00
 -2.96616E+01  2.63567E+00
 -2.94130E+01  4.23082E+00
 -2.91643E+01  2.71483E+00
 -2.89157E+01  7.69827E+00
 -2.86670E+01  7.58747E+00
 -2.84184E+01  3.54057E+00
 -2.81697E+01  5.26359E+00
 -2.79211E+01  2.99483E+00
 -2.76724E+01  4.05554E+00
 -2.74238E+01  5.64436E+00
 -2.71751E+01  8.45325E+00
 -2.69265E+01  7.76262E+00
 -2.66778E+01  7.04174E+00
 -2.64292E+01  7.75896E+00
 -2.61805E+01  5.70484E+00
 -2.59319E+01  5.83513E+00
 -2.56832E+01  6.44404E+00
 -2.54346E+01  6.07848E+00
 -2.51859E+01  5.23011E+00
 -2.49373E+01  5.63523E+00
 -2.46886E+01  4.71448E+00
 -2.44400E+01  5.97518E+00
 -2.41913E+01  6.74252E+00
 -2.39427E+01  4.66065E+00
 -2.36940E+01  6.42292E+00
 -2.34454E+01  5.19621E+00
 -2.31967E+01  5.70060E+00
 -2.29481E+01  3.77964E+00
 -2.26994E+01  4.72148E+00
 -2.24508E+01  6.43593E+00
 -2.22021E+01  3.19351E+00
 -2.19535E+01  4.31802E+00
 -2.17048E+01  4.44789E+00
 -2.14562E+01  2.09999E+00
 -2.12075E+01  6.11702E+00
 -2.09589E+01  5.42078E+00
 -2.07102E+01  3.79980E+00
 -2.04616E+01  5.55096E+00
 -2.02129E+01  3.08378E+00
 -1.99643E+01  2.61728E+00
 -1.97156E+01  3.38160E+00
 -1.94670E+01  1.97231E+00
 -1.92183E+01  1.08638E+00
 -1.89697E+01  1.25134E+00
 -1.87210E+01  3.77318E+00
 -1.84724E+01  3.23440E+00
 -1.82237E+01  3.89460E+00
 -1.79751E+01  5.10959E+00
 -1.77264E+01  4.21227E+00
 -1.74778E+01  1.71791E+00
 -1.72291E+01  1.86374E+00
 -1.69805E+01  2.94036E+00
 -1.67318E+01  2.80861E+00
 -1.64832E+01  1.92902E+00
 -1.62345E+01  3.58941E+00
 -1.59859E+01  4.12066E+00
 -1.57372E+01  4.66258E+00
 -1.54886E+01  2.31123E+00
 -1.52399E+01  4.43006E+00
 -1.49913E+01  4.30569E+00
 -1.47426E+01  4.10221E+00
 -1.44940E+01  5.44912E+00
 -1.42453E+01  1.68297E+00
 -1.39967E+01  5.46565E+00
 -1.37480E+01  5.42582E+00
 -1.34994E+01  3.48085E+00
 -1.32507E+01  3.33667E+00
 -1.30021E+01  3.16231E+00
 -1.27534E+01  1.85192E+00
 -1.25048E+01  2.03131E+00
 -1.22561E+01  1.50580E+00
 -1.20075E+01  1.19835E+00
 -1.17588E+01  2.68670E+00
 -1.15102E+01  4.51978E+00
 -1.12615E+01  4.10209E+00
 -1.10129E+01  2.07338E+00
 -1.07642E+01  3.07673E+00
 -1.05156E+01  2.45423E+00
 -1.02669E+01  1.07249E+00
 -1.00183E+01  2.27372E+00
 -9.76960E+00  2.50999E+00
 -9.52095E+00  3.33052E+00
 -9.27230E+00  6.32158E+00
 -9.02365E+00  3.39911E+00
 -8.77500E+00  3.21928E+00
 -8.52635E+00  4.04958E+00
 -8.27770E+00  3.66663E+00
 -8.02905E+00  2.53866E+00
 -7.78040E+00  1.76661E+00
 -7.53175E+00  2.83103E+00
 -7.28310E+00  3.09587E+00
 -7.03445E+00  1.03576E+00
 -6.78580E+00  2.30472E+00
 -6.53715E+00  2.29906E+00
 -6.28850E+00  6.65540E-01
 -6.03985E+00  3.80045E+00
 -5.79120E+00  3.54534E+00
 -5.54255E+00  4.71714E+00
 -5.29390E+00  3.72112E+00
 -5.04525E+00  5.46298E+00
 -4.79660E+00  4.39274E+00
 -4.54795E+00  2.81260E+00
 -4.29930E+00  4.22942E+00
 -4.05065E+00  2.03273E+00
 -3.80200E+00  5.06996E+00
 -3.55335E+00  5.63189E+00
 -3.30470E+00  6.20153E+00
 -3.05605E+00  4.48416E+00
 -2.80740E+00  7.19580E+00
 -2.55875E+00  5.28490E+00
 -2.31010E+00  2.31699E+00
 -2.06145E+00  9.37118E+00
 -1.81280E+00  1.57178E+01
 -1.56415E+00  1.99830E+01
 -1.31550E+00  4.17932E+01
 -1.06685E+00  7.00865E+01
 -8.18200E-01  1.35942E+02
 -5.69550E-01  2.46371E+02
 -3.20900E-01  4.04486E+02
 -7.22504E-02  5.16949E+02
  1.76400E-01  4.47723E+02
  4.25050E-01  3.41589E+02
  6.73700E-01  2.13405E+02
  9.22350E-01  1.11690E+02
  1.17100E+00  4.90372E+01
  1.41965E+00  2.37533E+01
  1.66830E+00  1.69181E+01
  1.91695E+00  1.30712E+01
  2.16560E+00  8.55881E+00
  2.41425E+00  6.88339E+00
  2.66290E+00  6.63639E+00
  2.91155E+00  6.36753E+00
  3.16020E+00  5.63249E+00
  3.40885E+00  3.91760E+00
  3.65750E+00  5.01138E+00
  3.90615E+00  3.15756E+00
  4.15480E+00  4.18928E+00
  4.40345E+00  2.83642E+00
  4.65210E+00  1.46020E+00
  4.90075E+00  3.12409E+00
  5.14940E+00  2.53960E+00
  5.39805E+00  2.90330E+00
  5.64670E+00  6.14045E+00
  5.89535E+00  6.01524E+00
  6.14400E+00  5.69926E+00
  6.39265E+00  5.02179E+00
  6.64130E+00  3.96588E+00
  6.88995E+00  5.43085E+00
  7.13860E+00  1.00102E+01
  7.38725E+00  5.06194E+00
  7.63590E+00  4.38558E+00
  7.88455E+00  3.67232E+00
  8.13320E+00  3.35791E+00
  8.38185E+00  5.18570E+00
  8.63050E+00  3.06219E+00
  8.87915E+00  4.20285E+00
  9.12780E+00  5.26360E+00
  9.37645E+00  5.64831E+00
  9.62510E+00  3.58579E+00
  9.87375E+00  4.08348E+00
  1.01224E+01  6.93356E+00
  1.03710E+01  3.66925E+00
  1.06197E+01  6.98518E+00
  1.08683E+01  5.51800E+00
  1.11170E+01  3.75589E+00
  1.13656E+01  4.87458E+00
  1.16143E+01  8.50749E+00
  1.18629E+01  3.94465E+00
  1.21116E+01  4.97105E+00
  1.23602E+01  6.27087E+00
  1.26089E+01  1.09210E+01
  1.28575E+01  1.04097E+01
  1.31062E+01  9.38950E+00
  1.33548E+01  9.10405E+00
  1.36035E+01  9.65335E+00
  1.38521E+01  5.50739E+00
  1.41008E+01  6.40304E+00
  1.43494E+01  6.99122E+00
  1.45981E+01  7.50914E+00
  1.48467E+01  7.56564E+00
  1.50954E+01  4.19091E+00
  1.53440E+01  3.50112E+00
  1.55927E+01  7.37565E+00
  1.58413E+01  6.35344E+00
  1.60900E+01  4.81707E+00
  1.63386E+01  5.74507E+00
  1.65873E+01  6.22695E+00
  1.68359E+01  4.58725E+00
  1.70846E+01  4.80060E+00
  1.73332E+01  1.48294E+00
  1.75819E+01  5.81101E+00
  1.78305E+01  7.75860E+00
  1.80792E+01  7.80513E+00
  1.83278E+01  1.10099E+01
  1.85765E+01  1.07008E+01
  1.88251E+01  7.11515E+00
  1.90738E+01  7.76650E+00
  1.93224E+01  7.00961E+00
  1.95711E+01  6.86038E+00
  1.98197E+01  4.70138E+00
  2.00684E+01  5.09051E+00
  2.03170E+01  1.11778E+01
  2.05657E+01  9.96720E+00
  2.08143E+01  7.60875E+00
  2.10630E+01  4.68691E+00
  2.13116E+01  1.04868E+01
  2.15603E+01  1.33925E+01
  2.18089E+01  9.65204E+00
  2.20576E+01  1.10525E+01
  2.23062E+01  1.43241E+01
  2.25549E+01  8.43657E+00
  2.28035E+01  9.06313E+00
  2.30522E+01  1.39809E+01
  2.33008E+01  1.42822E+01
  2.35495E+01  1.46935E+01
  2.37981E+01  1.24022E+01
  2.40468E+01  1.53517E+01
  2.42954E+01  1.67994E+01
  2.45441E+01  1.68186E+01
  2.47927E+01  1.75474E+01
  2.50414E+01  1.29983E+01
  2.52900E+01  1.04684E+01
  2.55387E+01  1.71351E+01
  2.57873E+01  1.81705E+01
  2.60360E+01  2.16318E+01
  2.62846E+01  1.71043E+01
  2.65333E+01  1.22835E+01
  2.67819E+01  1.08443E+01
  2.70306E+01  1.59327E+01
  2.72792E+01  1.41732E+01
  2.75279E+01  1.48955E+01
  2.77765E+01  1.30006E+01
  2.80252E+01  1.29219E+01
  2.82738E+01  1.46484E+01
  2.85225E+01  1.87763E+01
  2.87711E+01  1.26434E+01
  2.90198E+01  1.30693E+01
  2.92684E+01  6.84865E+00
  2.95171E+01  1.26837E+01
  2.97657E+01  1.14606E+01
  3.00144E+01  1.06405E+01
  3.02630E+01  1.46691E+01
  3.05117E+01  9.71124E+00
  3.07603E+01  1.49868E+01
  3.10090E+01  1.19255E+01
  3.12576E+01  1.11620E+01
  3.15063E+01  1.31274E+01
  3.17549E+01  9.02540E+00
  3.20036E+01  8.04707E+00
  3.22522E+01  5.93629E+00
  3.25009E+01  1.35715E+01
  3.27495E+01  1.74823E+01
  3.29982E+01  1.21091E+01
  3.32468E+01  1.02525E+01
  3.34955E+01  5.70756E+00
  3.37441E+01  9.10013E+00
  3.39928E+01  7.79862E+00
  3.42414E+01  7.17033E+00
  3.44901E+01  1.04586E+01
  3.47387E+01  1.38156E+01
  3.49874E+01  7.59027E+00
  3.52360E+01  1.04805E+01
  3.54847E+01  6.90459E+00
  3.57333E+01  7.01182E+00
  3.59820E+01  7.30426E+00
  3.62306E+01  9.28092E+00
  3.64793E+01  9.91640E+00
  3.67279E+01  7.15583E+00
  3.69766E+01  1.01532E+01
  3.72252E+01  9.70644E+00
  3.74739E+01  5.01708E+00
  3.77225E+01  6.19348E+00
  3.79712E+01  7.07989E+00
  3.82198E+01  5.99190E+00
  3.84685E+01  2.82811E+00
  3.87171E+01  8.90552E+00
  3.89658E+01  6.10015E+00
  3.92144E+01  7.07973E+00
  3.94631E+01  7.17629E+00
  3.97117E+01  8.42360E+00
  3.99604E+01  1.09155E+01
  4.02090E+01  1.03712E+01
  4.04577E+01  2.63972E+00
  4.07063E+01  6.60157E+00
  4.09550E+01  2.96998E+00
  4.12036E+01  4.59744E+00
  4.14523E+01  6.85315E+00
  4.17009E+01  5.34823E+00
  4.19496E+01  6.93204E+00
  4.21982E+01  4.89957E+00
  4.24469E+01  3.93425E+00
  4.26955E+01  4.38480E+00
  4.29442E+01  8.07819E+00
  4.31928E+01  7.29888E+00
  4.34415E+01  1.07746E+01
  4.36901E+01  9.48393E+00
  4.39388E+01  4.48356E+00
  4.41874E+01  1.19716E+01
  4.44361E+01  8.96745E+00
  4.46847E+01  9.59853E+00
  4.49334E+01  8.96864E+00
  4.51820E+01  5.26326E+00
  4.54307E+01  7.07589E+00
  4.56793E+01  9.84730E+00
  4.59280E+01  1.51924E+01
  4.61766E+01  6.04028E+00
  4.64253E+01  6.75351E+00
  4.66739E+01  4.20350E+00
  4.69226E+01  6.37641E+00
  4.71712E+01  6.84903E+00
  4.74199E+01  5.30580E+00
  4.76685E+01  5.50410E+00
  4.79172E+01  8.53905E-01
  4.81658E+01  1.05355E+00
  4.84145E+01  2.27210E+00
  4.86631E+01  3.39436E+00
  4.89118E+01  7.30787E-02
  4.91604E+01  8.03419E-01
  4.94091E+01  4.59641E-01
  4.96577E+01  1.67152E+00
  4.99064E+01  1.18960E-01
  5.01550E+01  9.82461E-01
  5.04037E+01  1.49815E+00
  5.06523E+01  2.59012E+00
  5.09010E+01  3.86942E-01
  5.11496E+01  2.89507E+00
  5.13983E+01  7.78608E-01
  5.16469E+01  0.00000E+00
  5.18956E+01  0.00000E+00
  5.21442E+01  0.00000E+00
  5.23929E+01  0.00000E+00
  5.26415E+01  0.00000E+00
  5.28902E+01  0.00000E+00
  5.31388E+01  1.62843E-01
  5.33875E+01  1.04691E+00
  5.36361E+01  1.04421E+00
  5.38848E+01  7.53307E-01
  5.41334E+01  1.53074E-01
  5.43821E+01  1.09784E+00
  5.46307E+01  7.70965E-01
  5.48794E+01  3.77783E-01
  5.51280E+01  1.70012E+00
  5.53767E+01  3.34528E-01
  5.56253E+01  1.73446E+00
  5.58740E+01  0.00000E+00
  5.61226E+01  0.00000E+00
  5.63713E+01  0.00000E+00
  5.66199E+01  3.36163E-01
  5.68686E+01  7.82765E-01
  5.71172E+01  1.56867E-01
  5.73659E+01  1.08963E+00
  5.76145E+01  9.16875E-01
  5.78632E+01  0.00000E+00
  5.81118E+01  3.54410E-02
  5.83605E+01  1.43905E+00
  5.86091E+01  3.89699E+00
  5.88578E+01  0.00000E+00
  5.91064E+01  4.28902E-01
  5.93551E+01  1.96068E+00
  5.96037E+01  9.99056E-01
  5.98524E+01  1.06106E+00
  6.01010E+01  8.90943E-01
  6.03497E+01  0.00000E+00
  6.05983E+01  1.55159E-01
  6.08470E+01  9.06070E-01
  6.10956E+01  1.17772E-01
  6.13443E+01  9.29626E-01
  6.15929E+01  1.02667E-01
  6.18416E+01  9.97390E-01
  6.20902E+01  0.00000E+00
  6.23389E+01  1.60749E-01
  6.25875E+01  3.10792E+00
  6.28362E+01  1.04822E+00
  6.30848E+01  4.45505E-04
  6.33335E+01  1.96746E+00
  6.35821E+01  1.23651E-01
  6.38308E+01  1.93769E+00
  6.40794E+01  0.00000E+00
  6.43281E+01  0.00000E+00
  6.45767E+01  0.00000E+00
  6.48254E+01  0.00000E+00
  6.50740E+01  0.00000E+00
  6.53227E+01  5.40945E-01
  6.55713E+01  2.64517E+00
  6.58200E+01  0.00000E+00
  6.60686E+01  0.00000E+00
  6.63173E+01  2.02246E-01
  6.65659E+01  1.10370E+00
  6.68146E+01  8.39003E-01
  6.70632E+01  1.08010E-01
  6.73119E+01  1.06473E+00
  6.75605E+01  9.57373E-01
  6.78092E+01  7.06269E-03
  6.80578E+01  9.82899E-01
  6.83065E+01  1.00881E-01
  6.85551E+01  0.00000E+00
  6.88038E+01  1.77471E+00
  6.90524E+01  5.08721E-01
  6.93011E+01  0.00000E+00
  6.95497E+01  9.49813E-01
  6.97984E+01  1.06145E+00
  7.00470E+01  3.42405E-02
  7.02957E+01  9.77262E-01
  7.05443E+01  1.30244E-02
  7.07930E+01  1.00392E+00
  7.10416E+01  1.04004E+00
  7.12903E+01  0.00000E+00
  7.15389E+01  6.37362E-03
  7.17876E+01  1.02825E+00
  7.20362E+01  1.02939E+00
  7.22849E+01  1.04164E+00
  7.25335E+01  7.13196E-02
  7.27822E+01  9.05562E-01
  7.30308E+01  1.05545E+00
  7.32795E+01  1.03234E+00
  7.35281E+01  1.05188E+00
  7.37768E+01  4.56199E-02
  7.40254E+01  0.00000E+00
  7.42741E+01  1.49380E-01
  7.45227E+01  1.09794E+00
  7.47714E+01  9.01225E-01
  7.50200E+01  0.00000E+00
  7.52687E+01  1.08222E-01
  7.55173E+01  9.29484E-01
  7.57660E+01  1.77881E-01
  7.60146E+01  1.89920E+00
  7.62633E+01  0.00000E+00
  7.65119E+01  0.00000E+00
  7.67606E+01  0.00000E+00
  7.70092E+01  0.00000E+00
  7.72579E+01  0.00000E+00
  7.75065E+01  0.00000E+00
  7.77552E+01  0.00000E+00
  7.80038E+01  2.66563E-02
  7.82525E+01  1.04376E+00
  7.85011E+01  1.04618E+00
  7.87498E+01  1.04838E+00
  7.89984E+01  3.74427E-02
  7.92471E+01  0.00000E+00
  7.94957E+01  0.00000E+00
  7.97444E+01  1.39153E-01
  7.99930E+01  9.53621E-01
  8.02417E+01  0.00000E+00
  8.04903E+01  3.44485E-01
  8.07390E+01  1.81582E+00
  8.09876E+01  0.00000E+00
  8.12363E+01  0.00000E+00
  8.14849E+01  2.38326E-01
  8.17336E+01  8.88736E-01
  8.19822E+01  0.00000E+00
  8.22309E+01  0.00000E+00
  8.24795E+01  0.00000E+00
  8.27282E+01  0.00000E+00
  8.29768E+01  0.00000E+00
  8.32255E+01  0.00000E+00
  8.34741E+01  1.02837E+00
  8.37228E+01  1.07069E+00
  8.39714E+01  1.03574E-01
  8.42201E+01  0.00000E+00
  8.44687E+01  0.00000E+00
  8.47174E+01  0.00000E+00

 -6.46781E+01  9.76878E-01
 -6.44288E+01  9.76194E-01
 -6.41795E+01  9.78570E-01
 -6.39303E+01  9.89455E-01
 -6.36810E+01  2.65159E-02
 -6.34317E+01  1.85571E+00
 -6.31825E+01  0.00000E+00
 -6.29332E+01  3.69824E-01
 -6.26839E+01  2.59013E+00
 -6.24347E+01  0.00000E+00
 -6.21854E+01  0.00000E+00
 -6.19361E+01  0.00000E+00
 -6.16869E+01  2.37555E-01
 -6.14376E+01  1.06363E+00
 -6.11883E+01  7.87855E-01
 -6.09391E+01  0.00000E+00
 -6.06898E+01  0.00000E+00
 -6.04405E+01  0.00000E+00
 -6.01913E+01  3.37290E-02
 -5.99420E+01  9.53069E-01
 -5.96927E+01  4.48068E-02
 -5.94435E+01  9.87418E-01
 -5.91942E+01  9.74209E-01
 -5.89449E+01  9.75640E-01
 -5.86957E+01  9.53600E-01
 -5.84464E+01  1.04697E+00
 -5.81971E+01  1.75817E+00
 -5.79479E+01  0.00000E+00
 -5.76986E+01  0.00000E+00
 -5.74493E+01  0.00000E+00
 -5.72001E+01  9.44550E-01
 -5.69508E+01  4.79513E-02
 -5.67015E+01  9.62724E-01
 -5.64523E+01  2.06985E-02
 -5.62030E+01  0.00000E+00
 -5.59537E+01  0.00000E+00
 -5.57045E+01  0.00000E+00
 -5.54552E+01  0.00000E+00
 -5.52059E+01  0.00000E+00
 -5.49567E+01  0.00000E+00
 -5.47074E+01  0.00000E+00
 -5.44581E+01  0.00000E+00
 -5.42089E+01  0.00000E+00
 -5.39596E+01  0.00000E+00
 -5.37103E+01  0.00000E+00
 -5.34611E+01  0.00000E+00
 -5.32118E+01  8.85851E-01
 -5.29625E+01  2.35657E-02
 -5.27133E+01  0.00000E+00
 -5.24640E+01  0.00000E+00
 -5.22147E+01  0.00000E+00
 -5.19655E+01  0.00000E+00
 -5.17162E+01  1.76298E+00
 -5.14669E+01  1.08881E+00
 -5.12177E+01  9.79661E-01
 -5.09684E+01  0.00000E+00
 -5.07191E+01  0.00000E+00
 -5.04699E+01  0.00000E+00
 -5.02206E+01  1.27426E-01
 -4.99713E+01  9.26935E-01
 -4.97221E+01  0.00000E+00
 -4.94728E+01  2.41747E-01
 -4.92235E+01  1.78965E+00
 -4.89743E+01  5.13281E-02
 -4.87250E+01  1.00254E+00
 -4.84757E+01  9.79780E-01
 -4.82265E+01  9.77767E-01
 -4.79772E+01  9.77990E-01
 -4.77279E+01  9.59591E-01
 -4.74787E+01  1.02575E+00
 -4.72294E+01  1.93085E+00
 -4.69801E+01  9.47349E-01
 -4.67309E+01  1.11195E+00
 -4.64816E+01  1.89811E+00
 -4.62323E+01  8.08675E-01
 -4.59831E+01  0.00000E+00
 -4.57338E+01  2.85835E-01
 -4.54845E+01  1.93495E+00
 -4.52353E+01  8.88381E-01
 -4.49860E+01  2.88472E-02
 -4.47367E+01  2.73055E+00
 -4.44875E+01  2.17013E+00
 -4.42382E+01  1.10065E+00
 -4.39889E+01  8.12761E-03
 -4.37397E+01  2.80234E+00
 -4.34904E+01  1.97895E+00
 -4.32411E+01  1.02892E+00
 -4.29919E+01  1.95909E+00
 -4.27426E+01  2.34410E+00
 -4.24933E+01  2.20860E+00
 -4.22441E+01  9.38975E-02
 -4.19948E+01  1.06050E+00
 -4.17455E+01  8.19005E-01
 -4.14963E+01  0.00000E+00
 -4.12470E+01  9.89705E-02
 -4.09977E+01  9.47145E-01
 -4.07485E+01  0.00000E+00
 -4.04992E+01  6.96845E-02
 -4.02499E+01  1.97036E+00
 -4.00007E+01  1.95599E+00
 -3.97514E+01  1.94334E+00
 -3.95021E+01  2.06198E+00
 -3.92529E+01  3.00971E+00
 -3.90036E+01  2.71008E+00
 -3.87543E+01  1.14787E+00
 -3.85051E+01  2.90041E+00
 -3.82558E+01  1.94384E+00
 -3.80065E+01  1.99203E+00
 -3.77573E+01  1.82320E+00
 -3.75080E+01  7.62997E-01
 -3.72587E+01  4.82834E+00
 -3.70095E+01  2.52106E+00
 -3.67602E+01  1.10772E+00
 -3.65109E+01  3.25801E+00
 -3.62617E+01  4.82363E+00
 -3.60124E+01  2.59410E+00
 -3.57631E+01  5.87832E-02
 -3.55139E+01  1.19061E+00
 -3.52646E+01  5.38452E+00
 -3.50153E+01  7.51575E+00
 -3.47661E+01  2.69351E+00
 -3.45168E+01  2.51507E+00
 -3.42675E+01  5.60403E+00
 -3.40183E+01  3.16661E+00
 -3.37690E+01  4.72953E+00
 -3.35197E+01  2.99586E+00
 -3.32705E+01  4.17564E+00
 -3.30212E+01  4.49938E+00
 -3.27719E+01  9.37157E-01
 -3.25227E+01  2.26408E+00
 -3.22734E+01  3.55424E+00
 -3.20241E+01  1.82915E+00
 -3.17749E+01  2.20858E+00
 -3.15256E+01  2.95742E+00
 -3.12763E+01  3.11179E+00
 -3.10271E+01  4.20269E+00
 -3.07778E+01  4.71390E+00
 -3.05285E+01  2.51138E+00
 -3.02793E+01  1.21172E+00
 -3.00300E+01  3.27151E+00
 -2.97807E+01  3.75022E+00
 -2.95315E+01  3.13213E+00
 -2.92822E+01  4.02398E+00
 -2.90329E+01  3.72641E+00
 -2.87837E+01  2.87806E+00
 -2.85344E+01  3.16023E+00
 -2.82851E+01  3.93286E+00
 -2.80359E+01  4.03602E+00
 -2.77866E+01  5.00049E+00
 -2.75373E+01  6.13919E+00
 -2.72881E+01  7.29113E+00
 -2.70388E+01  7.16634E+00
 -2.67895E+01  1.18981E+01
 -2.65403E+01  6.96180E+00
 -2.62910E+01  7.34928E+00
 -2.60417E+01  4.84292E+00
 -2.57925E+01  4.66347E+00
 -2.55432E+01  4.07553E+00
 -2.52939E+01  4.96101E+00
 -2.50447E+01  4.83388E+00
 -2.47954E+01  5.26544E+00
 -2.45461E+01  8.20125E+00
 -2.42969E+01  9.80025E+00
 -2.40476E+01  6.73370E+00
 -2.37983E+01  2.96057E+00
 -2.35491E+01  1.04639E+00
 -2.32998E+01  2.92349E+00
 -2.30505E+01  2.00412E+00
 -2.28013E+01  3.97648E+00
 -2.25520E+01  6.02506E+00
 -2.23027E+01  8.55737E+00
 -2.20535E+01  3.49837E+00
 -2.18042E+01  2.61256E+00
 -2.15549E+01  2.45763E+00
 -2.13057E+01  3.29647E+00
 -2.10564E+01  1.48618E+00
 -2.08071E+01  3.59455E+00
 -2.05579E+01  6.03740E-01
 -2.03086E+01  6.30792E-01
 -2.00593E+01  3.75257E+00
 -1.98101E+01  2.13976E+00
 -1.95608E+01  4.03516E+00
 -1.93115E+01  3.81944E+00
 -1.90623E+01  1.95067E+00
 -1.88130E+01  1.95750E+00
 -1.85637E+01  3.84327E+00
 -1.83145E+01  3.08237E+00
 -1.80652E+01  1.04606E+00
 -1.78159E+01  4.49037E+00
 -1.75667E+01  4.06971E+00
 -1.73174E+01  4.82548E+00
 -1.70681E+01  5.84808E+00
 -1.68189E+01  6.68819E+00
 -1.65696E+01  2.43633E+00
 -1.63203E+01  4.01982E-01
 -1.60711E+01  2.77885E+00
 -1.58218E+01  2.85308E+00
 -1.55725E+01  3.62312E+00
 -1.53233E+01  4.16363E-01
 -1.50740E+01  3.86731E+00
 -1.48247E+01  5.87775E+00
 -1.45755E+01  4.98057E+00
 -1.43262E+01  4.78812E+00
 -1.40769E+01  2.79950E+00
 -1.38277E+01  2.12445E+00
 -1.35784E+01  4.05961E+00
 -1.33291E+01  3.65103E+00
 -1.30799E+01  2.28784E+00
 -1.28306E+01  4.92316E+00
 -1.25813E+01  3.83354E+00
 -1.23321E+01  2.76932E+00
 -1.20828E+01  2.17476E+00
 -1.18335E+01  4.08784E+00
 -1.15843E+01  3.60981E+00
 -1.13350E+01  3.75720E+00
 -1.10857E+01  4.92196E+00
 -1.08365E+01  1.17675E+00
 -1.05872E+01  3.34624E+00
 -1.03379E+01  3.72119E+00
 -1.00887E+01  3.02873E+00
 -9.83941E+00  4.88874E+00
 -9.59015E+00  6.15767E+00
 -9.34088E+00  2.83433E+00
 -9.09161E+00  2.86619E+00
 -8.84235E+00  1.64567E+00
 -8.59308E+00  1.52058E-02
 -8.34381E+00  1.13428E+00
 -8.09455E+00  3.20325E+00
 -7.84528E+00  5.85663E+00
 -7.59601E+00  2.83559E+00
 -7.34675E+00  9.45367E-01
 -7.09748E+00  1.03698E+00
 -6.84821E+00  3.14360E+00
 -6.59895E+00  5.65467E+00
 -6.34968E+00  2.74055E+00
 -6.10041E+00  2.16706E+00
 -5.85115E+00  4.02137E+00
 -5.60188E+00  3.71751E+00
 -5.35261E+00  2.06456E+00
 -5.10335E+00  4.08861E+00
 -4.85408E+00  4.91124E+00
 -4.60481E+00  1.96968E+00
 -4.35555E+00  1.99694E+00
 -4.10628E+00  2.94097E+00
 -3.85701E+00  1.83368E+00
 -3.60775E+00  3.03703E+00
 -3.35848E+00  8.11246E+00
 -3.10921E+00  1.01026E+00
 -2.85995E+00  3.02175E+00
 -2.61068E+00  4.54870E+00
 -2.36141E+00  8.81576E+00
 -2.11215E+00  8.18610E+00
 -1.86288E+00  1.19416E+01
 -1.61361E+00  1.59270E+01
 -1.36435E+00  3.09543E+01
 -1.11508E+00  6.86342E+01
 -8.65812E-01  1.33031E+02
 -6.16546E-01  2.27487E+02
 -3.67279E-01  3.10971E+02
 -1.18012E-01  4.67162E+02
  1.31254E-01  4.77976E+02
  3.80521E-01  3.74505E+02
  6.29788E-01  2.22896E+02
  8.79054E-01  9.85261E+01
  1.12832E+00  5.47072E+01
  1.37759E+00  2.76126E+01
  1.62685E+00  2.05391E+01
  1.87612E+00  9.57428E+00
  2.12539E+00  7.48357E+00
  2.37465E+00  4.24753E+00
  2.62392E+00  6.66907E+00
  2.87319E+00  2.88625E+00
  3.12245E+00  3.04252E+00
  3.37172E+00  4.05375E+00
  3.62099E+00  5.77570E+00
  3.87025E+00  5.54879E+00
  4.11952E+00  9.48998E-01
  4.36879E+00  1.74469E+00
  4.61805E+00  3.66334E+00
  4.86732E+00  7.81660E+00
  5.11659E+00  5.40145E+00
  5.36585E+00  3.59248E+00
  5.61512E+00  3.14244E+00
  5.86439E+00  4.23494E+00
  6.11365E+00  4.98513E+00
  6.36292E+00  5.15796E+00
  6.61219E+00  5.72926E+00
  6.86145E+00  1.00497E+00
  7.11072E+00  7.95548E+00
  7.35999E+00  7.00310E+00
  7.60925E+00  7.84882E+00
  7.85852E+00  2.85067E+00
  8.10779E+00  1.47506E+00
  8.35705E+00  7.66944E+00
  8.60632E+00  3.24491E+00
  8.85559E+00  6.22355E+00
  9.10485E+00  3.41969E+00
  9.35412E+00  6.07165E+00
  9.60339E+00  6.18742E+00
  9.85265E+00  4.90968E+00
  1.01019E+01  1.49102E-01
  1.03512E+01  3.76104E+00
  1.06005E+01  6.81624E+00
  1.08497E+01  5.12523E+00
  1.10990E+01  5.62214E+00
  1.13483E+01  3.33350E+00
  1.15975E+01  5.60610E+00
  1.18468E+01  2.10730E+00
  1.20961E+01  3.95972E+00
  1.23453E+01  4.17885E+00
  1.25946E+01  8.02855E+00
  1.28439E+01  1.00012E+01
  1.30931E+01  6.16720E+00
  1.33424E+01  4.06977E+00
  1.35917E+01  3.97197E+00
  1.38409E+01  3.00193E+00
  1.40902E+01  5.73826E+00
  1.43395E+01  3.74117E+00
  1.45887E+01  8.36438E+00
  1.48380E+01  4.22411E+00
  1.50873E+01  5.81358E+00
  1.53365E+01  5.34259E+00
  1.55858E+01  5.03500E+00
  1.58351E+01  4.28455E+00
  1.60843E+01  7.36112E+00
  1.63336E+01  3.30948E+00
  1.65829E+01  2.33103E+00
  1.68321E+01  5.75192E+00
  1.70814E+01  7.52410E+00
  1.73307E+01  2.74783E+00
  1.75799E+01  1.99454E+00
  1.78292E+01  3.59794E+00
  1.80785E+01  7.09861E+00
  1.83277E+01  9.12243E+00
  1.85770E+01  1.21958E+01
  1.88263E+01  5.52835E+00
  1.90755E+01  4.97803E+00
  1.93248E+01  8.93395E+00
  1.95741E+01  6.32313E+00
  1.98233E+01  5.02983E+00
  2.00726E+01  1.16066E+01
  2.03219E+01  8.41188E+00
  2.05711E+01  1.21552E+01
  2.08204E+01  1.01595E+01
  2.10697E+01  5.46471E+00
  2.13189E+01  1.12748E+01
  2.15682E+01  1.34454E+01
  2.18175E+01  1.56829E+01
  2.20667E+01  1.10456E+01
  2.23160E+01  1.29814E+01
  2.25653E+01  1.20286E+01
  2.28145E+01  1.39384E+01
  2.30638E+01  1.05110E+01
  2.33131E+01  9.99155E+00
  2.35623E+01  8.07929E+00
  2.38116E+01  1.37761E+01
  2.40609E+01  1.20462E+01
  2.43101E+01  1.00006E+01
  2.45594E+01  1.15338E+01
  2.48087E+01  1.47410E+01
  2.50579E+01  1.73034E+01
  2.53072E+01  1.63547E+01
  2.55565E+01  1.49275E+01
  2.58057E+01  1.73704E+01
  2.60550E+01  1.65243E+01
  2.63043E+01  1.96422E+01
  2.65535E+01  1.44714E+01
  2.68028E+01  2.17428E+01
  2.70521E+01  1.54190E+01
  2.73013E+01  1.21854E+01
  2.75506E+01  1.56336E+01
  2.77999E+01  1.89138E+01
  2.80491E+01  1.11520E+01
  2.82984E+01  1.27166E+01
  2.85477E+01  3.33168E+00
  2.87969E+01  1.92360E+01
  2.90462E+01  1.82405E+01
  2.92955E+01  6.12349E+00
  2.95447E+01  1.30333E+01
  2.97940E+01  1.48189E+01
  3.00433E+01  7.21184E+00
  3.02925E+01  8.28910E+00
  3.05418E+01  6.63565E+00
  3.07911E+01  8.91245E+00
  3.10403E+01  8.29499E+00
  3.12896E+01  1.01523E+01
  3.15389E+01  1.14186E+01
  3.17881E+01  1.35793E+01
  3.20374E+01  6.03198E+00
  3.22867E+01  8.22589E+00
  3.25359E+01  1.07095E+01
  3.27852E+01  1.31664E+01
  3.30345E+01  7.47257E+00
  3.32837E+01  1.11707E+01
  3.35330E+01  9.27121E+00
  3.37823E+01  5.33074E+00
  3.40315E+01  1.13399E+01
  3.42808E+01  1.50775E+01
  3.45301E+01  7.73704E+00
  3.47793E+01  8.60177E+00
  3.50286E+01  1.17105E+01
  3.52779E+01  8.12535E+00
  3.55271E+01  8.96818E+00
  3.57764E+01  7.70426E+00
  3.60257E+01  7.74401E+00
  3.62749E+01  7.79820E+00
  3.65242E+01  4.07650E+00
  3.67735E+01  7.04549E+00
  3.70227E+01  9.71111E+00
  3.72720E+01  8.83543E+00
  3.75213E+01  1.13285E+01
  3.77705E+01  7.68652E+00
  3.80198E+01  1.13017E+01
  3.82691E+01  5.38094E+00
  3.85183E+01  1.10408E+01
  3.87676E+01  7.89344E+00
  3.90169E+01  3.03659E+00
  3.92661E+01  6.13347E+00
  3.95154E+01  8.65521E+00
  3.97647E+01  3.77912E+00
  4.00139E+01  7.82260E+00
  4.02632E+01  8.41411E+00
  4.05125E+01  1.14209E+01
  4.07617E+01  1.92790E+00
  4.10110E+01  6.33032E+00
  4.12603E+01  1.02209E+01
  4.15095E+01  3.87902E+00
  4.17588E+01  3.64640E+00
  4.20081E+01  2.29910E+00
  4.22573E+01  5.56604E+00
  4.25066E+01  8.31109E+00
  4.27559E+01  7.12453E+00
  4.30051E+01  3.05677E+00
  4.32544E+01  5.78297E+00
  4.35037E+01  9.46252E+00
  4.37529E+01  9.82564E+00
  4.40022E+01  1.04203E+01
  4.42515E+01  1.26401E+01
  4.45007E+01  6.62210E+00
  4.47500E+01  9.82867E+00
  4.49993E+01  8.66400E+00
  4.52485E+01  9.66188E+00
  4.54978E+01  5.89166E+00
  4.57471E+01  3.81577E+00
  4.59963E+01  7.24539E+00
  4.62456E+01  4.91008E+00
  4.64949E+01  3.33752E+00
  4.67441E+01  7.77687E+00
  4.69934E+01  4.35014E+00
  4.72427E+01  3.63011E+00
  4.74919E+01  4.16009E+00
  4.77412E+01  1.28531E+00
  4.79905E+01  2.86489E+00
  4.82397E+01  2.39820E+00
  4.84890E+01  4.90717E+00
  4.87383E+01  2.07540E+00
  4.89875E+01  2.98383E+00
  4.92368E+01  3.59800E-01
  4.94861E+01  1.68885E+00
  4.97353E+01  1.26651E+00
  4.99846E+01  1.13626E-01
  5.02339E+01  1.88765E+00
  5.04831E+01  0.00000E+00
  5.07324E+01  1.44879E-01
  5.09817E+01  9.06879E-01
  5.12309E+01  1.01768E-01
  5.14802E+01  2.92058E+00
  5.17295E+01  2.18167E+00
  5.19787E+01  2.06098E+00
  5.22280E+01  1.94242E-01
  5.24773E+01  0.00000E+00
  5.27265E+01  0.00000E+00
  5.29758E+01  1.04375E+00
  5.32251E+01  2.03226E+00
  5.34743E+01  9.44018E-01
  5.37236E+01  3.62545E-02
  5.39729E+01  1.04192E+00
  5.42221E+01  9.77025E-01
  5.44714E+01  0.00000E+00
  5.47207E+01  0.00000E+00
  5.49699E+01  9.81480E-02
  5.52192E+01  8.50092E-01
  5.54685E+01  1.43972E-01
  5.57177E+01  9.45872E-01
  5.59670E+01  0.00000E+00
  5.62163E+01  0.00000E+00
  5.64655E+01  9.74454E-01
  5.67148E+01  8.51252E-02
  5.69641E+01  0.00000E+00
  5.72133E+01  9.96059E-01
  5.74626E+01  0.00000E+00
  5.77119E+01  3.89012E-02
  5.79611E+01  1.02024E+00
  5.82104E+01  1.02711E+00
  5.84597E+01  7.16795E-03
  5.87089E+01  9.70740E-01
  5.89582E+01  5.51474E-02
  5.92075E+01  9.60274E-01
  5.94567E+01  7.62273E-02
  5.97060E+01  0.00000E+00
  5.99553E+01  2.00855E+00
  6.02045E+01  0.00000E+00
  6.04538E+01  3.80356E-01
  6.07031E+01  1.97269E+00
  6.09523E+01  7.29873E-01
  6.12016E+01  2.12513E-01
  6.14509E+01  8.34552E-01
  6.17001E+01  0.00000E+00
  6.19494E+01  0.00000E+00
  6.21987E+01  1.92503E-01
  6.24479E+01  1.10308E+00
  6.26972E+01  8.40837E-01
  6.29465E+01  0.00000E+00
  6.31957E+01  0.00000E+00
  6.34450E+01  0.00000E+00
  6.36943E+01  3.47604E-01
  6.39435E+01  2.11340E+00
  6.41928E+01  2.13065E+00
  6.44421E+01  1.68418E+00
  6.46913E+01  8.46198E-02
  6.49406E+01  1.04784E+00
  6.51899E+01  1.00793E+00
  6.54391E+01  1.16757E+00
  6.56884E+01  2.09694E+00
  6.59377E+01  2.02912E+00
  6.61869E+01  1.00018E+00
  6.64362E+01  1.68643E-02
  6.66855E+01  0.00000E+00
  6.69347E+01  0.00000E+00
  6.71840E+01  0.00000E+00
  6.74333E+01  9.98048E-01
  6.76825E+01  4.76321E-02
  6.79318E+01  0.00000E+00
  6.81811E+01  0.00000E+00
  6.84303E+01  3.06213E+00
  6.86796E+01  1.05190E+00
  6.89289E+01  6.32601E-03
  6.91781E+01  0.00000E+00
  6.94274E+01  2.23871E-02
  6.96767E+01  1.02838E+00
  6.99259E+01  1.03707E+00
  7.01752E+01  9.52070E-01
  7.04245E+01  4.99559E-02
  7.06737E+01  1.12626E+00
  7.09230E+01  8.58032E-01
  7.11723E+01  0.00000E+00
  7.14215E+01  3.94002E-01
  7.16708E+01  1.76919E+00
  7.19201E+01  9.06421E-02
  7.21693E+01  1.09311E+00
  7.24186E+01  8.51006E-01
  7.26679E+01  1.06755E-01
  7.29171E+01  9.31115E-01
  7.31664E+01  5.86003E-02
  7.34157E+01  1.01710E+00
  7.36649E+01  1.23733E-02
  7.39142E+01  1.02436E+00
  7.41635E+01  0.00000E+00
  7.44127E+01  0.00000E+00
  7.46620E+01  0.00000E+00
  7.49113E+01  4.69392E-02
  7.51605E+01  1.00274E+00
  7.54098E+01  1.04788E-02
  7.56591E+01  0.00000E+00
  7.59083E+01  1.09517E-01
  7.61576E+01  1.07996E+00
  7.64069E+01  9.05906E-01
  7.66561E+01  9.98072E-02
  7.69054E+01  9.56365E-01
  7.71547E+01  0.00000E+00
  7.74039E+01  0.00000E+00
  7.76532E+01  0.00000E+00
  7.79025E+01  0.00000E+00
  7.81517E+01  0.00000E+00
  7.84010E+01  0.00000E+00
  7.86503E+01  0.00000E+00
  7.88995E+01  0.00000E+00
  7.91488E+01  0.00000E+00
  7.93981E+01  9.92322E-01
  7.96473E+01  7.50403E-02
  7.98966E+01  0.00000E+00
  8.01459E+01  0.00000E+00
  8.03951E+01  0.00000E+00
  8.06444E+01  0.00000E+00
  8.08937E+01  0.00000E+00
  8.11429E+01  1.10146E-01
  8.13922E+01  9.13255E-01
  8.16415E+01  9.54956E-02
  8.18907E+01  1.09017E+00
  8.21400E+01  9.21823E-01
  8.23893E+01  0.00000E+00
  8.26385E+01  0.00000E+00
  8.28878E+01  0.00000E+00
  8.31371E+01  0.00000E+00
  8.33863E+01  0.00000E+00
  8.36356E+01  0.00000E+00
  8.38849E+01  0.00000E+00
  8.41341E+01  9.11950E-03
  8.43834E+01  1.03653E+00
  8.46327E+01  1.04045E+00
  8.48819E+01  2.07298E+00

 -6.41297E+01  9.47071E-01
 -6.38802E+01  9.17272E-04
 -6.36307E+01  0.00000E+00
 -6.33811E+01  0.00000E+00
 -6.31316E+01  0.00000E+00
 -6.28821E+01  0.00000E+00
 -6.26326E+01  0.00000E+00
 -6.23831E+01  9.72379E-02
 -6.21336E+01  9.63544E-01
 -6.18840E+01  9.50353E-01
 -6.16345E+01  9.62777E-01
 -6.13850E+01  8.89728E-01
 -6.11355E+01  0.00000E+00
 -6.08860E+01  1.14898E-01
 -6.06365E+01  8.42659E-01
 -6.03869E+01  0.00000E+00
 -6.01374E+01  0.00000E+00
 -5.98879E+01  0.00000E+00
 -5.96384E+01  1.38648E-01
 -5.93889E+01  8.85893E-01
 -5.91394E+01  0.00000E+00
 -5.88898E+01  0.00000E+00
 -5.86403E+01  9.45190E-01
 -5.83908E+01  9.68075E-01
 -5.81413E+01  4.37581E-02
 -5.78918E+01  0.00000E+00
 -5.76423E+01  1.80876E+00
 -5.73927E+01  0.00000E+00
 -5.71432E+01  0.00000E+00
 -5.68937E+01  0.00000E+00
 -5.66442E+01  0.00000E+00
 -5.63947E+01  0.00000E+00
 -5.61452E+01  2.07049E-01
 -5.58956E+01  8.12496E-01
 -5.56461E+01  0.00000E+00
 -5.53966E+01  2.34251E-01
 -5.51471E+01  8.16922E-01
 -5.48976E+01  0.00000E+00
 -5.46481E+01  1.90380E-01
 -5.43985E+01  7.92822E-01
 -5.41490E+01  1.48117E-01
 -5.38995E+01  8.56188E-01
 -5.36500E+01  0.00000E+00
 -5.34005E+01  0.00000E+00
 -5.31510E+01  0.00000E+00
 -5.29014E+01  9.09385E-01
 -5.26519E+01  9.62269E-01
 -5.24024E+01  9.51491E-01
 -5.21529E+01  9.64759E-01
 -5.19034E+01  8.09545E-01
 -5.16539E+01  1.33867E-01
 -5.14043E+01  1.81915E+00
 -5.11548E+01  0.00000E+00
 -5.09053E+01  0.00000E+00
 -5.06558E+01  0.00000E+00
 -5.04063E+01  9.42573E-01
 -5.01568E+01  0.00000E+00
 -4.99072E+01  0.00000E+00
 -4.96577E+01  0.00000E+00
 -4.94082E+01  0.00000E+00
 -4.91587E+01  0.00000E+00
 -4.89092E+01  8.72960E-01
 -4.86597E+01  1.10580E-01
 -4.84101E+01  8.74516E-01
 -4.81606E+01  5.40630E-02
 -4.79111E+01  0.00000E+00
 -4.76616E+01  0.00000E+00
 -4.74121E+01  0.00000E+00
 -4.71626E+01  2.78328E+00
 -4.69130E+01  2.24948E+00
 -4.66635E+01  3.40926E+00
 -4.64140E+01  1.15729E+00
 -4.61645E+01  2.81149E+00
 -4.59150E+01  1.89141E+00
 -4.56655E+01  1.93469E+00
 -4.54159E+01  1.84321E+00
 -4.51664E+01  8.24163E-01
 -4.49169E+01  6.73099E-02
 -4.46674E+01  1.13610E+00
 -4.44179E+01  1.73920E+00
 -4.41684E+01  1.11768E+00
 -4.39188E+01  2.00131E+00
 -4.36693E+01  1.72420E+00
 -4.34198E+01  6.00863E-01
 -4.31703E+01  3.06897E-01
 -4.29208E+01  2.21069E+00
 -4.26713E+01  2.76409E+00
 -4.24217E+01  1.93945E+00
 -4.21722E+01  1.48232E+00
 -4.19227E+01  0.00000E+00
 -4.16732E+01  4.71592E-01
 -4.14237E+01  1.76102E+00
 -4.11742E+01  1.15553E+00
 -4.09246E+01  1.73120E+00
 -4.06751E+01  5.36891E-02
 -4.04256E+01  1.01817E+00
 -4.01761E+01  3.78037E+00
 -3.99266E+01  1.15033E+00
 -3.96771E+01  2.80073E+00
 -3.94275E+01  1.01477E+00
 -3.91780E+01  2.85206E+00
 -3.89285E+01  6.39817E-02
 -3.86790E+01  1.87175E+00
 -3.84295E+01  1.13438E+00
 -3.81800E+01  2.70120E+00
 -3.79304E+01  8.82199E-01
 -3.76809E+01  1.07238E+00
 -3.74314E+01  1.98789E+00
 -3.71819E+01  1.77080E+00
 -3.69324E+01  5.54253E-01
 -3.66829E+01  2.30348E-01
 -3.64333E+01  9.62263E-01
 -3.61838E+01  1.08755E+00
 -3.59343E+01  2.39793E+00
 -3.56848E+01  3.46201E+00
 -3.54353E+01  1.10385E+00
 -3.51858E+01  2.88531E+00
 -3.49362E+01  1.88629E+00
 -3.46867E+01  3.20232E-02
 -3.44372E+01  1.82245E+00
 -3.41877E+01  4.74193E+00
 -3.39382E+01  9.53705E-01
 -3.36887E+01  2.02788E+00
 -3.34391E+01  5.18637E+00
 -3.31896E+01  7.10850E+00
 -3.29401E+01  3.09688E+00
 -3.26906E+01  5.91497E+00
 -3.24411E+01  5.54978E+00
 -3.21916E+01  2.91174E+00
 -3.19420E+01  3.83207E+00
 -3.16925E+01  2.04581E+00
 -3.14430E+01  4.10714E+00
 -3.11935E+01  4.30700E+00
 -3.09440E+01  9.93236E-02
 -3.06945E+01  1.66951E+00
 -3.04449E+01  8.00131E+00
 -3.01954E+01  7.13722E+00
 -2.99459E+01  1.95088E+00
 -2.96964E+01  2.72377E+00
 -2.94469E+01  8.78960E-02
 -2.91974E+01  1.44877E+00
 -2.89478E+01  5.84292E+00
 -2.86983E+01  4.45460E+00
 -2.84488E+01  3.20698E+00
 -2.81993E+01  5.70139E+00
 -2.79498E+01  4.87756E+00
 -2.77003E+01  5.75966E+00
 -2.74507E+01  4.69332E+00
 -2.72012E+01  2.89042E+00
 -2.69517E+01  7.64849E+00
 -2.67022E+01  9.39776E+00
 -2.64527E+01  6.59241E+00
 -2.62032E+01  5.66258E+00
 -2.59536E+01  4.82428E+00
 -2.57041E+01  4.57146E+00
 -2.54546E+01  4.61321E+00
 -2.52051E+01  1.04380E+01
 -2.49556E+01  6.24423E+00
 -2.47061E+01  3.83092E+00
 -2.44565E+01  3.45344E+00
 -2.42070E+01  2.28751E+00
 -2.39575E+01  3.59973E+00
 -2.37080E+01  3.73579E+00
 -2.34585E+01  5.94700E+00
 -2.32090E+01  9.60063E-02
 -2.29594E+01  3.22257E+00
 -2.27099E+01  6.48838E+00
 -2.24604E+01  9.10639E+00
 -2.22109E+01  4.09160E+00
 -2.19614E+01  1.85149E+00
 -2.17119E+01  1.85761E+00
 -2.14623E+01  2.57459E+00
 -2.12128E+01  4.99266E+00
 -2.09633E+01  4.80786E+00
 -2.07138E+01  3.47011E+00
 -2.04643E+01  1.32300E+00
 -2.02148E+01  4.89446E+00
 -1.99652E+01  3.58448E+00
 -1.97157E+01  2.41266E+00
 -1.94662E+01  5.08008E+00
 -1.92167E+01  2.16637E-01
 -1.89672E+01  3.01497E+00
 -1.87177E+01  2.60618E+00
 -1.84681E+01  2.97537E+00
 -1.82186E+01  8.07864E+00
 -1.79691E+01  1.39294E+00
 -1.77196E+01  5.74354E+00
 -1.74701E+01  3.73848E+00
 -1.72206E+01  2.74426E+00
 -1.69710E+01  2.10055E+00
 -1.67215E+01  2.44471E+00
 -1.64720E+01  6.19881E-01
 -1.62225E+01  4.50417E+00
 -1.59730E+01  3.77819E+00
 -1.57235E+01  5.01324E+00
 -1.54739E+01  3.55357E+00
 -1.52244E+01  3.74329E+00
 -1.49749E+01  1.03676E+00
 -1.47254E+01  1.98039E+00
 -1.44759E+01  1.98313E+00
 -1.42264E+01  1.72946E+00
 -1.39768E+01  8.43939E-01
 -1.37273E+01  1.29825E+00
 -1.34778E+01  2.94833E+00
 -1.32283E+01  3.05719E+00
 -1.29788E+01  3.86178E+00
 -1.27293E+01  2.80329E+00
 -1.24797E+01  9.70032E-01
 -1.22302E+01  2.90524E+00
 -1.19807E+01  1.08818E+00
 -1.17312E+01  3.66891E+00
 -1.14817E+01  1.18405E+00
 -1.12322E+01  2.73765E+00
 -1.09826E+01  2.25524E+00
 -1.07331E+01  2.25901E+00
 -1.04836E+01  2.06383E+00
 -1.02341E+01  4.25154E+00
 -9.98458E+00  1.79317E+00
 -9.73506E+00  1.73285E+00
 -9.48555E+00  3.42645E+00
 -9.23603E+00  5.08721E+00
 -8.98651E+00  2.86724E+00
 -8.73700E+00  2.21774E+00
 -8.48748E+00  1.20346E+00
 -8.23796E+00  1.89371E+00
 -7.98845E+00  2.65957E+00
 -7.73893E+00  4.07066E+00
 -7.48941E+00  3.50006E+00
 -7.23990E+00  3.37165E+00
 -6.99038E+00  2.80306E+00
 -6.74086E+00  2.17304E+00
 -6.49135E+00  6.01042E+00
 -6.24183E+00  4.14814E+00
 -5.99231E+00  2.33178E+00
 -5.74280E+00  4.14458E+00
 -5.49328E+00  3.14990E+00
 -5.24376E+00  1.35193E+00
 -4.99425E+00  4.21922E+00
 -4.74473E+00  4.50819E+00
 -4.49521E+00  1.84647E+00
 -4.24570E+00  2.09642E+00
 -3.99618E+00  3.24665E+00
 -3.74666E+00  3.32323E+00
 -3.49715E+00  1.49728E+00
 -3.24763E+00  4.70164E+00
 -2.99811E+00  2.96996E+00
 -2.74860E+00  4.49491E+00
 -2.49908E+00  4.68389E+00
 -2.24956E+00  5.68007E-01
 -2.00005E+00  4.12318E+00
 -1.75053E+00  1.24536E+01
 -1.50101E+00  2.11280E+01
 -1.25150E+00  3.82966E+01
 -1.00198E+00  7.29350E+01
 -7.52465E-01  1.69839E+02
 -5.02948E-01  2.76409E+02
 -2.53431E-01  3.63432E+02
 -3.91460E-03  4.51104E+02
  2.45602E-01  3.94754E+02
  4.95119E-01  2.64366E+02
  7.44635E-01  1.78206E+02
  9.94152E-01  7.62912E+01
  1.24367E+00  4.04456E+01
  1.49319E+00  1.26084E+01
  1.74270E+00  1.16805E+01
  1.99222E+00  8.76169E+00
  2.24174E+00  1.67459E+00
  2.49125E+00  2.37305E+00
  2.74077E+00  4.85275E+00
  2.99029E+00  2.88876E+00
  3.23980E+00  1.97657E+00
  3.48932E+00  3.94254E+00
  3.73884E+00  5.92120E+00
  3.98835E+00  3.97127E+00
  4.23787E+00  6.71758E+00
  4.48739E+00  3.41280E+00
  4.73690E+00  2.74128E+00
  4.98642E+00  6.59012E+00
  5.23594E+00  4.11945E+00
  5.48545E+00  4.36175E+00
  5.73497E+00  2.28486E+00
  5.98449E+00  3.55990E+00
  6.23400E+00  2.39235E+00
  6.48352E+00  5.04005E+00
  6.73304E+00  4.82269E+00
  6.98255E+00  3.77636E+00
  7.23207E+00  2.72254E+00
  7.48159E+00  2.11032E+00
  7.73110E+00  3.04476E+00
  7.98062E+00  2.71296E+00
  8.23014E+00  2.20435E+00
  8.47965E+00  2.81251E+00
  8.72917E+00  1.57572E+00
  8.97869E+00  1.51069E+00
  9.22820E+00  4.06375E+00
  9.47772E+00  3.60563E+00
  9.72724E+00  3.50697E+00
  9.97675E+00  4.26057E+00
  1.02263E+01  2.27447E+00
  1.04758E+01  5.93802E+00
  1.07253E+01  8.38871E+00
  1.09748E+01  4.59269E+00
  1.12243E+01  3.94383E+00
  1.14739E+01  5.77179E+00
  1.17234E+01  8.52764E+00
  1.19729E+01  5.85650E+00
  1.22224E+01  5.80568E+00
  1.24719E+01  4.98112E+00
  1.27214E+01  4.65988E+00
  1.29710E+01  3.15279E+00
  1.32205E+01  4.96868E+00
  1.34700E+01  5.03631E+00
  1.37195E+01  5.94205E+00
  1.39690E+01  6.12713E+00
  1.42185E+01  7.89288E+00
  1.44681E+01  6.87325E+00
  1.47176E+01  7.66217E+00
  1.49671E+01  7.97098E+00
  1.52166E+01  4.77390E+00
  1.54661E+01  5.06865E+00
  1.57156E+01  4.35542E+00
  1.59652E+01  3.32423E+00
  1.62147E+01  5.37438E+00
  1.64642E+01  5.42546E+00
  1.67137E+01  2.70358E+00
  1.69632E+01  1.81641E+00
  1.72127E+01  2.49240E+00
  1.74623E+01  6.77719E+00
  1.77118E+01  9.05155E+00
  1.79613E+01  3.44023E+00
  1.82108E+01  8.05030E+00
  1.84603E+01  6.56774E+00
  1.87098E+01  3.96136E+00
  1.89594E+01  5.31257E+00
  1.92089E+01  7.65635E+00
  1.94584E+01  2.94384E+00
  1.97079E+01  5.20101E+00
  1.99574E+01  1.07193E+01
  2.02069E+01  6.27522E+00
  2.04565E+01  4.85253E+00
  2.07060E+01  9.08896E+00
  2.09555E+01  7.46684E+00
  2.12050E+01  6.13313E+00
  2.14545E+01  7.36908E+00
  2.17040E+01  7.97587E+00
  2.19536E+01  8.67531E+00
  2.22031E+01  9.64405E+00
  2.24526E+01  9.92967E+00
  2.27021E+01  1.49573E+01
  2.29516E+01  1.39759E+01
  2.32011E+01  6.15792E+00
  2.34507E+01  9.66601E+00
  2.37002E+01  1.07403E+01
  2.39497E+01  1.30427E+01
  2.41992E+01  1.92416E+01
  2.44487E+01  1.87422E+01
  2.46982E+01  1.74252E+01
  2.49478E+01  1.09300E+01
  2.51973E+01  1.01001E+01
  2.54468E+01  9.22837E+00
  2.56963E+01  9.28043E+00
  2.59458E+01  1.40184E+01
  2.61953E+01  1.70827E+01
  2.64449E+01  1.60734E+01
  2.66944E+01  9.37160E+00
  2.69439E+01  2.06301E+01
  2.71934E+01  8.07870E+00
  2.74429E+01  1.18754E+01
  2.76924E+01  1.71447E+01
  2.79420E+01  1.31270E+01
  2.81915E+01  1.41240E+01
  2.84410E+01  1.15785E+01
  2.86905E+01  7.46366E+00
  2.89400E+01  1.32106E+01
  2.91895E+01  1.31512E+01
  2.94391E+01  1.31877E+01
  2.96886E+01  1.02920E+01
  2.99381E+01  1.39035E+01
  3.01876E+01  9.59248E+00
  3.04371E+01  1.42372E+01
  3.06866E+01  6.39803E+00
  3.09362E+01  1.03196E+01
  3.11857E+01  1.00528E+01
  3.14352E+01  7.74929E+00
  3.16847E+01  6.68319E+00
  3.19342E+01  1.59029E+01
  3.21837E+01  1.47701E+01
  3.24333E+01  1.06810E+01
  3.26828E+01  1.23397E+01
  3.29323E+01  8.87808E+00
  3.31818E+01  9.64801E+00
  3.34313E+01  1.08361E+01
  3.36808E+01  7.69412E+00
  3.39304E+01  6.44759E+00
  3.41799E+01  1.16048E+01
  3.44294E+01  1.41586E+01
  3.46789E+01  1.13591E+01
  3.49284E+01  1.37630E+01
  3.51779E+01  8.41676E+00
  3.54275E+01  9.48362E+00
  3.56770E+01  7.63643E+00
  3.59265E+01  1.10423E+01
  3.61760E+01  1.13670E+01
  3.64255E+01  7.18897E+00
  3.66750E+01  8.04368E+00
  3.69246E+01  7.13917E+00
  3.71741E+01  7.05717E+00
  3.74236E+01  5.46614E+00
  3.76731E+01  3.31354E+00
  3.79226E+01  4.96839E+00
  3.81721E+01  4.20331E+00
  3.84217E+01  6.16780E+00
  3.86712E+01  7.14302E+00
  3.89207E+01  7.18195E+00
  3.91702E+01  7.04668E+00
  3.94197E+01  3.99453E+00
  3.96692E+01  3.19147E+00
  3.99188E+01  6.03068E+00
  4.01683E+01  3.09835E+00
  4.04178E+01  5.73679E+00
  4.06673E+01  7.88603E+00
  4.09168E+01  4.94211E+00
  4.11663E+01  4.07623E+00
  4.14159E+01  4.12986E+00
  4.16654E+01  4.02302E+00
  4.19149E+01  2.81295E+00
  4.21644E+01  2.46621E+00
  4.24139E+01  5.15120E+00
  4.26634E+01  5.74933E+00
  4.29130E+01  7.98178E+00
  4.31625E+01  6.33310E+00
  4.34120E+01  7.05912E+00
  4.36615E+01  4.12850E+00
  4.39110E+01  6.07839E+00
  4.41605E+01  7.21471E+00
  4.44101E+01  5.29709E+00
  4.46596E+01  7.04172E+00
  4.49091E+01  5.36615E+00
  4.51586E+01  5.11569E+00
  4.54081E+01  5.09598E+00
  4.56576E+01  9.49310E+00
  4.59072E+01  8.69848E+00
  4.61567E+01  7.05550E+00
  4.64062E+01  9.42823E+00
  4.66557E+01  5.52247E+00
  4.69052E+01  6.64297E+00
  4.71547E+01  3.45585E+00
  4.74043E+01  4.42012E+00
  4.76538E+01  7.13713E+00
  4.79033E+01  2.29897E+00
  4.81528E+01  3.79787E+00
  4.84023E+01  1.02239E+00
  4.86518E+01  2.26128E+00
  4.89014E+01  5.17672E+00
  4.91509E+01  2.06378E+00
  4.94004E+01  1.97849E+00
  4.96499E+01  6.53525E-02
  4.98994E+01  9.40798E-01
  5.01489E+01  0.00000E+00
  5.03985E+01  1.89584E-01
  5.06480E+01  1.17150E+00
  5.08975E+01  5.13048E-01
  5.11470E+01  1.39768E+00
  5.13965E+01  3.24202E+00
  5.16460E+01  0.00000E+00
  5.18956E+01  0.00000E+00
  5.21451E+01  0.00000E+00
  5.23946E+01  0.00000E+00
  5.26441E+01  0.00000E+00
  5.28936E+01  2.93870E-01
  5.31431E+01  2.04174E+00
  5.33927E+01  1.04442E+00
  5.36422E+01  1.04408E+00
  5.38917E+01  8.01916E-02
  5.41412E+01  9.63968E-01
  5.43907E+01  8.17849E-02
  5.46402E+01  9.92038E-01
  5.48898E+01  1.04712E+00
  5.51393E+01  2.01816E+00
  5.53888E+01  2.09117E-02
  5.56383E+01  1.06140E+00
  5.58878E+01  9.98837E-01
  5.61373E+01  1.38058E+00
  5.63869E+01  1.67505E+00
  5.66364E+01  0.00000E+00
  5.68859E+01  0.00000E+00
  5.71354E+01  2.27505E-01
  5.73849E+01  8.18582E-01
  5.76344E+01  3.32713E-01
  5.78840E+01  2.20414E+00
  5.81335E+01  1.90621E+00
  5.83830E+01  7.33377E-01
  5.86325E+01  0.00000E+00
  5.88820E+01  0.00000E+00
  5.91315E+01  0.00000E+00
  5.93811E+01  0.00000E+00
  5.96306E+01  0.00000E+00
  5.98801E+01  0.00000E+00
  6.01296E+01  0.00000E+00
  6.03791E+01  5.62784E-01
  6.06286E+01  4.05000E+00
  6.08782E+01  1.74173E+00
  6.11277E+01  6.20950E-01
  6.13772E+01  5.25102E-01
  6.16267E+01  1.75141E+00
  6.18762E+01  0.00000E+00
  6.21257E+01  0.00000E+00
  6.23753E+01  0.00000E+00
  6.26248E+01  1.40169E-01
  6.28743E+01  1.07900E+00
  6.31238E+01  1.05741E+00
  6.33733E+01  1.05695E+00
  6.36228E+01  1.05753E+00
  6.38724E+01  1.00496E+00
  6.41219E+01  0.00000E+00
  6.43714E+01  0.00000E+00
  6.46209E+01  0.00000E+00
  6.48704E+01  0.00000E+00
  6.51199E+01  2.58802E-01
  6.53695E+01  7.16081E-01
  6.56190E+01  8.66587E-01
  6.58685E+01  2.46443E+00
  6.61180E+01  1.32882E-01
  6.63675E+01  1.18140E+00
  6.66170E+01  7.88696E-01
  6.68666E+01  1.82237E-01
  6.71161E+01  9.29471E-01
  6.73656E+01  1.16444E-01
  6.76151E+01  2.19095E+00
  6.78646E+01  2.01259E+00
  6.81141E+01  0.00000E+00
  6.83637E+01  1.21695E-01
  6.86132E+01  9.66873E-01
  6.88627E+01  9.76700E-02
  6.91122E+01  9.67458E-01
  6.93617E+01  0.00000E+00
  6.96112E+01  0.00000E+00
  6.98608E+01  0.00000E+00
  7.01103E+01  5.07845E-02
  7.03598E+01  1.07050E+00
  7.06093E+01  5.62185E-02
  7.08588E+01  0.00000E+00
  7.11083E+01  0.00000E+00
  7.13579E+01  9.30544E-02
  7.16074E+01  1.01610E+00
  7.18569E+01  0.00000E+00
  7.21064E+01  0.00000E+00
  7.23559E+01  0.00000E+00
  7.26054E+01  2.32616E-01
  7.28550E+01  8.81471E-01
  7.31045E+01  1.89587E-01
  7.33540E+01  8.82355E-01
  7.36035E+01  1.93392E-01
  7.38530E+01  8.51226E-01
  7.41025E+01  2.25526E-01
  7.43521E+01  9.00421E-01
  7.46016E+01  0.00000E+00
  7.48511E+01  0.00000E+00
  7.51006E+01  0.00000E+00
  7.53501E+01  0.00000E+00
  7.55996E+01  0.00000E+00
  7.58492E+01  0.00000E+00
  7.60987E+01  0.00000E+00
  7.63482E+01  0.00000E+00
  7.65977E+01  2.04332E-01
  7.68472E+01  1.11816E+00
  7.70967E+01  1.11740E+00
  7.73463E+01  8.86539E-01
  7.75958E+01  1.53509E-01
  7.78453E+01  9.62105E-01
  7.80948E+01  0.00000E+00
  7.83443E+01  0.00000E+00
  7.85938E+01  0.00000E+00
  7.88434E+01  0.00000E+00
  7.90929E+01  0.00000E+00
  7.93424E+01  0.00000E+00
  7.95919E+01  0.00000E+00
  7.98414E+01  0.00000E+00
  8.00909E+01  2.73785E-01
  8.03405E+01  8.64195E-01
  8.05900E+01  0.00000E+00
  8.08395E+01  0.00000E+00
  8.10890E+01  0.00000E+00
  8.13385E+01  0.00000E+00
  8.15880E+01  3.22052E-01
  8.18376E+01  1.19766E+00
  8.20871E+01  8.52986E-01
  8.23366E+01  0.00000E+00
  8.25861E+01  0.00000E+00
  8.28356E+01  0.00000E+00
  8.30851E+01  0.00000E+00
  8.33347E+01  0.00000E+00
  8.35842E+01  0.00000E+00
  8.38337E+01  0.00000E+00
  8.40832E+01  0.00000E+00
  8.43327E+01  0.00000E+00
  8.45822E+01  0.00000E+00
  8.48318E+01  0.00000E+00
  8.50813E+01  0.00000E+00
  8.53308E+01  0.00000E+00
  8.55803E+01  0.00000E+00
