  0.00000E+00  2.24248E+01  5.31395E-02
  1.00000E-01  2.24110E+01  5.27443E-02
  2.00000E-01  2.23973E+01  5.23528E-02
  3.00000E-01  2.23837E+01  5.19650E-02
  4.00000E-01  2.23701E+01  5.15809E-02
  5.00000E-01  2.23566E+01  5.12004E-02
  6.00000E-01  2.23431E+01  5.08234E-02
  7.00000E-01  2.23297E+01  5.04499E-02
  8.00000E-01  2.23163E+01  5.00799E-02
  9.00000E-01  2.23030E+01  4.97134E-02
  1.00000E+00  2.22897E+01  4.93502E-02
  1.10000E+00  2.22765E+01  4.89903E-02
  1.20000E+00  2.22633E+01  4.86337E-02
  1.30000E+00  2.22502E+01  4.82804E-02
  1.40000E+00  2.22371E+01  4.79303E-02
  1.50000E+00  2.22241E+01  4.75834E-02
  1.60000E+00  2.22111E+01  4.72397E-02
  1.70000E+00  2.21982E+01  4.68990E-02
  1.80000E+00  2.21853E+01  4.65614E-02
  1.90000E+00  2.21725E+01  4.62268E-02
  2.00000E+00  2.21597E+01  4.58952E-02
  2.10000E+00  2.21470E+01  4.55666E-02
  2.20000E+00  2.21343E+01  4.52409E-02
  2.30000E+00  2.21216E+01  4.49181E-02
  2.40000E+00  2.21090E+01  4.45981E-02
  2.50000E+00  2.20964E+01  4.42810E-02
  2.60000E+00  2.20839E+01  4.39666E-02
  2.70000E+00  2.20714E+01  4.36550E-02
  2.80000E+00  2.20590E+01  4.33462E-02
  2.90000E+00  2.20466E+01  4.30400E-02
  3.00000E+00  2.20343E+01  4.27364E-02
  3.10000E+00  2.20220E+01  4.24355E-02
  3.20000E+00  2.20097E+01  4.21372E-02
  3.30000E+00  2.19975E+01  4.18415E-02
  3.40000E+00  2.19854E+01  4.15483E-02
  3.50000E+00  2.19732E+01  4.12577E-02
  3.60000E+00  2.19611E+01  4.09695E-02
  3.70000E+00  2.19491E+01  4.06838E-02
  3.80000E+00  2.19371E+01  4.04005E-02
  3.90000E+00  2.19251E+01  4.01196E-02
  4.00000E+00  2.19132E+01  3.98411E-02
  4.10000E+00  2.19013E+01  3.95649E-02
  4.20000E+00  2.18895E+01  3.92911E-02
  4.30000E+00  2.18777E+01  3.90195E-02
  4.40000E+00  2.18659E+01  3.87503E-02
  4.50000E+00  2.18542E+01  3.84832E-02
  4.60000E+00  2.18425E+01  3.82185E-02
  4.70000E+00  2.18308E+01  3.79559E-02
  4.80000E+00  2.18192E+01  3.76955E-02
  4.90000E+00  2.18077E+01  3.74372E-02
  5.00000E+00  2.17961E+01  3.71811E-02
  5.10000E+00  2.17846E+01  3.69271E-02
  5.20000E+00  2.17732E+01  3.66752E-02
  5.30000E+00  2.17617E+01  3.64253E-02
  5.40000E+00  2.17503E+01  3.61775E-02
  5.50000E+00  2.17390E+01  3.59317E-02
  5.60000E+00  2.17277E+01  3.56880E-02
  5.70000E+00  2.17164E+01  3.54462E-02
  5.80000E+00  2.17052E+01  3.52063E-02
  5.90000E+00  2.16940E+01  3.49684E-02
  6.00000E+00  2.16828E+01  3.47324E-02
  6.10000E+00  2.16716E+01  3.44984E-02
  6.20000E+00  2.16605E+01  3.42662E-02
  6.30000E+00  2.16495E+01  3.40359E-02
  6.40000E+00  2.16384E+01  3.38074E-02
  6.50000E+00  2.16274E+01  3.35807E-02
  6.60000E+00  2.16165E+01  3.33559E-02
  6.70000E+00  2.16055E+01  3.31328E-02
  6.80000E+00  2.15946E+01  3.29115E-02
  6.90000E+00  2.15838E+01  3.26920E-02
  7.00000E+00  2.15729E+01  3.24742E-02
  7.10000E+00  2.15622E+01  3.22581E-02
  7.20000E+00  2.15514E+01  3.20438E-02
  7.30000E+00  2.15407E+01  3.18311E-02
  7.40000E+00  2.15300E+01  3.16201E-02
  7.50000E+00  2.15193E+01  3.14107E-02
  7.60000E+00  2.15086E+01  3.12030E-02
  7.70000E+00  2.14980E+01  3.09969E-02
  7.80000E+00  2.14875E+01  3.07924E-02
  7.90000E+00  2.14769E+01  3.05895E-02
  8.00000E+00  2.14664E+01  3.03882E-02
  8.10000E+00  2.14559E+01  3.01884E-02
  8.20000E+00  2.14455E+01  2.99902E-02
  8.30000E+00  2.14351E+01  2.97935E-02
  8.40000E+00  2.14247E+01  2.95983E-02
  8.50000E+00  2.14143E+01  2.94047E-02
  8.60000E+00  2.14040E+01  2.92125E-02
  8.70000E+00  2.13937E+01  2.90218E-02
  8.80000E+00  2.13834E+01  2.88326E-02
  8.90000E+00  2.13732E+01  2.86448E-02
  9.00000E+00  2.13630E+01  2.84584E-02
  9.10000E+00  2.13528E+01  2.82735E-02
  9.20000E+00  2.13426E+01  2.80900E-02
  9.30000E+00  2.13325E+01  2.79079E-02
  9.40000E+00  2.13224E+01  2.77271E-02
  9.50000E+00  2.13124E+01  2.75478E-02
  9.60000E+00  2.13023E+01  2.73698E-02
  9.70000E+00  2.12923E+01  2.71931E-02
  9.80000E+00  2.12823E+01  2.70178E-02
  9.90000E+00  2.12724E+01  2.68438E-02
  1.00000E+01  2.12625E+01  2.66711E-02
  1.01000E+01  2.12526E+01  2.64997E-02
  1.02000E+01  2.12427E+01  2.63296E-02
  1.03000E+01  2.12328E+01  2.61607E-02
  1.04000E+01  2.12230E+01  2.59932E-02
  1.05000E+01  2.12132E+01  2.58268E-02
  1.06000E+01  2.12035E+01  2.56618E-02
  1.07000E+01  2.11937E+01  2.54979E-02
  1.08000E+01  2.11840E+01  2.53353E-02
  1.09000E+01  2.11743E+01  2.51739E-02
  1.10000E+01  2.11647E+01  2.50137E-02
  1.11000E+01  2.11551E+01  2.48547E-02
  1.12000E+01  2.11455E+01  2.46969E-02
  1.13000E+01  2.11359E+01  2.45402E-02
  1.14000E+01  2.11263E+01  2.43847E-02
  1.15000E+01  2.11168E+01  2.42304E-02
  1.16000E+01  2.11073E+01  2.40772E-02
  1.17000E+01  2.10978E+01  2.39251E-02
  1.18000E+01  2.10884E+01  2.37741E-02
  1.19000E+01  2.10789E+01  2.36243E-02
  1.20000E+01  2.10695E+01  2.34755E-02
  1.21000E+01  2.10602E+01  2.33279E-02
  1.22000E+01  2.10508E+01  2.31813E-02
  1.23000E+01  2.10415E+01  2.30359E-02
  1.24000E+01  2.10322E+01  2.28914E-02
  1.25000E+01  2.10229E+01  2.27481E-02
  1.26000E+01  2.10136E+01  2.26058E-02
  1.27000E+01  2.10044E+01  2.24645E-02
  1.28000E+01  2.09952E+01  2.23243E-02
  1.29000E+01  2.09860E+01  2.21851E-02
  1.30000E+01  2.09768E+01  2.20469E-02
  1.31000E+01  2.09677E+01  2.19097E-02
  1.32000E+01  2.09586E+01  2.17735E-02
  1.33000E+01  2.09495E+01  2.16383E-02
  1.34000E+01  2.09404E+01  2.15041E-02
  1.35000E+01  2.09314E+01  2.13709E-02
  1.36000E+01  2.09224E+01  2.12387E-02
  1.37000E+01  2.09134E+01  2.11074E-02
  1.38000E+01  2.09044E+01  2.09770E-02
  1.39000E+01  2.08954E+01  2.08476E-02
  1.40000E+01  2.08865E+01  2.07192E-02
  1.41000E+01  2.08776E+01  2.05917E-02
  1.42000E+01  2.08687E+01  2.04651E-02
  1.43000E+01  2.08598E+01  2.03394E-02
  1.44000E+01  2.08510E+01  2.02146E-02
  1.45000E+01  2.08422E+01  2.00907E-02
  1.46000E+01  2.08334E+01  1.99678E-02
  1.47000E+01  2.08246E+01  1.98457E-02
  1.48000E+01  2.08158E+01  1.97245E-02
  1.49000E+01  2.08071E+01  1.96042E-02
  1.50000E+01  2.07984E+01  1.94847E-02
  1.51000E+01  2.07897E+01  1.93662E-02
  1.52000E+01  2.07810E+01  1.92484E-02
  1.53000E+01  2.07724E+01  1.91316E-02
  1.54000E+01  2.07637E+01  1.90155E-02
  1.55000E+01  2.07551E+01  1.89003E-02
  1.56000E+01  2.07465E+01  1.87860E-02
  1.57000E+01  2.07380E+01  1.86724E-02
  1.58000E+01  2.07294E+01  1.85597E-02
  1.59000E+01  2.07209E+01  1.84478E-02
  1.60000E+01  2.07124E+01  1.83367E-02
  1.61000E+01  2.07039E+01  1.82265E-02
  1.62000E+01  2.06954E+01  1.81170E-02
  1.63000E+01  2.06870E+01  1.80083E-02
  1.64000E+01  2.06785E+01  1.79004E-02
  1.65000E+01  2.06701E+01  1.77932E-02
  1.66000E+01  2.06618E+01  1.76869E-02
  1.67000E+01  2.06534E+01  1.75813E-02
  1.68000E+01  2.06450E+01  1.74764E-02
  1.69000E+01  2.06367E+01  1.73724E-02
  1.70000E+01  2.06284E+01  1.72690E-02
  1.71000E+01  2.06201E+01  1.71665E-02
  1.72000E+01  2.06118E+01  1.70646E-02
  1.73000E+01  2.06036E+01  1.69635E-02
  1.74000E+01  2.05953E+01  1.68632E-02
  1.75000E+01  2.05871E+01  1.67636E-02
  1.76000E+01  2.05789E+01  1.66646E-02
  1.77000E+01  2.05708E+01  1.65664E-02
  1.78000E+01  2.05626E+01  1.64690E-02
  1.79000E+01  2.05545E+01  1.63722E-02
  1.80000E+01  2.05463E+01  1.62761E-02
  1.81000E+01  2.05382E+01  1.61807E-02
  1.82000E+01  2.05301E+01  1.60861E-02
  1.83000E+01  2.05221E+01  1.59921E-02
  1.84000E+01  2.05140E+01  1.58987E-02
  1.85000E+01  2.05060E+01  1.58061E-02
  1.86000E+01  2.04980E+01  1.57142E-02
  1.87000E+01  2.04900E+01  1.56229E-02
  1.88000E+01  2.04820E+01  1.55322E-02
  1.89000E+01  2.04740E+01  1.54423E-02
  1.90000E+01  2.04661E+01  1.53530E-02
  1.91000E+01  2.04582E+01  1.52643E-02
  1.92000E+01  2.04503E+01  1.51763E-02
  1.93000E+01  2.04424E+01  1.50890E-02
  1.94000E+01  2.04345E+01  1.50023E-02
  1.95000E+01  2.04267E+01  1.49162E-02
  1.96000E+01  2.04188E+01  1.48307E-02
  1.97000E+01  2.04110E+01  1.47459E-02
  1.98000E+01  2.04032E+01  1.46617E-02
  1.99000E+01  2.03954E+01  1.45781E-02
  2.00000E+01  2.03876E+01  1.44952E-02
  2.01000E+01  2.03799E+01  1.44128E-02
  2.02000E+01  2.03721E+01  1.43311E-02
  2.03000E+01  2.03644E+01  1.42499E-02
  2.04000E+01  2.03567E+01  1.41694E-02
  2.05000E+01  2.03490E+01  1.40895E-02
  2.06000E+01  2.03414E+01  1.40101E-02
  2.07000E+01  2.03337E+01  1.39314E-02
  2.08000E+01  2.03261E+01  1.38532E-02
  2.09000E+01  2.03185E+01  1.37756E-02
  2.10000E+01  2.03108E+01  1.36986E-02
  2.11000E+01  2.03033E+01  1.36222E-02
  2.12000E+01  2.02957E+01  1.35463E-02
  2.13000E+01  2.02881E+01  1.34710E-02
  2.14000E+01  2.02806E+01  1.33963E-02
  2.15000E+01  2.02731E+01  1.33221E-02
  2.16000E+01  2.02656E+01  1.32485E-02
  2.17000E+01  2.02581E+01  1.31754E-02
  2.18000E+01  2.02506E+01  1.31029E-02
  2.19000E+01  2.02431E+01  1.30310E-02
  2.20000E+01  2.02357E+01  1.29595E-02
  2.21000E+01  2.02282E+01  1.28887E-02
  2.22000E+01  2.02208E+01  1.28183E-02
  2.23000E+01  2.02134E+01  1.27485E-02
  2.24000E+01  2.02060E+01  1.26793E-02
  2.25000E+01  2.01987E+01  1.26105E-02
  2.26000E+01  2.01913E+01  1.25423E-02
  2.27000E+01  2.01840E+01  1.24746E-02
  2.28000E+01  2.01766E+01  1.24075E-02
  2.29000E+01  2.01693E+01  1.23408E-02
  2.30000E+01  2.01620E+01  1.22747E-02
  2.31000E+01  2.01548E+01  1.22090E-02
  2.32000E+01  2.01475E+01  1.21439E-02
  2.33000E+01  2.01402E+01  1.20793E-02
  2.34000E+01  2.01330E+01  1.20152E-02
  2.35000E+01  2.01258E+01  1.19516E-02
  2.36000E+01  2.01186E+01  1.18884E-02
  2.37000E+01  2.01114E+01  1.18258E-02
  2.38000E+01  2.01042E+01  1.17637E-02
  2.39000E+01  2.00970E+01  1.17020E-02
  2.40000E+01  2.00899E+01  1.16408E-02
  2.41000E+01  2.00827E+01  1.15802E-02
  2.42000E+01  2.00756E+01  1.15200E-02
  2.43000E+01  2.00685E+01  1.14602E-02
  2.44000E+01  2.00614E+01  1.14010E-02
  2.45000E+01  2.00543E+01  1.13422E-02
  2.46000E+01  2.00473E+01  1.12839E-02
  2.47000E+01  2.00402E+01  1.12260E-02
  2.48000E+01  2.00332E+01  1.11686E-02
  2.49000E+01  2.00262E+01  1.11117E-02
  2.50000E+01  2.00191E+01  1.10552E-02
  2.51000E+01  2.00122E+01  1.09992E-02
  2.52000E+01  2.00052E+01  1.09437E-02
  2.53000E+01  1.99982E+01  1.08886E-02
  2.54000E+01  1.99912E+01  1.08339E-02
  2.55000E+01  1.99843E+01  1.07797E-02
  2.56000E+01  1.99774E+01  1.07259E-02
  2.57000E+01  1.99705E+01  1.06726E-02
  2.58000E+01  1.99635E+01  1.06197E-02
  2.59000E+01  1.99567E+01  1.05672E-02
  2.60000E+01  1.99498E+01  1.05152E-02
  2.61000E+01  1.99429E+01  1.04636E-02
  2.62000E+01  1.99361E+01  1.04125E-02
  2.63000E+01  1.99292E+01  1.03617E-02
  2.64000E+01  1.99224E+01  1.03114E-02
  2.65000E+01  1.99156E+01  1.02615E-02
  2.66000E+01  1.99088E+01  1.02120E-02
  2.67000E+01  1.99020E+01  1.01630E-02
  2.68000E+01  1.98952E+01  1.01143E-02
  2.69000E+01  1.98885E+01  1.00661E-02
  2.70000E+01  1.98817E+01  1.00183E-02
  2.71000E+01  1.98750E+01  9.97087E-03
  2.72000E+01  1.98683E+01  9.92386E-03
  2.73000E+01  1.98616E+01  9.87726E-03
  2.74000E+01  1.98549E+01  9.83106E-03
  2.75000E+01  1.98482E+01  9.78525E-03
  2.76000E+01  1.98415E+01  9.73985E-03
  2.77000E+01  1.98349E+01  9.69483E-03
  2.78000E+01  1.98282E+01  9.65021E-03
  2.79000E+01  1.98216E+01  9.60598E-03
  2.80000E+01  1.98150E+01  9.56214E-03
  2.81000E+01  1.98083E+01  9.51868E-03
  2.82000E+01  1.98017E+01  9.47561E-03
  2.83000E+01  1.97952E+01  9.43292E-03
  2.84000E+01  1.97886E+01  9.39060E-03
  2.85000E+01  1.97820E+01  9.34867E-03
  2.86000E+01  1.97755E+01  9.30711E-03
  2.87000E+01  1.97689E+01  9.26592E-03
  2.88000E+01  1.97624E+01  9.22510E-03
  2.89000E+01  1.97559E+01  9.18466E-03
  2.90000E+01  1.97494E+01  9.14458E-03
  2.91000E+01  1.97429E+01  9.10486E-03
  2.92000E+01  1.97364E+01  9.06551E-03
  2.93000E+01  1.97300E+01  9.02651E-03
  2.94000E+01  1.97235E+01  8.98788E-03
  2.95000E+01  1.97171E+01  8.94960E-03
  2.96000E+01  1.97106E+01  8.91168E-03
  2.97000E+01  1.97042E+01  8.87411E-03
  2.98000E+01  1.96978E+01  8.83689E-03
  2.99000E+01  1.96914E+01  8.80001E-03
  3.00000E+01  1.96850E+01  8.76349E-03
  3.01000E+01  1.96786E+01  8.72731E-03
  3.02000E+01  1.96723E+01  8.69147E-03
  3.03000E+01  1.96659E+01  8.65597E-03
  3.04000E+01  1.96596E+01  8.62081E-03
  3.05000E+01  1.96532E+01  8.58598E-03
  3.06000E+01  1.96469E+01  8.55149E-03
  3.07000E+01  1.96406E+01  8.51733E-03
  3.08000E+01  1.96343E+01  8.48351E-03
  3.09000E+01  1.96280E+01  8.45001E-03
  3.10000E+01  1.96218E+01  8.41684E-03
  3.11000E+01  1.96155E+01  8.38399E-03
  3.12000E+01  1.96092E+01  8.35146E-03
  3.13000E+01  1.96030E+01  8.31926E-03
  3.14000E+01  1.95968E+01  8.28737E-03
  3.15000E+01  1.95905E+01  8.25580E-03
  3.16000E+01  1.95843E+01  8.22455E-03
  3.17000E+01  1.95781E+01  8.19361E-03
  3.18000E+01  1.95719E+01  8.16298E-03
  3.19000E+01  1.95658E+01  8.13266E-03
  3.20000E+01  1.95596E+01  8.10264E-03
  3.21000E+01  1.95534E+01  8.07293E-03
  3.22000E+01  1.95473E+01  8.04353E-03
  3.23000E+01  1.95412E+01  8.01442E-03
  3.24000E+01  1.95350E+01  7.98562E-03
  3.25000E+01  1.95289E+01  7.95711E-03
  3.26000E+01  1.95228E+01  7.92890E-03
  3.27000E+01  1.95167E+01  7.90098E-03
  3.28000E+01  1.95106E+01  7.87335E-03
  3.29000E+01  1.95046E+01  7.84602E-03
  3.30000E+01  1.94985E+01  7.81897E-03
  3.31000E+01  1.94925E+01  7.79220E-03
  3.32000E+01  1.94864E+01  7.76572E-03
  3.33000E+01  1.94804E+01  7.73953E-03
  3.34000E+01  1.94744E+01  7.71361E-03
  3.35000E+01  1.94684E+01  7.68797E-03
  3.36000E+01  1.94623E+01  7.66261E-03
  3.37000E+01  1.94564E+01  7.63753E-03
  3.38000E+01  1.94504E+01  7.61271E-03
  3.39000E+01  1.94444E+01  7.58817E-03
  3.40000E+01  1.94384E+01  7.56390E-03
  3.41000E+01  1.94325E+01  7.53989E-03
  3.42000E+01  1.94265E+01  7.51615E-03
  3.43000E+01  1.94206E+01  7.49267E-03
  3.44000E+01  1.94147E+01  7.46946E-03
  3.45000E+01  1.94088E+01  7.44650E-03
  3.46000E+01  1.94029E+01  7.42380E-03
  3.47000E+01  1.93970E+01  7.40136E-03
  3.48000E+01  1.93911E+01  7.37917E-03
  3.49000E+01  1.93852E+01  7.35724E-03
  3.50000E+01  1.93794E+01  7.33555E-03
  3.51000E+01  1.93735E+01  7.31411E-03
  3.52000E+01  1.93677E+01  7.29292E-03
  3.53000E+01  1.93618E+01  7.27198E-03
  3.54000E+01  1.93560E+01  7.25128E-03
  3.55000E+01  1.93502E+01  7.23082E-03
  3.56000E+01  1.93444E+01  7.21059E-03
  3.57000E+01  1.93386E+01  7.19061E-03
  3.58000E+01  1.93328E+01  7.17086E-03
  3.59000E+01  1.93270E+01  7.15135E-03
  3.60000E+01  1.93212E+01  7.13206E-03
  3.61000E+01  1.93155E+01  7.11301E-03
  3.62000E+01  1.93097E+01  7.09419E-03
  3.63000E+01  1.93040E+01  7.07559E-03
  3.64000E+01  1.92983E+01  7.05722E-03
  3.65000E+01  1.92925E+01  7.03907E-03
  3.66000E+01  1.92868E+01  7.02114E-03
  3.67000E+01  1.92811E+01  7.00343E-03
  3.68000E+01  1.92754E+01  6.98593E-03
  3.69000E+01  1.92697E+01  6.96866E-03
  3.70000E+01  1.92640E+01  6.95159E-03
  3.71000E+01  1.92584E+01  6.93474E-03
  3.72000E+01  1.92527E+01  6.91810E-03
  3.73000E+01  1.92471E+01  6.90167E-03
  3.74000E+01  1.92414E+01  6.88545E-03
  3.75000E+01  1.92358E+01  6.86943E-03
  3.76000E+01  1.92302E+01  6.85361E-03
  3.77000E+01  1.92245E+01  6.83799E-03
  3.78000E+01  1.92189E+01  6.82258E-03
  3.79000E+01  1.92133E+01  6.80736E-03
  3.80000E+01  1.92078E+01  6.79233E-03
  3.81000E+01  1.92022E+01  6.77751E-03
  3.82000E+01  1.91966E+01  6.76287E-03
  3.83000E+01  1.91910E+01  6.74843E-03
  3.84000E+01  1.91855E+01  6.73417E-03
  3.85000E+01  1.91799E+01  6.72010E-03
  3.86000E+01  1.91744E+01  6.70622E-03
  3.87000E+01  1.91689E+01  6.69252E-03
  3.88000E+01  1.91633E+01  6.67900E-03
  3.89000E+01  1.91578E+01  6.66567E-03
  3.90000E+01  1.91523E+01  6.65251E-03
  3.91000E+01  1.91468E+01  6.63953E-03
  3.92000E+01  1.91413E+01  6.62673E-03
  3.93000E+01  1.91359E+01  6.61409E-03
  3.94000E+01  1.91304E+01  6.60163E-03
  3.95000E+01  1.91249E+01  6.58935E-03
  3.96000E+01  1.91195E+01  6.57722E-03
  3.97000E+01  1.91140E+01  6.56527E-03
  3.98000E+01  1.91086E+01  6.55348E-03
  3.99000E+01  1.91032E+01  6.54186E-03
  4.00000E+01  1.90978E+01  6.53040E-03
  4.01000E+01  1.90923E+01  6.51909E-03
  4.02000E+01  1.90869E+01  6.50795E-03
  4.03000E+01  1.90815E+01  6.49696E-03
  4.04000E+01  1.90762E+01  6.48613E-03
  4.05000E+01  1.90708E+01  6.47545E-03
  4.06000E+01  1.90654E+01  6.46493E-03
  4.07000E+01  1.90600E+01  6.45455E-03
  4.08000E+01  1.90547E+01  6.44433E-03
  4.09000E+01  1.90493E+01  6.43425E-03
  4.10000E+01  1.90440E+01  6.42432E-03
  4.11000E+01  1.90387E+01  6.41453E-03
  4.12000E+01  1.90333E+01  6.40489E-03
  4.13000E+01  1.90280E+01  6.39538E-03
  4.14000E+01  1.90227E+01  6.38602E-03
  4.15000E+01  1.90174E+01  6.37679E-03
  4.16000E+01  1.90121E+01  6.36770E-03
  4.17000E+01  1.90068E+01  6.35875E-03
  4.18000E+01  1.90016E+01  6.34992E-03
  4.19000E+01  1.89963E+01  6.34123E-03
  4.20000E+01  1.89910E+01  6.33268E-03
  4.21000E+01  1.89858E+01  6.32425E-03
  4.22000E+01  1.89805E+01  6.31594E-03
  4.23000E+01  1.89753E+01  6.30777E-03
  4.24000E+01  1.89701E+01  6.29972E-03
  4.25000E+01  1.89648E+01  6.29179E-03
  4.26000E+01  1.89596E+01  6.28398E-03
  4.27000E+01  1.89544E+01  6.27629E-03
  4.28000E+01  1.89492E+01  6.26873E-03
  4.29000E+01  1.89440E+01  6.26127E-03
  4.30000E+01  1.89388E+01  6.25394E-03
  4.31000E+01  1.89337E+01  6.24672E-03
  4.32000E+01  1.89285E+01  6.23961E-03
  4.33000E+01  1.89233E+01  6.23262E-03
  4.34000E+01  1.89182E+01  6.22573E-03
  4.35000E+01  1.89130E+01  6.21896E-03
  4.36000E+01  1.89079E+01  6.21229E-03
  4.37000E+01  1.89028E+01  6.20573E-03
  4.38000E+01  1.88976E+01  6.19927E-03
  4.39000E+01  1.88925E+01  6.19292E-03
  4.40000E+01  1.88874E+01  6.18667E-03
  4.41000E+01  1.88823E+01  6.18052E-03
  4.42000E+01  1.88772E+01  6.17447E-03
  4.43000E+01  1.88721E+01  6.16851E-03
  4.44000E+01  1.88670E+01  6.16266E-03
  4.45000E+01  1.88620E+01  6.15690E-03
  4.46000E+01  1.88569E+01  6.15124E-03
  4.47000E+01  1.88518E+01  6.14567E-03
  4.48000E+01  1.88468E+01  6.14019E-03
  4.49000E+01  1.88417E+01  6.13480E-03
  4.50000E+01  1.88367E+01  6.12950E-03
  4.51000E+01  1.88317E+01  6.12429E-03
  4.52000E+01  1.88267E+01  6.11917E-03
  4.53000E+01  1.88216E+01  6.11413E-03
  4.54000E+01  1.88166E+01  6.10918E-03
  4.55000E+01  1.88116E+01  6.10431E-03
  4.56000E+01  1.88066E+01  6.09952E-03
  4.57000E+01  1.88016E+01  6.09482E-03
  4.58000E+01  1.87967E+01  6.09019E-03
  4.59000E+01  1.87917E+01  6.08565E-03
  4.60000E+01  1.87867E+01  6.08118E-03
  4.61000E+01  1.87817E+01  6.07679E-03
  4.62000E+01  1.87768E+01  6.07247E-03
  4.63000E+01  1.87718E+01  6.06823E-03
  4.64000E+01  1.87669E+01  6.06407E-03
  4.65000E+01  1.87620E+01  6.05997E-03
  4.66000E+01  1.87570E+01  6.05595E-03
  4.67000E+01  1.87521E+01  6.05199E-03
  4.68000E+01  1.87472E+01  6.04811E-03
  4.69000E+01  1.87423E+01  6.04429E-03
  4.70000E+01  1.87374E+01  6.04054E-03
  4.71000E+01  1.87325E+01  6.03686E-03
  4.72000E+01  1.87276E+01  6.03324E-03
  4.73000E+01  1.87227E+01  6.02969E-03
  4.74000E+01  1.87179E+01  6.02620E-03
  4.75000E+01  1.87130E+01  6.02277E-03
  4.76000E+01  1.87081E+01  6.01940E-03
  4.77000E+01  1.87033E+01  6.01609E-03
  4.78000E+01  1.86984E+01  6.01284E-03
  4.79000E+01  1.86936E+01  6.00965E-03
  4.80000E+01  1.86888E+01  6.00652E-03
  4.81000E+01  1.86839E+01  6.00344E-03
  4.82000E+01  1.86791E+01  6.00042E-03
  4.83000E+01  1.86743E+01  5.99745E-03
  4.84000E+01  1.86695E+01  5.99454E-03
  4.85000E+01  1.86647E+01  5.99168E-03
  4.86000E+01  1.86599E+01  5.98887E-03
  4.87000E+01  1.86551E+01  5.98611E-03
  4.88000E+01  1.86503E+01  5.98340E-03
  4.89000E+01  1.86456E+01  5.98074E-03
  4.90000E+01  1.86408E+01  5.97813E-03
  4.91000E+01  1.86360E+01  5.97557E-03
  4.92000E+01  1.86313E+01  5.97305E-03
  4.93000E+01  1.86265E+01  5.97058E-03
  4.94000E+01  1.86218E+01  5.96816E-03
  4.95000E+01  1.86170E+01  5.96577E-03
  4.96000E+01  1.86123E+01  5.96344E-03
  4.97000E+01  1.86076E+01  5.96114E-03
  4.98000E+01  1.86029E+01  5.95889E-03
  4.99000E+01  1.85982E+01  5.95667E-03
  5.00000E+01  1.85934E+01  5.95450E-03
  5.01000E+01  1.85887E+01  5.95237E-03
  5.02000E+01  1.85841E+01  5.95028E-03
  5.03000E+01  1.85794E+01  5.94822E-03
  5.04000E+01  1.85747E+01  5.94620E-03
  5.05000E+01  1.85700E+01  5.94422E-03
  5.06000E+01  1.85653E+01  5.94227E-03
  5.07000E+01  1.85607E+01  5.94036E-03
  5.08000E+01  1.85560E+01  5.93848E-03
  5.09000E+01  1.85514E+01  5.93664E-03
  5.10000E+01  1.85467E+01  5.93483E-03
  5.11000E+01  1.85421E+01  5.93305E-03
  5.12000E+01  1.85375E+01  5.93131E-03
  5.13000E+01  1.85328E+01  5.92959E-03
  5.14000E+01  1.85282E+01  5.92791E-03
  5.15000E+01  1.85236E+01  5.92625E-03
  5.16000E+01  1.85190E+01  5.92463E-03
  5.17000E+01  1.85144E+01  5.92303E-03
  5.18000E+01  1.85098E+01  5.92146E-03
  5.19000E+01  1.85052E+01  5.91992E-03
  5.20000E+01  1.85006E+01  5.91841E-03
  5.21000E+01  1.84960E+01  5.91692E-03
  5.22000E+01  1.84915E+01  5.91545E-03
  5.23000E+01  1.84869E+01  5.91402E-03
  5.24000E+01  1.84823E+01  5.91260E-03
  5.25000E+01  1.84778E+01  5.91121E-03
  5.26000E+01  1.84732E+01  5.90984E-03
  5.27000E+01  1.84687E+01  5.90850E-03
  5.28000E+01  1.84641E+01  5.90718E-03
  5.29000E+01  1.84596E+01  5.90587E-03
  5.30000E+01  1.84551E+01  5.90459E-03
  5.31000E+01  1.84506E+01  5.90333E-03
  5.32000E+01  1.84460E+01  5.90209E-03
  5.33000E+01  1.84415E+01  5.90087E-03
  5.34000E+01  1.84370E+01  5.89967E-03
  5.35000E+01  1.84325E+01  5.89849E-03
  5.36000E+01  1.84280E+01  5.89732E-03
  5.37000E+01  1.84236E+01  5.89617E-03
  5.38000E+01  1.84191E+01  5.89504E-03
  5.39000E+01  1.84146E+01  5.89393E-03
  5.40000E+01  1.84101E+01  5.89283E-03
  5.41000E+01  1.84057E+01  5.89175E-03
  5.42000E+01  1.84012E+01  5.89068E-03
  5.43000E+01  1.83968E+01  5.88962E-03
  5.44000E+01  1.83923E+01  5.88858E-03
  5.45000E+01  1.83879E+01  5.88756E-03
  5.46000E+01  1.83834E+01  5.88654E-03
  5.47000E+01  1.83790E+01  5.88554E-03
  5.48000E+01  1.83746E+01  5.88456E-03
  5.49000E+01  1.83702E+01  5.88358E-03
  5.50000E+01  1.83657E+01  5.88262E-03
  5.51000E+01  1.83613E+01  5.88166E-03
  5.52000E+01  1.83569E+01  5.88072E-03
  5.53000E+01  1.83525E+01  5.87979E-03
  5.54000E+01  1.83481E+01  5.87886E-03
  5.55000E+01  1.83438E+01  5.87795E-03
  5.56000E+01  1.83394E+01  5.87705E-03
  5.57000E+01  1.83350E+01  5.87615E-03
  5.58000E+01  1.83306E+01  5.87526E-03
  5.59000E+01  1.83263E+01  5.87439E-03
  5.60000E+01  1.83219E+01  5.87351E-03
  5.61000E+01  1.83175E+01  5.87265E-03
  5.62000E+01  1.83132E+01  5.87179E-03
  5.63000E+01  1.83089E+01  5.87094E-03
  5.64000E+01  1.83045E+01  5.87010E-03
  5.65000E+01  1.83002E+01  5.86926E-03
  5.66000E+01  1.82959E+01  5.86843E-03
  5.67000E+01  1.82915E+01  5.86760E-03
  5.68000E+01  1.82872E+01  5.86678E-03
  5.69000E+01  1.82829E+01  5.86596E-03
  5.70000E+01  1.82786E+01  5.86514E-03
  5.71000E+01  1.82743E+01  5.86433E-03
  5.72000E+01  1.82700E+01  5.86353E-03
  5.73000E+01  1.82657E+01  5.86272E-03
  5.74000E+01  1.82614E+01  5.86192E-03
  5.75000E+01  1.82571E+01  5.86113E-03
  5.76000E+01  1.82529E+01  5.86033E-03
  5.77000E+01  1.82486E+01  5.85954E-03
  5.78000E+01  1.82443E+01  5.85875E-03
  5.79000E+01  1.82401E+01  5.85796E-03
  5.80000E+01  1.82358E+01  5.85717E-03
  5.81000E+01  1.82316E+01  5.85638E-03
  5.82000E+01  1.82273E+01  5.85560E-03
  5.83000E+01  1.82231E+01  5.85481E-03
  5.84000E+01  1.82188E+01  5.85403E-03
  5.85000E+01  1.82146E+01  5.85324E-03
  5.86000E+01  1.82104E+01  5.85246E-03
  5.87000E+01  1.82062E+01  5.85167E-03
  5.88000E+01  1.82019E+01  5.85089E-03
  5.89000E+01  1.81977E+01  5.85010E-03
  5.90000E+01  1.81935E+01  5.84931E-03
  5.91000E+01  1.81893E+01  5.84852E-03
  5.92000E+01  1.81851E+01  5.84773E-03
  5.93000E+01  1.81809E+01  5.84693E-03
  5.94000E+01  1.81768E+01  5.84614E-03
  5.95000E+01  1.81726E+01  5.84534E-03
  5.96000E+01  1.81684E+01  5.84454E-03
  5.97000E+01  1.81642E+01  5.84374E-03
  5.98000E+01  1.81601E+01  5.84293E-03
  5.99000E+01  1.81559E+01  5.84212E-03
  6.00000E+01  1.81518E+01  5.84131E-03
  6.01000E+01  1.81476E+01  5.84049E-03
  6.02000E+01  1.81435E+01  5.83967E-03
  6.03000E+01  1.81393E+01  5.83885E-03
  6.04000E+01  1.81352E+01  5.83802E-03
  6.05000E+01  1.81310E+01  5.83719E-03
  6.06000E+01  1.81269E+01  5.83635E-03
  6.07000E+01  1.81228E+01  5.83551E-03
  6.08000E+01  1.81187E+01  5.83466E-03
  6.09000E+01  1.81146E+01  5.83381E-03
  6.10000E+01  1.81105E+01  5.83296E-03
  6.11000E+01  1.81064E+01  5.83209E-03
  6.12000E+01  1.81023E+01  5.83123E-03
  6.13000E+01  1.80982E+01  5.83035E-03
  6.14000E+01  1.80941E+01  5.82947E-03
  6.15000E+01  1.80900E+01  5.82859E-03
  6.16000E+01  1.80859E+01  5.82770E-03
  6.17000E+01  1.80818E+01  5.82680E-03
  6.18000E+01  1.80778E+01  5.82590E-03
  6.19000E+01  1.80737E+01  5.82499E-03
  6.20000E+01  1.80696E+01  5.82407E-03
  6.21000E+01  1.80656E+01  5.82315E-03
  6.22000E+01  1.80615E+01  5.82222E-03
  6.23000E+01  1.80575E+01  5.82128E-03
  6.24000E+01  1.80534E+01  5.82033E-03
  6.25000E+01  1.80494E+01  5.81938E-03
  6.26000E+01  1.80454E+01  5.81842E-03
  6.27000E+01  1.80413E+01  5.81745E-03
  6.28000E+01  1.80373E+01  5.81648E-03
  6.29000E+01  1.80333E+01  5.81549E-03
  6.30000E+01  1.80293E+01  5.81450E-03
  6.31000E+01  1.80253E+01  5.81350E-03
  6.32000E+01  1.80213E+01  5.81250E-03
  6.33000E+01  1.80173E+01  5.81148E-03
  6.34000E+01  1.80133E+01  5.81045E-03
  6.35000E+01  1.80093E+01  5.80942E-03
  6.36000E+01  1.80053E+01  5.80838E-03
  6.37000E+01  1.80013E+01  5.80733E-03
  6.38000E+01  1.79973E+01  5.80627E-03
  6.39000E+01  1.79934E+01  5.80520E-03
  6.40000E+01  1.79894E+01  5.80412E-03
  6.41000E+01  1.79854E+01  5.80304E-03
  6.42000E+01  1.79815E+01  5.80194E-03
  6.43000E+01  1.79775E+01  5.80083E-03
  6.44000E+01  1.79736E+01  5.79972E-03
  6.45000E+01  1.79696E+01  5.79859E-03
  6.46000E+01  1.79657E+01  5.79746E-03
  6.47000E+01  1.79617E+01  5.79632E-03
  6.48000E+01  1.79578E+01  5.79516E-03
  6.49000E+01  1.79539E+01  5.79400E-03
  6.50000E+01  1.79499E+01  5.79283E-03
  6.51000E+01  1.79460E+01  5.79164E-03
  6.52000E+01  1.79421E+01  5.79045E-03
  6.53000E+01  1.79382E+01  5.78925E-03
  6.54000E+01  1.79343E+01  5.78803E-03
  6.55000E+01  1.79304E+01  5.78681E-03
  6.56000E+01  1.79265E+01  5.78557E-03
  6.57000E+01  1.79226E+01  5.78433E-03
  6.58000E+01  1.79187E+01  5.78307E-03
  6.59000E+01  1.79148E+01  5.78180E-03
  6.60000E+01  1.79109E+01  5.78053E-03
  6.61000E+01  1.79070E+01  5.77924E-03
  6.62000E+01  1.79032E+01  5.77794E-03
  6.63000E+01  1.78993E+01  5.77663E-03
  6.64000E+01  1.78954E+01  5.77531E-03
  6.65000E+01  1.78916E+01  5.77398E-03
  6.66000E+01  1.78877E+01  5.77264E-03
  6.67000E+01  1.78839E+01  5.77128E-03
  6.68000E+01  1.78800E+01  5.76992E-03
  6.69000E+01  1.78762E+01  5.76855E-03
  6.70000E+01  1.78723E+01  5.76716E-03
  6.71000E+01  1.78685E+01  5.76576E-03
  6.72000E+01  1.78647E+01  5.76435E-03
  6.73000E+01  1.78608E+01  5.76293E-03
  6.74000E+01  1.78570E+01  5.76150E-03
  6.75000E+01  1.78532E+01  5.76006E-03
  6.76000E+01  1.78494E+01  5.75860E-03
  6.77000E+01  1.78456E+01  5.75713E-03
  6.78000E+01  1.78418E+01  5.75566E-03
  6.79000E+01  1.78380E+01  5.75417E-03
  6.80000E+01  1.78342E+01  5.75267E-03
  6.81000E+01  1.78304E+01  5.75115E-03
  6.82000E+01  1.78266E+01  5.74963E-03
  6.83000E+01  1.78228E+01  5.74809E-03
  6.84000E+01  1.78190E+01  5.74655E-03
  6.85000E+01  1.78152E+01  5.74499E-03
  6.86000E+01  1.78115E+01  5.74341E-03
  6.87000E+01  1.78077E+01  5.74183E-03
  6.88000E+01  1.78039E+01  5.74024E-03
  6.89000E+01  1.78002E+01  5.73863E-03
  6.90000E+01  1.77964E+01  5.73701E-03
  6.91000E+01  1.77926E+01  5.73538E-03
  6.92000E+01  1.77889E+01  5.73374E-03
  6.93000E+01  1.77851E+01  5.73208E-03
  6.94000E+01  1.77814E+01  5.73042E-03
  6.95000E+01  1.77777E+01  5.72874E-03
  6.96000E+01  1.77739E+01  5.72705E-03
  6.97000E+01  1.77702E+01  5.72534E-03
  6.98000E+01  1.77665E+01  5.72363E-03
  6.99000E+01  1.77627E+01  5.72190E-03
  7.00000E+01  1.77590E+01  5.72016E-03
  7.01000E+01  1.77553E+01  5.71841E-03
  7.02000E+01  1.77516E+01  5.71665E-03
  7.03000E+01  1.77479E+01  5.71488E-03
  7.04000E+01  1.77442E+01  5.71309E-03
  7.05000E+01  1.77405E+01  5.71129E-03
  7.06000E+01  1.77368E+01  5.70948E-03
  7.07000E+01  1.77331E+01  5.70765E-03
  7.08000E+01  1.77294E+01  5.70582E-03
  7.09000E+01  1.77257E+01  5.70397E-03
  7.10000E+01  1.77221E+01  5.70211E-03
  7.11000E+01  1.77184E+01  5.70024E-03
  7.12000E+01  1.77147E+01  5.69835E-03
  7.13000E+01  1.77110E+01  5.69646E-03
  7.14000E+01  1.77074E+01  5.69455E-03
  7.15000E+01  1.77037E+01  5.69263E-03
  7.16000E+01  1.77001E+01  5.69069E-03
  7.17000E+01  1.76964E+01  5.68875E-03
  7.18000E+01  1.76928E+01  5.68679E-03
  7.19000E+01  1.76891E+01  5.68482E-03
  7.20000E+01  1.76855E+01  5.68284E-03
  7.21000E+01  1.76818E+01  5.68085E-03
  7.22000E+01  1.76782E+01  5.67884E-03
  7.23000E+01  1.76746E+01  5.67682E-03
  7.24000E+01  1.76709E+01  5.67479E-03
  7.25000E+01  1.76673E+01  5.67275E-03
  7.26000E+01  1.76637E+01  5.67069E-03
  7.27000E+01  1.76601E+01  5.66863E-03
  7.28000E+01  1.76565E+01  5.66655E-03
  7.29000E+01  1.76529E+01  5.66445E-03
  7.30000E+01  1.76492E+01  5.66235E-03
  7.31000E+01  1.76456E+01  5.66024E-03
  7.32000E+01  1.76421E+01  5.65811E-03
  7.33000E+01  1.76385E+01  5.65597E-03
  7.34000E+01  1.76349E+01  5.65382E-03
  7.35000E+01  1.76313E+01  5.65165E-03
  7.36000E+01  1.76277E+01  5.64948E-03
  7.37000E+01  1.76241E+01  5.64729E-03
  7.38000E+01  1.76205E+01  5.64509E-03
  7.39000E+01  1.76170E+01  5.64288E-03
  7.40000E+01  1.76134E+01  5.64065E-03
  7.41000E+01  1.76098E+01  5.63842E-03
  7.42000E+01  1.76063E+01  5.63617E-03
  7.43000E+01  1.76027E+01  5.63391E-03
  7.44000E+01  1.75992E+01  5.63164E-03
  7.45000E+01  1.75956E+01  5.62935E-03
  7.46000E+01  1.75921E+01  5.62706E-03
  7.47000E+01  1.75885E+01  5.62475E-03
  7.48000E+01  1.75850E+01  5.62243E-03
  7.49000E+01  1.75815E+01  5.62010E-03
  7.50000E+01  1.75779E+01  5.61775E-03
  7.51000E+01  1.75744E+01  5.61540E-03
  7.52000E+01  1.75709E+01  5.61303E-03
  7.53000E+01  1.75673E+01  5.61065E-03
  7.54000E+01  1.75638E+01  5.60826E-03
  7.55000E+01  1.75603E+01  5.60586E-03
  7.56000E+01  1.75568E+01  5.60345E-03
  7.57000E+01  1.75533E+01  5.60102E-03
  7.58000E+01  1.75498E+01  5.59858E-03
  7.59000E+01  1.75463E+01  5.59614E-03
  7.60000E+01  1.75428E+01  5.59368E-03
  7.61000E+01  1.75393E+01  5.59120E-03
  7.62000E+01  1.75358E+01  5.58872E-03
  7.63000E+01  1.75323E+01  5.58623E-03
  7.64000E+01  1.75288E+01  5.58372E-03
  7.65000E+01  1.75254E+01  5.58120E-03
  7.66000E+01  1.75219E+01  5.57867E-03
  7.67000E+01  1.75184E+01  5.57613E-03
  7.68000E+01  1.75149E+01  5.57358E-03
  7.69000E+01  1.75115E+01  5.57101E-03
  7.70000E+01  1.75080E+01  5.56844E-03
  7.71000E+01  1.75045E+01  5.56585E-03
  7.72000E+01  1.75011E+01  5.56325E-03
  7.73000E+01  1.74976E+01  5.56065E-03
  7.74000E+01  1.74942E+01  5.55802E-03
  7.75000E+01  1.74907E+01  5.55539E-03
  7.76000E+01  1.74873E+01  5.55275E-03
  7.77000E+01  1.74839E+01  5.55010E-03
  7.78000E+01  1.74804E+01  5.54743E-03
  7.79000E+01  1.74770E+01  5.54476E-03
  7.80000E+01  1.74736E+01  5.54207E-03
  7.81000E+01  1.74701E+01  5.53937E-03
  7.82000E+01  1.74667E+01  5.53666E-03
  7.83000E+01  1.74633E+01  5.53394E-03
  7.84000E+01  1.74599E+01  5.53121E-03
  7.85000E+01  1.74565E+01  5.52847E-03
  7.86000E+01  1.74531E+01  5.52572E-03
  7.87000E+01  1.74497E+01  5.52295E-03
  7.88000E+01  1.74463E+01  5.52018E-03
  7.89000E+01  1.74429E+01  5.51739E-03
  7.90000E+01  1.74395E+01  5.51460E-03
  7.91000E+01  1.74361E+01  5.51179E-03
  7.92000E+01  1.74327E+01  5.50897E-03
  7.93000E+01  1.74293E+01  5.50614E-03
  7.94000E+01  1.74259E+01  5.50331E-03
  7.95000E+01  1.74225E+01  5.50046E-03
  7.96000E+01  1.74192E+01  5.49760E-03
  7.97000E+01  1.74158E+01  5.49473E-03
  7.98000E+01  1.74124E+01  5.49185E-03
  7.99000E+01  1.74090E+01  5.48895E-03
  8.00000E+01  1.74057E+01  5.48605E-03
  8.01000E+01  1.74023E+01  5.48314E-03
  8.02000E+01  1.73990E+01  5.48022E-03
  8.03000E+01  1.73956E+01  5.47729E-03
  8.04000E+01  1.73923E+01  5.47434E-03
  8.05000E+01  1.73889E+01  5.47139E-03
  8.06000E+01  1.73856E+01  5.46843E-03
  8.07000E+01  1.73822E+01  5.46545E-03
  8.08000E+01  1.73789E+01  5.46247E-03
  8.09000E+01  1.73756E+01  5.45948E-03
  8.10000E+01  1.73722E+01  5.45647E-03
  8.11000E+01  1.73689E+01  5.45346E-03
  8.12000E+01  1.73656E+01  5.45044E-03
  8.13000E+01  1.73623E+01  5.44740E-03
  8.14000E+01  1.73589E+01  5.44436E-03
  8.15000E+01  1.73556E+01  5.44131E-03
  8.16000E+01  1.73523E+01  5.43825E-03
  8.17000E+01  1.73490E+01  5.43517E-03
  8.18000E+01  1.73457E+01  5.43209E-03
  8.19000E+01  1.73424E+01  5.42900E-03
  8.20000E+01  1.73391E+01  5.42590E-03
  8.21000E+01  1.73358E+01  5.42279E-03
  8.22000E+01  1.73325E+01  5.41967E-03
  8.23000E+01  1.73292E+01  5.41654E-03
  8.24000E+01  1.73259E+01  5.41340E-03
  8.25000E+01  1.73226E+01  5.41025E-03
  8.26000E+01  1.73194E+01  5.40709E-03
  8.27000E+01  1.73161E+01  5.40392E-03
  8.28000E+01  1.73128E+01  5.40075E-03
  8.29000E+01  1.73095E+01  5.39756E-03
  8.30000E+01  1.73063E+01  5.39436E-03
  8.31000E+01  1.73030E+01  5.39116E-03
  8.32000E+01  1.72997E+01  5.38795E-03
  8.33000E+01  1.72965E+01  5.38472E-03
  8.34000E+01  1.72932E+01  5.38149E-03
  8.35000E+01  1.72900E+01  5.37825E-03
  8.36000E+01  1.72867E+01  5.37500E-03
  8.37000E+01  1.72835E+01  5.37174E-03
  8.38000E+01  1.72802E+01  5.36848E-03
  8.39000E+01  1.72770E+01  5.36520E-03
  8.40000E+01  1.72737E+01  5.36191E-03
  8.41000E+01  1.72705E+01  5.35862E-03
  8.42000E+01  1.72673E+01  5.35532E-03
  8.43000E+01  1.72640E+01  5.35201E-03
  8.44000E+01  1.72608E+01  5.34869E-03
  8.45000E+01  1.72576E+01  5.34536E-03
  8.46000E+01  1.72544E+01  5.34202E-03
  8.47000E+01  1.72511E+01  5.33868E-03
  8.48000E+01  1.72479E+01  5.33532E-03
  8.49000E+01  1.72447E+01  5.33196E-03
  8.50000E+01  1.72415E+01  5.32859E-03
  8.51000E+01  1.72383E+01  5.32521E-03
  8.52000E+01  1.72351E+01  5.32182E-03
  8.53000E+01  1.72319E+01  5.31843E-03
  8.54000E+01  1.72287E+01  5.31502E-03
  8.55000E+01  1.72255E+01  5.31161E-03
  8.56000E+01  1.72223E+01  5.30819E-03
  8.57000E+01  1.72191E+01  5.30476E-03
  8.58000E+01  1.72159E+01  5.30133E-03
  8.59000E+01  1.72128E+01  5.29788E-03
  8.60000E+01  1.72096E+01  5.29443E-03
  8.61000E+01  1.72064E+01  5.29097E-03
  8.62000E+01  1.72032E+01  5.28750E-03
  8.63000E+01  1.72001E+01  5.28403E-03
  8.64000E+01  1.71969E+01  5.28055E-03
  8.65000E+01  1.71937E+01  5.27706E-03
  8.66000E+01  1.71906E+01  5.27356E-03
  8.67000E+01  1.71874E+01  5.27005E-03
  8.68000E+01  1.71842E+01  5.26654E-03
  8.69000E+01  1.71811E+01  5.26302E-03
  8.70000E+01  1.71779E+01  5.25949E-03
  8.71000E+01  1.71748E+01  5.25595E-03
  8.72000E+01  1.71716E+01  5.25241E-03
  8.73000E+01  1.71685E+01  5.24886E-03
  8.74000E+01  1.71654E+01  5.24530E-03
  8.75000E+01  1.71622E+01  5.24174E-03
  8.76000E+01  1.71591E+01  5.23817E-03
  8.77000E+01  1.71560E+01  5.23459E-03
  8.78000E+01  1.71528E+01  5.23100E-03
  8.79000E+01  1.71497E+01  5.22741E-03
  8.80000E+01  1.71466E+01  5.22381E-03
  8.81000E+01  1.71435E+01  5.22020E-03
  8.82000E+01  1.71403E+01  5.21659E-03
  8.83000E+01  1.71372E+01  5.21297E-03
  8.84000E+01  1.71341E+01  5.20934E-03
  8.85000E+01  1.71310E+01  5.20570E-03
  8.86000E+01  1.71279E+01  5.20206E-03
  8.87000E+01  1.71248E+01  5.19842E-03
  8.88000E+01  1.71217E+01  5.19476E-03
  8.89000E+01  1.71186E+01  5.19110E-03
  8.90000E+01  1.71155E+01  5.18743E-03
  8.91000E+01  1.71124E+01  5.18376E-03
  8.92000E+01  1.71093E+01  5.18008E-03
  8.93000E+01  1.71062E+01  5.17639E-03
  8.94000E+01  1.71031E+01  5.17270E-03
  8.95000E+01  1.71001E+01  5.16900E-03
  8.96000E+01  1.70970E+01  5.16529E-03
  8.97000E+01  1.70939E+01  5.16158E-03
  8.98000E+01  1.70908E+01  5.15786E-03
  8.99000E+01  1.70878E+01  5.15414E-03
  9.00000E+01  1.70847E+01  5.15041E-03
  9.01000E+01  1.70816E+01  5.14668E-03
  9.02000E+01  1.70786E+01  5.14293E-03
  9.03000E+01  1.70755E+01  5.13919E-03
  9.04000E+01  1.70725E+01  5.13543E-03
  9.05000E+01  1.70694E+01  5.13167E-03
  9.06000E+01  1.70663E+01  5.12791E-03
  9.07000E+01  1.70633E+01  5.12414E-03
  9.08000E+01  1.70602E+01  5.12036E-03
  9.09000E+01  1.70572E+01  5.11658E-03
  9.10000E+01  1.70542E+01  5.11279E-03
  9.11000E+01  1.70511E+01  5.10900E-03
  9.12000E+01  1.70481E+01  5.10520E-03
  9.13000E+01  1.70451E+01  5.10140E-03
  9.14000E+01  1.70420E+01  5.09759E-03
  9.15000E+01  1.70390E+01  5.09377E-03
  9.16000E+01  1.70360E+01  5.08995E-03
  9.17000E+01  1.70329E+01  5.08613E-03
  9.18000E+01  1.70299E+01  5.08230E-03
  9.19000E+01  1.70269E+01  5.07846E-03
  9.20000E+01  1.70239E+01  5.07462E-03
  9.21000E+01  1.70209E+01  5.07078E-03
  9.22000E+01  1.70179E+01  5.06693E-03
  9.23000E+01  1.70149E+01  5.06307E-03
  9.24000E+01  1.70119E+01  5.05921E-03
  9.25000E+01  1.70089E+01  5.05535E-03
  9.26000E+01  1.70059E+01  5.05148E-03
  9.27000E+01  1.70029E+01  5.04761E-03
  9.28000E+01  1.69999E+01  5.04373E-03
  9.29000E+01  1.69969E+01  5.03984E-03
  9.30000E+01  1.69939E+01  5.03596E-03
  9.31000E+01  1.69909E+01  5.03206E-03
  9.32000E+01  1.69879E+01  5.02817E-03
  9.33000E+01  1.69849E+01  5.02427E-03
  9.34000E+01  1.69820E+01  5.02036E-03
  9.35000E+01  1.69790E+01  5.01645E-03
  9.36000E+01  1.69760E+01  5.01254E-03
  9.37000E+01  1.69730E+01  5.00862E-03
  9.38000E+01  1.69701E+01  5.00469E-03
  9.39000E+01  1.69671E+01  5.00077E-03
  9.40000E+01  1.69641E+01  4.99684E-03
  9.41000E+01  1.69612E+01  4.99290E-03
  9.42000E+01  1.69582E+01  4.98896E-03
  9.43000E+01  1.69553E+01  4.98502E-03
  9.44000E+01  1.69523E+01  4.98107E-03
  9.45000E+01  1.69494E+01  4.97712E-03
  9.46000E+01  1.69464E+01  4.97317E-03
  9.47000E+01  1.69435E+01  4.96921E-03
  9.48000E+01  1.69405E+01  4.96525E-03
  9.49000E+01  1.69376E+01  4.96129E-03
  9.50000E+01  1.69346E+01  4.95732E-03
  9.51000E+01  1.69317E+01  4.95335E-03
  9.52000E+01  1.69288E+01  4.94937E-03
  9.53000E+01  1.69258E+01  4.94539E-03
  9.54000E+01  1.69229E+01  4.94141E-03
  9.55000E+01  1.69200E+01  4.93742E-03
  9.56000E+01  1.69171E+01  4.93344E-03
  9.57000E+01  1.69141E+01  4.92944E-03
  9.58000E+01  1.69112E+01  4.92545E-03
  9.59000E+01  1.69083E+01  4.92145E-03
  9.60000E+01  1.69054E+01  4.91745E-03
  9.61000E+01  1.69025E+01  4.91344E-03
  9.62000E+01  1.68996E+01  4.90944E-03
  9.63000E+01  1.68967E+01  4.90543E-03
  9.64000E+01  1.68938E+01  4.90141E-03
  9.65000E+01  1.68908E+01  4.89740E-03
  9.66000E+01  1.68879E+01  4.89338E-03
  9.67000E+01  1.68851E+01  4.88936E-03
  9.68000E+01  1.68822E+01  4.88533E-03
  9.69000E+01  1.68793E+01  4.88131E-03
  9.70000E+01  1.68764E+01  4.87728E-03
  9.71000E+01  1.68735E+01  4.87325E-03
  9.72000E+01  1.68706E+01  4.86921E-03
  9.73000E+01  1.68677E+01  4.86518E-03
  9.74000E+01  1.68648E+01  4.86114E-03
  9.75000E+01  1.68620E+01  4.85710E-03
  9.76000E+01  1.68591E+01  4.85306E-03
  9.77000E+01  1.68562E+01  4.84901E-03
  9.78000E+01  1.68533E+01  4.84496E-03
  9.79000E+01  1.68505E+01  4.84091E-03
  9.80000E+01  1.68476E+01  4.83686E-03
  9.81000E+01  1.68447E+01  4.83281E-03
  9.82000E+01  1.68419E+01  4.82875E-03
  9.83000E+01  1.68390E+01  4.82470E-03
  9.84000E+01  1.68362E+01  4.82064E-03
  9.85000E+01  1.68333E+01  4.81658E-03
  9.86000E+01  1.68305E+01  4.81251E-03
  9.87000E+01  1.68276E+01  4.80845E-03
  9.88000E+01  1.68248E+01  4.80438E-03
  9.89000E+01  1.68219E+01  4.80032E-03
  9.90000E+01  1.68191E+01  4.79625E-03
  9.91000E+01  1.68162E+01  4.79218E-03
  9.92000E+01  1.68134E+01  4.78811E-03
  9.93000E+01  1.68106E+01  4.78403E-03
  9.94000E+01  1.68077E+01  4.77996E-03
  9.95000E+01  1.68049E+01  4.77588E-03
  9.96000E+01  1.68021E+01  4.77181E-03
  9.97000E+01  1.67992E+01  4.76773E-03
  9.98000E+01  1.67964E+01  4.76365E-03
  9.99000E+01  1.67936E+01  4.75957E-03
  1.00000E+02  1.67908E+01  4.75549E-03
  1.00100E+02  1.67880E+01  4.75141E-03
  1.00200E+02  1.67851E+01  4.74733E-03
  1.00300E+02  1.67823E+01  4.74324E-03
  1.00400E+02  1.67795E+01  4.73916E-03
  1.00500E+02  1.67767E+01  4.73507E-03
  1.00600E+02  1.67739E+01  4.73099E-03
  1.00700E+02  1.67711E+01  4.72690E-03
  1.00800E+02  1.67683E+01  4.72281E-03
  1.00900E+02  1.67655E+01  4.71873E-03
  1.01000E+02  1.67627E+01  4.71464E-03
  1.01100E+02  1.67599E+01  4.71055E-03
  1.01200E+02  1.67571E+01  4.70646E-03
  1.01300E+02  1.67543E+01  4.70237E-03
  1.01400E+02  1.67515E+01  4.69828E-03
  1.01500E+02  1.67488E+01  4.69419E-03
  1.01600E+02  1.67460E+01  4.69010E-03
  1.01700E+02  1.67432E+01  4.68601E-03
  1.01800E+02  1.67404E+01  4.68193E-03
  1.01900E+02  1.67376E+01  4.67784E-03
  1.02000E+02  1.67349E+01  4.67375E-03
  1.02100E+02  1.67321E+01  4.66966E-03
  1.02200E+02  1.67293E+01  4.66557E-03
  1.02300E+02  1.67266E+01  4.66148E-03
  1.02400E+02  1.67238E+01  4.65739E-03
  1.02500E+02  1.67210E+01  4.65330E-03
  1.02600E+02  1.67183E+01  4.64921E-03
  1.02700E+02  1.67155E+01  4.64513E-03
  1.02800E+02  1.67128E+01  4.64104E-03
  1.02900E+02  1.67100E+01  4.63695E-03
  1.03000E+02  1.67072E+01  4.63287E-03
  1.03100E+02  1.67045E+01  4.62878E-03
  1.03200E+02  1.67017E+01  4.62470E-03
  1.03300E+02  1.66990E+01  4.62061E-03
  1.03400E+02  1.66963E+01  4.61653E-03
  1.03500E+02  1.66935E+01  4.61245E-03
  1.03600E+02  1.66908E+01  4.60837E-03
  1.03700E+02  1.66880E+01  4.60429E-03
  1.03800E+02  1.66853E+01  4.60021E-03
  1.03900E+02  1.66826E+01  4.59613E-03
  1.04000E+02  1.66798E+01  4.59205E-03
  1.04100E+02  1.66771E+01  4.58798E-03
  1.04200E+02  1.66744E+01  4.58390E-03
  1.04300E+02  1.66717E+01  4.57983E-03
  1.04400E+02  1.66689E+01  4.57576E-03
  1.04500E+02  1.66662E+01  4.57169E-03
  1.04600E+02  1.66635E+01  4.56762E-03
  1.04700E+02  1.66608E+01  4.56355E-03
  1.04800E+02  1.66581E+01  4.55949E-03
  1.04900E+02  1.66554E+01  4.55542E-03
  1.05000E+02  1.66527E+01  4.55136E-03
  1.05100E+02  1.66500E+01  4.54730E-03
  1.05200E+02  1.66472E+01  4.54324E-03
  1.05300E+02  1.66445E+01  4.53918E-03
  1.05400E+02  1.66418E+01  4.53513E-03
  1.05500E+02  1.66391E+01  4.53107E-03
  1.05600E+02  1.66364E+01  4.52702E-03
  1.05700E+02  1.66338E+01  4.52297E-03
  1.05800E+02  1.66311E+01  4.51893E-03
  1.05900E+02  1.66284E+01  4.51488E-03
  1.06000E+02  1.66257E+01  4.51084E-03
  1.06100E+02  1.66230E+01  4.50680E-03
  1.06200E+02  1.66203E+01  4.50276E-03
  1.06300E+02  1.66176E+01  4.49872E-03
  1.06400E+02  1.66150E+01  4.49469E-03
  1.06500E+02  1.66123E+01  4.49066E-03
  1.06600E+02  1.66096E+01  4.48663E-03
  1.06700E+02  1.66069E+01  4.48261E-03
  1.06800E+02  1.66043E+01  4.47858E-03
  1.06900E+02  1.66016E+01  4.47456E-03
  1.07000E+02  1.65989E+01  4.47054E-03
  1.07100E+02  1.65963E+01  4.46653E-03
  1.07200E+02  1.65936E+01  4.46252E-03
  1.07300E+02  1.65909E+01  4.45851E-03
  1.07400E+02  1.65883E+01  4.45450E-03
  1.07500E+02  1.65856E+01  4.45050E-03
  1.07600E+02  1.65830E+01  4.44650E-03
  1.07700E+02  1.65803E+01  4.44250E-03
  1.07800E+02  1.65777E+01  4.43851E-03
  1.07900E+02  1.65750E+01  4.43452E-03
  1.08000E+02  1.65724E+01  4.43053E-03
  1.08100E+02  1.65697E+01  4.42655E-03
  1.08200E+02  1.65671E+01  4.42257E-03
  1.08300E+02  1.65644E+01  4.41859E-03
  1.08400E+02  1.65618E+01  4.41462E-03
  1.08500E+02  1.65592E+01  4.41065E-03
  1.08600E+02  1.65565E+01  4.40669E-03
  1.08700E+02  1.65539E+01  4.40272E-03
  1.08800E+02  1.65513E+01  4.39876E-03
  1.08900E+02  1.65486E+01  4.39481E-03
  1.09000E+02  1.65460E+01  4.39086E-03
  1.09100E+02  1.65434E+01  4.38691E-03
  1.09200E+02  1.65408E+01  4.38297E-03
  1.09300E+02  1.65381E+01  4.37903E-03
  1.09400E+02  1.65355E+01  4.37510E-03
  1.09500E+02  1.65329E+01  4.37117E-03
  1.09600E+02  1.65303E+01  4.36724E-03
  1.09700E+02  1.65277E+01  4.36332E-03
  1.09800E+02  1.65251E+01  4.35940E-03
  1.09900E+02  1.65224E+01  4.35549E-03
  1.10000E+02  1.65198E+01  4.35158E-03
  1.10100E+02  1.65172E+01  4.34767E-03
  1.10200E+02  1.65146E+01  4.34377E-03
  1.10300E+02  1.65120E+01  4.33988E-03
  1.10400E+02  1.65094E+01  4.33599E-03
  1.10500E+02  1.65068E+01  4.33210E-03
  1.10600E+02  1.65042E+01  4.32822E-03
  1.10700E+02  1.65016E+01  4.32434E-03
  1.10800E+02  1.64991E+01  4.32047E-03
  1.10900E+02  1.64965E+01  4.31661E-03
  1.11000E+02  1.64939E+01  4.31275E-03
  1.11100E+02  1.64913E+01  4.30889E-03
  1.11200E+02  1.64887E+01  4.30504E-03
  1.11300E+02  1.64861E+01  4.30119E-03
  1.11400E+02  1.64836E+01  4.29735E-03
  1.11500E+02  1.64810E+01  4.29351E-03
  1.11600E+02  1.64784E+01  4.28968E-03
  1.11700E+02  1.64758E+01  4.28586E-03
  1.11800E+02  1.64733E+01  4.28204E-03
  1.11900E+02  1.64707E+01  4.27823E-03
  1.12000E+02  1.64681E+01  4.27442E-03
  1.12100E+02  1.64655E+01  4.27061E-03
  1.12200E+02  1.64630E+01  4.26682E-03
  1.12300E+02  1.64604E+01  4.26302E-03
  1.12400E+02  1.64579E+01  4.25924E-03
  1.12500E+02  1.64553E+01  4.25546E-03
  1.12600E+02  1.64527E+01  4.25168E-03
  1.12700E+02  1.64502E+01  4.24792E-03
  1.12800E+02  1.64476E+01  4.24415E-03
  1.12900E+02  1.64451E+01  4.24040E-03
  1.13000E+02  1.64425E+01  4.23665E-03
  1.13100E+02  1.64400E+01  4.23290E-03
  1.13200E+02  1.64374E+01  4.22917E-03
  1.13300E+02  1.64349E+01  4.22544E-03
  1.13400E+02  1.64324E+01  4.22171E-03
  1.13500E+02  1.64298E+01  4.21799E-03
  1.13600E+02  1.64273E+01  4.21428E-03
  1.13700E+02  1.64247E+01  4.21057E-03
  1.13800E+02  1.64222E+01  4.20687E-03
  1.13900E+02  1.64197E+01  4.20318E-03
  1.14000E+02  1.64172E+01  4.19950E-03
  1.14100E+02  1.64146E+01  4.19582E-03
  1.14200E+02  1.64121E+01  4.19214E-03
  1.14300E+02  1.64096E+01  4.18848E-03
  1.14400E+02  1.64071E+01  4.18482E-03
  1.14500E+02  1.64045E+01  4.18117E-03
  1.14600E+02  1.64020E+01  4.17752E-03
  1.14700E+02  1.63995E+01  4.17389E-03
  1.14800E+02  1.63970E+01  4.17026E-03
  1.14900E+02  1.63945E+01  4.16663E-03
  1.15000E+02  1.63920E+01  4.16302E-03
  1.15100E+02  1.63894E+01  4.15941E-03
  1.15200E+02  1.63869E+01  4.15581E-03
  1.15300E+02  1.63844E+01  4.15221E-03
  1.15400E+02  1.63819E+01  4.14863E-03
  1.15500E+02  1.63794E+01  4.14505E-03
  1.15600E+02  1.63769E+01  4.14148E-03
  1.15700E+02  1.63744E+01  4.13791E-03
  1.15800E+02  1.63719E+01  4.13436E-03
  1.15900E+02  1.63694E+01  4.13081E-03
  1.16000E+02  1.63669E+01  4.12727E-03
  1.16100E+02  1.63644E+01  4.12374E-03
  1.16200E+02  1.63620E+01  4.12021E-03
  1.16300E+02  1.63595E+01  4.11670E-03
  1.16400E+02  1.63570E+01  4.11319E-03
  1.16500E+02  1.63545E+01  4.10969E-03
  1.16600E+02  1.63520E+01  4.10620E-03
  1.16700E+02  1.63495E+01  4.10271E-03
  1.16800E+02  1.63471E+01  4.09924E-03
  1.16900E+02  1.63446E+01  4.09577E-03
  1.17000E+02  1.63421E+01  4.09231E-03
  1.17100E+02  1.63396E+01  4.08886E-03
  1.17200E+02  1.63372E+01  4.08542E-03
  1.17300E+02  1.63347E+01  4.08198E-03
  1.17400E+02  1.63322E+01  4.07856E-03
  1.17500E+02  1.63297E+01  4.07514E-03
  1.17600E+02  1.63273E+01  4.07174E-03
  1.17700E+02  1.63248E+01  4.06834E-03
  1.17800E+02  1.63224E+01  4.06495E-03
  1.17900E+02  1.63199E+01  4.06157E-03
  1.18000E+02  1.63174E+01  4.05819E-03
  1.18100E+02  1.63150E+01  4.05483E-03
  1.18200E+02  1.63125E+01  4.05148E-03
  1.18300E+02  1.63101E+01  4.04813E-03
  1.18400E+02  1.63076E+01  4.04480E-03
  1.18500E+02  1.63052E+01  4.04147E-03
  1.18600E+02  1.63027E+01  4.03815E-03
  1.18700E+02  1.63003E+01  4.03484E-03
  1.18800E+02  1.62978E+01  4.03155E-03
  1.18900E+02  1.62954E+01  4.02826E-03
  1.19000E+02  1.62930E+01  4.02498E-03
  1.19100E+02  1.62905E+01  4.02171E-03
  1.19200E+02  1.62881E+01  4.01845E-03
  1.19300E+02  1.62856E+01  4.01520E-03
  1.19400E+02  1.62832E+01  4.01196E-03
  1.19500E+02  1.62808E+01  4.00873E-03
  1.19600E+02  1.62784E+01  4.00551E-03
  1.19700E+02  1.62759E+01  4.00229E-03
  1.19800E+02  1.62735E+01  3.99909E-03
  1.19900E+02  1.62711E+01  3.99590E-03
  1.20000E+02  1.62687E+01  3.99272E-03
  1.20100E+02  1.62662E+01  3.98955E-03
  1.20200E+02  1.62638E+01  3.98639E-03
  1.20300E+02  1.62614E+01  3.98324E-03
  1.20400E+02  1.62590E+01  3.98010E-03
  1.20500E+02  1.62566E+01  3.97697E-03
  1.20600E+02  1.62541E+01  3.97385E-03
  1.20700E+02  1.62517E+01  3.97074E-03
  1.20800E+02  1.62493E+01  3.96764E-03
  1.20900E+02  1.62469E+01  3.96455E-03
  1.21000E+02  1.62445E+01  3.96148E-03
  1.21100E+02  1.62421E+01  3.95841E-03
  1.21200E+02  1.62397E+01  3.95535E-03
  1.21300E+02  1.62373E+01  3.95231E-03
  1.21400E+02  1.62349E+01  3.94928E-03
  1.21500E+02  1.62325E+01  3.94625E-03
  1.21600E+02  1.62301E+01  3.94324E-03
  1.21700E+02  1.62277E+01  3.94024E-03
  1.21800E+02  1.62253E+01  3.93725E-03
  1.21900E+02  1.62229E+01  3.93427E-03
  1.22000E+02  1.62205E+01  3.93130E-03
  1.22100E+02  1.62182E+01  3.92835E-03
  1.22200E+02  1.62158E+01  3.92540E-03
  1.22300E+02  1.62134E+01  3.92247E-03
  1.22400E+02  1.62110E+01  3.91955E-03
  1.22500E+02  1.62086E+01  3.91664E-03
  1.22600E+02  1.62062E+01  3.91374E-03
  1.22700E+02  1.62039E+01  3.91085E-03
  1.22800E+02  1.62015E+01  3.90797E-03
  1.22900E+02  1.61991E+01  3.90511E-03
  1.23000E+02  1.61967E+01  3.90226E-03
  1.23100E+02  1.61944E+01  3.89941E-03
  1.23200E+02  1.61920E+01  3.89659E-03
  1.23300E+02  1.61896E+01  3.89377E-03
  1.23400E+02  1.61873E+01  3.89096E-03
  1.23500E+02  1.61849E+01  3.88817E-03
  1.23600E+02  1.61825E+01  3.88539E-03
  1.23700E+02  1.61802E+01  3.88262E-03
  1.23800E+02  1.61778E+01  3.87986E-03
  1.23900E+02  1.61755E+01  3.87712E-03
  1.24000E+02  1.61731E+01  3.87439E-03
  1.24100E+02  1.61708E+01  3.87167E-03
  1.24200E+02  1.61684E+01  3.86896E-03
  1.24300E+02  1.61660E+01  3.86627E-03
  1.24400E+02  1.61637E+01  3.86358E-03
  1.24500E+02  1.61613E+01  3.86091E-03
  1.24600E+02  1.61590E+01  3.85826E-03
  1.24700E+02  1.61567E+01  3.85561E-03
  1.24800E+02  1.61543E+01  3.85298E-03
  1.24900E+02  1.61520E+01  3.85036E-03
  1.25000E+02  1.61496E+01  3.84775E-03
  1.25100E+02  1.61473E+01  3.84516E-03
  1.25200E+02  1.61450E+01  3.84258E-03
  1.25300E+02  1.61426E+01  3.84001E-03
  1.25400E+02  1.61403E+01  3.83746E-03
  1.25500E+02  1.61380E+01  3.83492E-03
  1.25600E+02  1.61356E+01  3.83239E-03
  1.25700E+02  1.61333E+01  3.82987E-03
  1.25800E+02  1.61310E+01  3.82737E-03
  1.25900E+02  1.61286E+01  3.82488E-03
  1.26000E+02  1.61263E+01  3.82241E-03
  1.26100E+02  1.61240E+01  3.81995E-03
  1.26200E+02  1.61217E+01  3.81750E-03
  1.26300E+02  1.61194E+01  3.81506E-03
  1.26400E+02  1.61170E+01  3.81264E-03
  1.26500E+02  1.61147E+01  3.81023E-03
  1.26600E+02  1.61124E+01  3.80784E-03
  1.26700E+02  1.61101E+01  3.80546E-03
  1.26800E+02  1.61078E+01  3.80309E-03
  1.26900E+02  1.61055E+01  3.80074E-03
  1.27000E+02  1.61032E+01  3.79840E-03
  1.27100E+02  1.61009E+01  3.79607E-03
  1.27200E+02  1.60985E+01  3.79376E-03
  1.27300E+02  1.60962E+01  3.79147E-03
  1.27400E+02  1.60939E+01  3.78918E-03
  1.27500E+02  1.60916E+01  3.78691E-03
  1.27600E+02  1.60893E+01  3.78466E-03
  1.27700E+02  1.60870E+01  3.78242E-03
  1.27800E+02  1.60847E+01  3.78019E-03
  1.27900E+02  1.60825E+01  3.77798E-03
  1.28000E+02  1.60802E+01  3.77578E-03
  1.28100E+02  1.60779E+01  3.77360E-03
  1.28200E+02  1.60756E+01  3.77143E-03
  1.28300E+02  1.60733E+01  3.76927E-03
  1.28400E+02  1.60710E+01  3.76713E-03
  1.28500E+02  1.60687E+01  3.76501E-03
  1.28600E+02  1.60664E+01  3.76290E-03
  1.28700E+02  1.60642E+01  3.76080E-03
  1.28800E+02  1.60619E+01  3.75872E-03
  1.28900E+02  1.60596E+01  3.75665E-03
  1.29000E+02  1.60573E+01  3.75460E-03
  1.29100E+02  1.60550E+01  3.75257E-03
  1.29200E+02  1.60528E+01  3.75054E-03
  1.29300E+02  1.60505E+01  3.74854E-03
  1.29400E+02  1.60482E+01  3.74654E-03
  1.29500E+02  1.60459E+01  3.74457E-03
  1.29600E+02  1.60437E+01  3.74260E-03
  1.29700E+02  1.60414E+01  3.74066E-03
  1.29800E+02  1.60391E+01  3.73873E-03
  1.29900E+02  1.60369E+01  3.73681E-03
  1.30000E+02  1.60346E+01  3.73491E-03
  1.30100E+02  1.60324E+01  3.73302E-03
  1.30200E+02  1.60301E+01  3.73115E-03
  1.30300E+02  1.60278E+01  3.72930E-03
  1.30400E+02  1.60256E+01  3.72746E-03
  1.30500E+02  1.60233E+01  3.72563E-03
  1.30600E+02  1.60211E+01  3.72382E-03
  1.30700E+02  1.60188E+01  3.72203E-03
  1.30800E+02  1.60166E+01  3.72025E-03
  1.30900E+02  1.60143E+01  3.71849E-03
  1.31000E+02  1.60121E+01  3.71674E-03
  1.31100E+02  1.60098E+01  3.71501E-03
  1.31200E+02  1.60076E+01  3.71330E-03
  1.31300E+02  1.60053E+01  3.71160E-03
  1.31400E+02  1.60031E+01  3.70992E-03
  1.31500E+02  1.60009E+01  3.70825E-03
  1.31600E+02  1.59986E+01  3.70660E-03
  1.31700E+02  1.59964E+01  3.70496E-03
  1.31800E+02  1.59941E+01  3.70334E-03
  1.31900E+02  1.59919E+01  3.70174E-03
  1.32000E+02  1.59897E+01  3.70015E-03
  1.32100E+02  1.59874E+01  3.69858E-03
  1.32200E+02  1.59852E+01  3.69703E-03
  1.32300E+02  1.59830E+01  3.69549E-03
  1.32400E+02  1.59808E+01  3.69397E-03
  1.32500E+02  1.59785E+01  3.69246E-03
  1.32600E+02  1.59763E+01  3.69097E-03
  1.32700E+02  1.59741E+01  3.68950E-03
  1.32800E+02  1.59719E+01  3.68804E-03
  1.32900E+02  1.59696E+01  3.68660E-03
  1.33000E+02  1.59674E+01  3.68518E-03
  1.33100E+02  1.59652E+01  3.68377E-03
  1.33200E+02  1.59630E+01  3.68238E-03
  1.33300E+02  1.59608E+01  3.68101E-03
  1.33400E+02  1.59586E+01  3.67965E-03
  1.33500E+02  1.59564E+01  3.67831E-03
  1.33600E+02  1.59541E+01  3.67699E-03
  1.33700E+02  1.59519E+01  3.67568E-03
  1.33800E+02  1.59497E+01  3.67439E-03
  1.33900E+02  1.59475E+01  3.67311E-03
  1.34000E+02  1.59453E+01  3.67186E-03
  1.34100E+02  1.59431E+01  3.67062E-03
  1.34200E+02  1.59409E+01  3.66939E-03
  1.34300E+02  1.59387E+01  3.66819E-03
  1.34400E+02  1.59365E+01  3.66700E-03
  1.34500E+02  1.59343E+01  3.66583E-03
  1.34600E+02  1.59321E+01  3.66467E-03
  1.34700E+02  1.59299E+01  3.66353E-03
  1.34800E+02  1.59277E+01  3.66241E-03
  1.34900E+02  1.59255E+01  3.66131E-03
  1.35000E+02  1.59234E+01  3.66022E-03
  1.35100E+02  1.59212E+01  3.65915E-03
  1.35200E+02  1.59190E+01  3.65810E-03
  1.35300E+02  1.59168E+01  3.65707E-03
  1.35400E+02  1.59146E+01  3.65605E-03
  1.35500E+02  1.59124E+01  3.65505E-03
  1.35600E+02  1.59102E+01  3.65407E-03
  1.35700E+02  1.59081E+01  3.65310E-03
  1.35800E+02  1.59059E+01  3.65215E-03
  1.35900E+02  1.59037E+01  3.65122E-03
  1.36000E+02  1.59015E+01  3.65031E-03
  1.36100E+02  1.58994E+01  3.64941E-03
  1.36200E+02  1.58972E+01  3.64853E-03
  1.36300E+02  1.58950E+01  3.64767E-03
  1.36400E+02  1.58928E+01  3.64683E-03
  1.36500E+02  1.58907E+01  3.64601E-03
  1.36600E+02  1.58885E+01  3.64520E-03
  1.36700E+02  1.58863E+01  3.64441E-03
  1.36800E+02  1.58842E+01  3.64364E-03
  1.36900E+02  1.58820E+01  3.64288E-03
  1.37000E+02  1.58799E+01  3.64214E-03
  1.37100E+02  1.58777E+01  3.64142E-03
  1.37200E+02  1.58755E+01  3.64072E-03
  1.37300E+02  1.58734E+01  3.64004E-03
  1.37400E+02  1.58712E+01  3.63937E-03
  1.37500E+02  1.58691E+01  3.63873E-03
  1.37600E+02  1.58669E+01  3.63810E-03
  1.37700E+02  1.58648E+01  3.63748E-03
  1.37800E+02  1.58626E+01  3.63689E-03
  1.37900E+02  1.58605E+01  3.63631E-03
  1.38000E+02  1.58583E+01  3.63576E-03
  1.38100E+02  1.58562E+01  3.63522E-03
  1.38200E+02  1.58540E+01  3.63469E-03
  1.38300E+02  1.58519E+01  3.63419E-03
  1.38400E+02  1.58497E+01  3.63370E-03
  1.38500E+02  1.58476E+01  3.63324E-03
  1.38600E+02  1.58454E+01  3.63279E-03
  1.38700E+02  1.58433E+01  3.63235E-03
  1.38800E+02  1.58412E+01  3.63194E-03
  1.38900E+02  1.58390E+01  3.63154E-03
  1.39000E+02  1.58369E+01  3.63117E-03
  1.39100E+02  1.58348E+01  3.63081E-03
  1.39200E+02  1.58326E+01  3.63047E-03
  1.39300E+02  1.58305E+01  3.63014E-03
  1.39400E+02  1.58284E+01  3.62984E-03
  1.39500E+02  1.58262E+01  3.62955E-03
  1.39600E+02  1.58241E+01  3.62929E-03
  1.39700E+02  1.58220E+01  3.62904E-03
  1.39800E+02  1.58199E+01  3.62881E-03
  1.39900E+02  1.58177E+01  3.62859E-03
  1.40000E+02  1.58156E+01  3.62840E-03
  1.40100E+02  1.58135E+01  3.62822E-03
  1.40200E+02  1.58114E+01  3.62806E-03
  1.40300E+02  1.58093E+01  3.62792E-03
  1.40400E+02  1.58072E+01  3.62780E-03
  1.40500E+02  1.58050E+01  3.62770E-03
  1.40600E+02  1.58029E+01  3.62761E-03
  1.40700E+02  1.58008E+01  3.62755E-03
  1.40800E+02  1.57987E+01  3.62750E-03
  1.40900E+02  1.57966E+01  3.62747E-03
  1.41000E+02  1.57945E+01  3.62746E-03
  1.41100E+02  1.57924E+01  3.62747E-03
  1.41200E+02  1.57903E+01  3.62750E-03
  1.41300E+02  1.57882E+01  3.62754E-03
  1.41400E+02  1.57861E+01  3.62760E-03
  1.41500E+02  1.57840E+01  3.62769E-03
  1.41600E+02  1.57819E+01  3.62779E-03
  1.41700E+02  1.57798E+01  3.62790E-03
  1.41800E+02  1.57777E+01  3.62804E-03
  1.41900E+02  1.57756E+01  3.62820E-03
  1.42000E+02  1.57735E+01  3.62837E-03
  1.42100E+02  1.57714E+01  3.62857E-03
  1.42200E+02  1.57693E+01  3.62878E-03
  1.42300E+02  1.57672E+01  3.62901E-03
  1.42400E+02  1.57651E+01  3.62926E-03
  1.42500E+02  1.57630E+01  3.62952E-03
  1.42600E+02  1.57609E+01  3.62981E-03
  1.42700E+02  1.57588E+01  3.63011E-03
  1.42800E+02  1.57568E+01  3.63044E-03
  1.42900E+02  1.57547E+01  3.63078E-03
  1.43000E+02  1.57526E+01  3.63114E-03
  1.43100E+02  1.57505E+01  3.63152E-03
  1.43200E+02  1.57484E+01  3.63191E-03
  1.43300E+02  1.57464E+01  3.63233E-03
  1.43400E+02  1.57443E+01  3.63276E-03
  1.43500E+02  1.57422E+01  3.63322E-03
  1.43600E+02  1.57401E+01  3.63369E-03
  1.43700E+02  1.57381E+01  3.63418E-03
  1.43800E+02  1.57360E+01  3.63469E-03
  1.43900E+02  1.57339E+01  3.63522E-03
  1.44000E+02  1.57318E+01  3.63576E-03
  1.44100E+02  1.57298E+01  3.63633E-03
  1.44200E+02  1.57277E+01  3.63691E-03
  1.44300E+02  1.57256E+01  3.63751E-03
  1.44400E+02  1.57236E+01  3.63813E-03
  1.44500E+02  1.57215E+01  3.63877E-03
  1.44600E+02  1.57194E+01  3.63943E-03
  1.44700E+02  1.57174E+01  3.64011E-03
  1.44800E+02  1.57153E+01  3.64080E-03
  1.44900E+02  1.57133E+01  3.64152E-03
  1.45000E+02  1.57112E+01  3.64225E-03
  1.45100E+02  1.57092E+01  3.64300E-03
  1.45200E+02  1.57071E+01  3.64377E-03
  1.45300E+02  1.57050E+01  3.64456E-03
  1.45400E+02  1.57030E+01  3.64536E-03
  1.45500E+02  1.57009E+01  3.64619E-03
  1.45600E+02  1.56989E+01  3.64703E-03
  1.45700E+02  1.56968E+01  3.64790E-03
  1.45800E+02  1.56948E+01  3.64878E-03
  1.45900E+02  1.56928E+01  3.64968E-03
  1.46000E+02  1.56907E+01  3.65059E-03
  1.46100E+02  1.56887E+01  3.65153E-03
  1.46200E+02  1.56866E+01  3.65249E-03
  1.46300E+02  1.56846E+01  3.65346E-03
  1.46400E+02  1.56825E+01  3.65445E-03
  1.46500E+02  1.56805E+01  3.65546E-03
  1.46600E+02  1.56785E+01  3.65649E-03
  1.46700E+02  1.56764E+01  3.65754E-03
  1.46800E+02  1.56744E+01  3.65860E-03
  1.46900E+02  1.56724E+01  3.65969E-03
  1.47000E+02  1.56703E+01  3.66079E-03
  1.47100E+02  1.56683E+01  3.66191E-03
  1.47200E+02  1.56663E+01  3.66305E-03
  1.47300E+02  1.56642E+01  3.66421E-03
  1.47400E+02  1.56622E+01  3.66539E-03
  1.47500E+02  1.56602E+01  3.66658E-03
  1.47600E+02  1.56582E+01  3.66780E-03
  1.47700E+02  1.56561E+01  3.66903E-03
  1.47800E+02  1.56541E+01  3.67028E-03
  1.47900E+02  1.56521E+01  3.67155E-03
  1.48000E+02  1.56501E+01  3.67283E-03
  1.48100E+02  1.56481E+01  3.67414E-03
  1.48200E+02  1.56460E+01  3.67546E-03
  1.48300E+02  1.56440E+01  3.67680E-03
  1.48400E+02  1.56420E+01  3.67816E-03
  1.48500E+02  1.56400E+01  3.67954E-03
  1.48600E+02  1.56380E+01  3.68094E-03
  1.48700E+02  1.56360E+01  3.68235E-03
  1.48800E+02  1.56340E+01  3.68378E-03
  1.48900E+02  1.56319E+01  3.68523E-03
  1.49000E+02  1.56299E+01  3.68670E-03
  1.49100E+02  1.56279E+01  3.68819E-03
  1.49200E+02  1.56259E+01  3.68970E-03
  1.49300E+02  1.56239E+01  3.69122E-03
  1.49400E+02  1.56219E+01  3.69276E-03
  1.49500E+02  1.56199E+01  3.69432E-03
  1.49600E+02  1.56179E+01  3.69590E-03
  1.49700E+02  1.56159E+01  3.69749E-03
  1.49800E+02  1.56139E+01  3.69911E-03
  1.49900E+02  1.56119E+01  3.70074E-03
  1.50000E+02  1.56099E+01  3.70239E-03
  1.50100E+02  1.56079E+01  3.70406E-03
  1.50200E+02  1.56059E+01  3.70574E-03
  1.50300E+02  1.56039E+01  3.70744E-03
  1.50400E+02  1.56020E+01  3.70917E-03
  1.50500E+02  1.56000E+01  3.71090E-03
  1.50600E+02  1.55980E+01  3.71266E-03
  1.50700E+02  1.55960E+01  3.71444E-03
  1.50800E+02  1.55940E+01  3.71623E-03
  1.50900E+02  1.55920E+01  3.71804E-03
  1.51000E+02  1.55900E+01  3.71987E-03
  1.51100E+02  1.55880E+01  3.72171E-03
  1.51200E+02  1.55861E+01  3.72358E-03
  1.51300E+02  1.55841E+01  3.72546E-03
  1.51400E+02  1.55821E+01  3.72736E-03
  1.51500E+02  1.55801E+01  3.72927E-03
  1.51600E+02  1.55781E+01  3.73121E-03
  1.51700E+02  1.55762E+01  3.73316E-03
  1.51800E+02  1.55742E+01  3.73513E-03
  1.51900E+02  1.55722E+01  3.73712E-03
  1.52000E+02  1.55702E+01  3.73912E-03
  1.52100E+02  1.55683E+01  3.74114E-03
  1.52200E+02  1.55663E+01  3.74318E-03
  1.52300E+02  1.55643E+01  3.74524E-03
  1.52400E+02  1.55624E+01  3.74731E-03
  1.52500E+02  1.55604E+01  3.74941E-03
  1.52600E+02  1.55584E+01  3.75152E-03
  1.52700E+02  1.55565E+01  3.75364E-03
  1.52800E+02  1.55545E+01  3.75579E-03
  1.52900E+02  1.55525E+01  3.75795E-03
  1.53000E+02  1.55506E+01  3.76012E-03
  1.53100E+02  1.55486E+01  3.76232E-03
  1.53200E+02  1.55467E+01  3.76453E-03
  1.53300E+02  1.55447E+01  3.76676E-03
  1.53400E+02  1.55427E+01  3.76901E-03
  1.53500E+02  1.55408E+01  3.77127E-03
  1.53600E+02  1.55388E+01  3.77355E-03
  1.53700E+02  1.55369E+01  3.77585E-03
  1.53800E+02  1.55349E+01  3.77817E-03
  1.53900E+02  1.55330E+01  3.78050E-03
  1.54000E+02  1.55310E+01  3.78285E-03
  1.54100E+02  1.55291E+01  3.78521E-03
  1.54200E+02  1.55271E+01  3.78760E-03
  1.54300E+02  1.55252E+01  3.79000E-03
  1.54400E+02  1.55232E+01  3.79241E-03
  1.54500E+02  1.55213E+01  3.79485E-03
  1.54600E+02  1.55194E+01  3.79730E-03
  1.54700E+02  1.55174E+01  3.79976E-03
  1.54800E+02  1.55155E+01  3.80225E-03
  1.54900E+02  1.55135E+01  3.80475E-03
  1.55000E+02  1.55116E+01  3.80727E-03
  1.55100E+02  1.55097E+01  3.80980E-03
  1.55200E+02  1.55077E+01  3.81235E-03
  1.55300E+02  1.55058E+01  3.81492E-03
  1.55400E+02  1.55039E+01  3.81750E-03
  1.55500E+02  1.55019E+01  3.82010E-03
  1.55600E+02  1.55000E+01  3.82272E-03
  1.55700E+02  1.54981E+01  3.82535E-03
  1.55800E+02  1.54961E+01  3.82800E-03
  1.55900E+02  1.54942E+01  3.83066E-03
  1.56000E+02  1.54923E+01  3.83334E-03
  1.56100E+02  1.54903E+01  3.83604E-03
  1.56200E+02  1.54884E+01  3.83876E-03
  1.56300E+02  1.54865E+01  3.84149E-03
  1.56400E+02  1.54846E+01  3.84423E-03
  1.56500E+02  1.54826E+01  3.84700E-03
  1.56600E+02  1.54807E+01  3.84977E-03
  1.56700E+02  1.54788E+01  3.85257E-03
  1.56800E+02  1.54769E+01  3.85538E-03
  1.56900E+02  1.54750E+01  3.85821E-03
  1.57000E+02  1.54731E+01  3.86105E-03
  1.57100E+02  1.54711E+01  3.86391E-03
  1.57200E+02  1.54692E+01  3.86678E-03
  1.57300E+02  1.54673E+01  3.86967E-03
  1.57400E+02  1.54654E+01  3.87258E-03
  1.57500E+02  1.54635E+01  3.87550E-03
  1.57600E+02  1.54616E+01  3.87844E-03
  1.57700E+02  1.54597E+01  3.88139E-03
  1.57800E+02  1.54578E+01  3.88436E-03
  1.57900E+02  1.54559E+01  3.88735E-03
  1.58000E+02  1.54539E+01  3.89035E-03
  1.58100E+02  1.54520E+01  3.89337E-03
  1.58200E+02  1.54501E+01  3.89640E-03
  1.58300E+02  1.54482E+01  3.89945E-03
  1.58400E+02  1.54463E+01  3.90251E-03
  1.58500E+02  1.54444E+01  3.90559E-03
  1.58600E+02  1.54425E+01  3.90868E-03
  1.58700E+02  1.54406E+01  3.91179E-03
  1.58800E+02  1.54387E+01  3.91491E-03
  1.58900E+02  1.54368E+01  3.91805E-03
  1.59000E+02  1.54349E+01  3.92121E-03
  1.59100E+02  1.54331E+01  3.92438E-03
  1.59200E+02  1.54312E+01  3.92756E-03
  1.59300E+02  1.54293E+01  3.93076E-03
  1.59400E+02  1.54274E+01  3.93398E-03
  1.59500E+02  1.54255E+01  3.93721E-03
  1.59600E+02  1.54236E+01  3.94045E-03
  1.59700E+02  1.54217E+01  3.94371E-03
  1.59800E+02  1.54198E+01  3.94699E-03
  1.59900E+02  1.54179E+01  3.95028E-03
  1.60000E+02  1.54161E+01  3.95358E-03
  1.60100E+02  1.54142E+01  3.95690E-03
  1.60200E+02  1.54123E+01  3.96024E-03
  1.60300E+02  1.54104E+01  3.96359E-03
  1.60400E+02  1.54085E+01  3.96695E-03
  1.60500E+02  1.54067E+01  3.97033E-03
  1.60600E+02  1.54048E+01  3.97372E-03
  1.60700E+02  1.54029E+01  3.97713E-03
  1.60800E+02  1.54010E+01  3.98055E-03
  1.60900E+02  1.53991E+01  3.98399E-03
  1.61000E+02  1.53973E+01  3.98744E-03
  1.61100E+02  1.53954E+01  3.99091E-03
  1.61200E+02  1.53935E+01  3.99439E-03
  1.61300E+02  1.53917E+01  3.99788E-03
  1.61400E+02  1.53898E+01  4.00139E-03
  1.61500E+02  1.53879E+01  4.00492E-03
  1.61600E+02  1.53861E+01  4.00845E-03
  1.61700E+02  1.53842E+01  4.01200E-03
  1.61800E+02  1.53823E+01  4.01557E-03
  1.61900E+02  1.53805E+01  4.01915E-03
  1.62000E+02  1.53786E+01  4.02274E-03
  1.62100E+02  1.53767E+01  4.02635E-03
  1.62200E+02  1.53749E+01  4.02997E-03
  1.62300E+02  1.53730E+01  4.03361E-03
  1.62400E+02  1.53711E+01  4.03726E-03
  1.62500E+02  1.53693E+01  4.04092E-03
  1.62600E+02  1.53674E+01  4.04460E-03
  1.62700E+02  1.53656E+01  4.04829E-03
  1.62800E+02  1.53637E+01  4.05200E-03
  1.62900E+02  1.53619E+01  4.05572E-03
  1.63000E+02  1.53600E+01  4.05945E-03
  1.63100E+02  1.53582E+01  4.06319E-03
  1.63200E+02  1.53563E+01  4.06695E-03
  1.63300E+02  1.53545E+01  4.07073E-03
  1.63400E+02  1.53526E+01  4.07451E-03
  1.63500E+02  1.53508E+01  4.07831E-03
  1.63600E+02  1.53489E+01  4.08213E-03
  1.63700E+02  1.53471E+01  4.08596E-03
  1.63800E+02  1.53452E+01  4.08980E-03
  1.63900E+02  1.53434E+01  4.09365E-03
  1.64000E+02  1.53415E+01  4.09752E-03
  1.64100E+02  1.53397E+01  4.10140E-03
  1.64200E+02  1.53379E+01  4.10529E-03
  1.64300E+02  1.53360E+01  4.10920E-03
  1.64400E+02  1.53342E+01  4.11312E-03
  1.64500E+02  1.53323E+01  4.11705E-03
  1.64600E+02  1.53305E+01  4.12099E-03
  1.64700E+02  1.53287E+01  4.12495E-03
  1.64800E+02  1.53268E+01  4.12892E-03
  1.64900E+02  1.53250E+01  4.13291E-03
  1.65000E+02  1.53232E+01  4.13691E-03
  1.65100E+02  1.53213E+01  4.14092E-03
  1.65200E+02  1.53195E+01  4.14494E-03
  1.65300E+02  1.53177E+01  4.14898E-03
  1.65400E+02  1.53158E+01  4.15302E-03
  1.65500E+02  1.53140E+01  4.15709E-03
  1.65600E+02  1.53122E+01  4.16116E-03
  1.65700E+02  1.53104E+01  4.16525E-03
  1.65800E+02  1.53085E+01  4.16934E-03
  1.65900E+02  1.53067E+01  4.17346E-03
  1.66000E+02  1.53049E+01  4.17758E-03
  1.66100E+02  1.53031E+01  4.18172E-03
  1.66200E+02  1.53013E+01  4.18586E-03
  1.66300E+02  1.52994E+01  4.19003E-03
  1.66400E+02  1.52976E+01  4.19420E-03
  1.66500E+02  1.52958E+01  4.19838E-03
  1.66600E+02  1.52940E+01  4.20258E-03
  1.66700E+02  1.52922E+01  4.20679E-03
  1.66800E+02  1.52904E+01  4.21101E-03
  1.66900E+02  1.52885E+01  4.21525E-03
  1.67000E+02  1.52867E+01  4.21950E-03
  1.67100E+02  1.52849E+01  4.22375E-03
  1.67200E+02  1.52831E+01  4.22802E-03
  1.67300E+02  1.52813E+01  4.23231E-03
  1.67400E+02  1.52795E+01  4.23660E-03
  1.67500E+02  1.52777E+01  4.24091E-03
  1.67600E+02  1.52759E+01  4.24522E-03
  1.67700E+02  1.52741E+01  4.24955E-03
  1.67800E+02  1.52723E+01  4.25389E-03
  1.67900E+02  1.52705E+01  4.25825E-03
  1.68000E+02  1.52686E+01  4.26261E-03
  1.68100E+02  1.52668E+01  4.26699E-03
  1.68200E+02  1.52650E+01  4.27138E-03
  1.68300E+02  1.52632E+01  4.27578E-03
  1.68400E+02  1.52614E+01  4.28019E-03
  1.68500E+02  1.52596E+01  4.28461E-03
  1.68600E+02  1.52579E+01  4.28904E-03
  1.68700E+02  1.52561E+01  4.29349E-03
  1.68800E+02  1.52543E+01  4.29794E-03
  1.68900E+02  1.52525E+01  4.30241E-03
  1.69000E+02  1.52507E+01  4.30689E-03
  1.69100E+02  1.52489E+01  4.31138E-03
  1.69200E+02  1.52471E+01  4.31588E-03
  1.69300E+02  1.52453E+01  4.32040E-03
  1.69400E+02  1.52435E+01  4.32492E-03
  1.69500E+02  1.52417E+01  4.32945E-03
  1.69600E+02  1.52399E+01  4.33400E-03
  1.69700E+02  1.52381E+01  4.33856E-03
  1.69800E+02  1.52364E+01  4.34313E-03
  1.69900E+02  1.52346E+01  4.34770E-03
  1.70000E+02  1.52328E+01  4.35229E-03
  1.70100E+02  1.52310E+01  4.35689E-03
  1.70200E+02  1.52292E+01  4.36151E-03
  1.70300E+02  1.52274E+01  4.36613E-03
  1.70400E+02  1.52257E+01  4.37076E-03
  1.70500E+02  1.52239E+01  4.37540E-03
  1.70600E+02  1.52221E+01  4.38006E-03
  1.70700E+02  1.52203E+01  4.38472E-03
  1.70800E+02  1.52186E+01  4.38940E-03
  1.70900E+02  1.52168E+01  4.39408E-03
  1.71000E+02  1.52150E+01  4.39878E-03
  1.71100E+02  1.52132E+01  4.40349E-03
  1.71200E+02  1.52115E+01  4.40820E-03
  1.71300E+02  1.52097E+01  4.41293E-03
  1.71400E+02  1.52079E+01  4.41767E-03
  1.71500E+02  1.52061E+01  4.42242E-03
  1.71600E+02  1.52044E+01  4.42718E-03
  1.71700E+02  1.52026E+01  4.43194E-03
  1.71800E+02  1.52008E+01  4.43672E-03
  1.71900E+02  1.51991E+01  4.44151E-03
  1.72000E+02  1.51973E+01  4.44631E-03
  1.72100E+02  1.51955E+01  4.45112E-03
  1.72200E+02  1.51938E+01  4.45594E-03
  1.72300E+02  1.51920E+01  4.46077E-03
  1.72400E+02  1.51903E+01  4.46561E-03
  1.72500E+02  1.51885E+01  4.47046E-03
  1.72600E+02  1.51867E+01  4.47532E-03
  1.72700E+02  1.51850E+01  4.48019E-03
  1.72800E+02  1.51832E+01  4.48506E-03
  1.72900E+02  1.51815E+01  4.48995E-03
  1.73000E+02  1.51797E+01  4.49485E-03
  1.73100E+02  1.51780E+01  4.49976E-03
  1.73200E+02  1.51762E+01  4.50468E-03
  1.73300E+02  1.51745E+01  4.50960E-03
  1.73400E+02  1.51727E+01  4.51454E-03
  1.73500E+02  1.51710E+01  4.51949E-03
  1.73600E+02  1.51692E+01  4.52444E-03
  1.73700E+02  1.51675E+01  4.52941E-03
  1.73800E+02  1.51657E+01  4.53438E-03
  1.73900E+02  1.51640E+01  4.53937E-03
  1.74000E+02  1.51622E+01  4.54436E-03
  1.74100E+02  1.51605E+01  4.54937E-03
  1.74200E+02  1.51587E+01  4.55438E-03
  1.74300E+02  1.51570E+01  4.55940E-03
  1.74400E+02  1.51552E+01  4.56443E-03
  1.74500E+02  1.51535E+01  4.56947E-03
  1.74600E+02  1.51518E+01  4.57452E-03
  1.74700E+02  1.51500E+01  4.57958E-03
  1.74800E+02  1.51483E+01  4.58465E-03
  1.74900E+02  1.51465E+01  4.58972E-03
  1.75000E+02  1.51448E+01  4.59481E-03
  1.75100E+02  1.51431E+01  4.59990E-03
  1.75200E+02  1.51413E+01  4.60501E-03
  1.75300E+02  1.51396E+01  4.61012E-03
  1.75400E+02  1.51379E+01  4.61524E-03
  1.75500E+02  1.51361E+01  4.62037E-03
  1.75600E+02  1.51344E+01  4.62551E-03
  1.75700E+02  1.51327E+01  4.63066E-03
  1.75800E+02  1.51309E+01  4.63581E-03
  1.75900E+02  1.51292E+01  4.64098E-03
  1.76000E+02  1.51275E+01  4.64615E-03
  1.76100E+02  1.51257E+01  4.65133E-03
  1.76200E+02  1.51240E+01  4.65653E-03
  1.76300E+02  1.51223E+01  4.66173E-03
  1.76400E+02  1.51206E+01  4.66693E-03
  1.76500E+02  1.51188E+01  4.67215E-03
  1.76600E+02  1.51171E+01  4.67738E-03
  1.76700E+02  1.51154E+01  4.68261E-03
  1.76800E+02  1.51137E+01  4.68785E-03
  1.76900E+02  1.51120E+01  4.69310E-03
  1.77000E+02  1.51102E+01  4.69836E-03
  1.77100E+02  1.51085E+01  4.70363E-03
  1.77200E+02  1.51068E+01  4.70890E-03
  1.77300E+02  1.51051E+01  4.71419E-03
  1.77400E+02  1.51034E+01  4.71948E-03
  1.77500E+02  1.51017E+01  4.72478E-03
  1.77600E+02  1.50999E+01  4.73009E-03
  1.77700E+02  1.50982E+01  4.73540E-03
  1.77800E+02  1.50965E+01  4.74073E-03
  1.77900E+02  1.50948E+01  4.74606E-03
  1.78000E+02  1.50931E+01  4.75140E-03
  1.78100E+02  1.50914E+01  4.75675E-03
  1.78200E+02  1.50897E+01  4.76211E-03
  1.78300E+02  1.50880E+01  4.76747E-03
  1.78400E+02  1.50863E+01  4.77284E-03
  1.78500E+02  1.50846E+01  4.77822E-03
  1.78600E+02  1.50829E+01  4.78361E-03
  1.78700E+02  1.50811E+01  4.78901E-03
  1.78800E+02  1.50794E+01  4.79441E-03
  1.78900E+02  1.50777E+01  4.79982E-03
  1.79000E+02  1.50760E+01  4.80524E-03
  1.79100E+02  1.50743E+01  4.81066E-03
  1.79200E+02  1.50726E+01  4.81610E-03
  1.79300E+02  1.50709E+01  4.82154E-03
  1.79400E+02  1.50692E+01  4.82699E-03
  1.79500E+02  1.50675E+01  4.83245E-03
  1.79600E+02  1.50658E+01  4.83791E-03
  1.79700E+02  1.50642E+01  4.84338E-03
  1.79800E+02  1.50625E+01  4.84886E-03
  1.79900E+02  1.50608E+01  4.85435E-03
  1.80000E+02  1.50591E+01  4.85984E-03
  1.80100E+02  1.50574E+01  4.86534E-03
  1.80200E+02  1.50557E+01  4.87085E-03
  1.80300E+02  1.50540E+01  4.87637E-03
  1.80400E+02  1.50523E+01  4.88189E-03
  1.80500E+02  1.50506E+01  4.88742E-03
  1.80600E+02  1.50489E+01  4.89296E-03
  1.80700E+02  1.50472E+01  4.89850E-03
  1.80800E+02  1.50456E+01  4.90406E-03
  1.80900E+02  1.50439E+01  4.90962E-03
  1.81000E+02  1.50422E+01  4.91518E-03
  1.81100E+02  1.50405E+01  4.92075E-03
  1.81200E+02  1.50388E+01  4.92633E-03
  1.81300E+02  1.50371E+01  4.93192E-03
  1.81400E+02  1.50355E+01  4.93752E-03
  1.81500E+02  1.50338E+01  4.94312E-03
  1.81600E+02  1.50321E+01  4.94873E-03
  1.81700E+02  1.50304E+01  4.95434E-03
  1.81800E+02  1.50287E+01  4.95996E-03
  1.81900E+02  1.50271E+01  4.96559E-03
  1.82000E+02  1.50254E+01  4.97123E-03
  1.82100E+02  1.50237E+01  4.97687E-03
  1.82200E+02  1.50220E+01  4.98252E-03
  1.82300E+02  1.50204E+01  4.98817E-03
  1.82400E+02  1.50187E+01  4.99383E-03
  1.82500E+02  1.50170E+01  4.99950E-03
  1.82600E+02  1.50154E+01  5.00518E-03
  1.82700E+02  1.50137E+01  5.01086E-03
  1.82800E+02  1.50120E+01  5.01655E-03
  1.82900E+02  1.50103E+01  5.02224E-03
  1.83000E+02  1.50087E+01  5.02794E-03
  1.83100E+02  1.50070E+01  5.03365E-03
  1.83200E+02  1.50053E+01  5.03937E-03
  1.83300E+02  1.50037E+01  5.04509E-03
  1.83400E+02  1.50020E+01  5.05082E-03
  1.83500E+02  1.50004E+01  5.05655E-03
  1.83600E+02  1.49987E+01  5.06229E-03
  1.83700E+02  1.49970E+01  5.06804E-03
  1.83800E+02  1.49954E+01  5.07379E-03
  1.83900E+02  1.49937E+01  5.07955E-03
  1.84000E+02  1.49920E+01  5.08531E-03
  1.84100E+02  1.49904E+01  5.09108E-03
  1.84200E+02  1.49887E+01  5.09686E-03
  1.84300E+02  1.49871E+01  5.10264E-03
  1.84400E+02  1.49854E+01  5.10843E-03
  1.84500E+02  1.49838E+01  5.11423E-03
  1.84600E+02  1.49821E+01  5.12003E-03
  1.84700E+02  1.49805E+01  5.12584E-03
  1.84800E+02  1.49788E+01  5.13165E-03
  1.84900E+02  1.49772E+01  5.13747E-03
  1.85000E+02  1.49755E+01  5.14330E-03
  1.85100E+02  1.49739E+01  5.14913E-03
  1.85200E+02  1.49722E+01  5.15497E-03
  1.85300E+02  1.49706E+01  5.16081E-03
  1.85400E+02  1.49689E+01  5.16666E-03
  1.85500E+02  1.49673E+01  5.17252E-03
  1.85600E+02  1.49656E+01  5.17838E-03
  1.85700E+02  1.49640E+01  5.18424E-03
  1.85800E+02  1.49623E+01  5.19012E-03
  1.85900E+02  1.49607E+01  5.19599E-03
  1.86000E+02  1.49590E+01  5.20188E-03
  1.86100E+02  1.49574E+01  5.20777E-03
  1.86200E+02  1.49558E+01  5.21366E-03
  1.86300E+02  1.49541E+01  5.21956E-03
  1.86400E+02  1.49525E+01  5.22547E-03
  1.86500E+02  1.49508E+01  5.23138E-03
  1.86600E+02  1.49492E+01  5.23730E-03
  1.86700E+02  1.49476E+01  5.24322E-03
  1.86800E+02  1.49459E+01  5.24915E-03
  1.86900E+02  1.49443E+01  5.25509E-03
  1.87000E+02  1.49427E+01  5.26103E-03
  1.87100E+02  1.49410E+01  5.26697E-03
  1.87200E+02  1.49394E+01  5.27292E-03
  1.87300E+02  1.49378E+01  5.27888E-03
  1.87400E+02  1.49361E+01  5.28484E-03
  1.87500E+02  1.49345E+01  5.29081E-03
  1.87600E+02  1.49329E+01  5.29678E-03
  1.87700E+02  1.49312E+01  5.30275E-03
  1.87800E+02  1.49296E+01  5.30874E-03
  1.87900E+02  1.49280E+01  5.31472E-03
  1.88000E+02  1.49264E+01  5.32072E-03
  1.88100E+02  1.49247E+01  5.32672E-03
  1.88200E+02  1.49231E+01  5.33272E-03
  1.88300E+02  1.49215E+01  5.33873E-03
  1.88400E+02  1.49199E+01  5.34474E-03
  1.88500E+02  1.49182E+01  5.35076E-03
  1.88600E+02  1.49166E+01  5.35678E-03
  1.88700E+02  1.49150E+01  5.36281E-03
  1.88800E+02  1.49134E+01  5.36884E-03
  1.88900E+02  1.49118E+01  5.37488E-03
  1.89000E+02  1.49101E+01  5.38093E-03
  1.89100E+02  1.49085E+01  5.38698E-03
  1.89200E+02  1.49069E+01  5.39303E-03
  1.89300E+02  1.49053E+01  5.39909E-03
  1.89400E+02  1.49037E+01  5.40515E-03
  1.89500E+02  1.49021E+01  5.41122E-03
  1.89600E+02  1.49004E+01  5.41729E-03
  1.89700E+02  1.48988E+01  5.42337E-03
  1.89800E+02  1.48972E+01  5.42945E-03
  1.89900E+02  1.48956E+01  5.43554E-03
  1.90000E+02  1.48940E+01  5.44163E-03
  1.90100E+02  1.48924E+01  5.44773E-03
  1.90200E+02  1.48908E+01  5.45383E-03
  1.90300E+02  1.48892E+01  5.45994E-03
  1.90400E+02  1.48876E+01  5.46605E-03
  1.90500E+02  1.48860E+01  5.47216E-03
  1.90600E+02  1.48843E+01  5.47828E-03
  1.90700E+02  1.48827E+01  5.48441E-03
  1.90800E+02  1.48811E+01  5.49054E-03
  1.90900E+02  1.48795E+01  5.49667E-03
  1.91000E+02  1.48779E+01  5.50281E-03
  1.91100E+02  1.48763E+01  5.50895E-03
  1.91200E+02  1.48747E+01  5.51510E-03
  1.91300E+02  1.48731E+01  5.52125E-03
  1.91400E+02  1.48715E+01  5.52741E-03
  1.91500E+02  1.48699E+01  5.53357E-03
  1.91600E+02  1.48683E+01  5.53974E-03
  1.91700E+02  1.48667E+01  5.54591E-03
  1.91800E+02  1.48651E+01  5.55208E-03
  1.91900E+02  1.48635E+01  5.55826E-03
  1.92000E+02  1.48619E+01  5.56444E-03
  1.92100E+02  1.48603E+01  5.57063E-03
  1.92200E+02  1.48588E+01  5.57682E-03
  1.92300E+02  1.48572E+01  5.58302E-03
  1.92400E+02  1.48556E+01  5.58922E-03
  1.92500E+02  1.48540E+01  5.59542E-03
  1.92600E+02  1.48524E+01  5.60163E-03
  1.92700E+02  1.48508E+01  5.60784E-03
  1.92800E+02  1.48492E+01  5.61406E-03
  1.92900E+02  1.48476E+01  5.62028E-03
  1.93000E+02  1.48460E+01  5.62650E-03
  1.93100E+02  1.48444E+01  5.63273E-03
  1.93200E+02  1.48429E+01  5.63897E-03
  1.93300E+02  1.48413E+01  5.64520E-03
  1.93400E+02  1.48397E+01  5.65144E-03
  1.93500E+02  1.48381E+01  5.65769E-03
  1.93600E+02  1.48365E+01  5.66394E-03
  1.93700E+02  1.48349E+01  5.67019E-03
  1.93800E+02  1.48334E+01  5.67645E-03
  1.93900E+02  1.48318E+01  5.68271E-03
  1.94000E+02  1.48302E+01  5.68898E-03
  1.94100E+02  1.48286E+01  5.69525E-03
  1.94200E+02  1.48270E+01  5.70152E-03
  1.94300E+02  1.48255E+01  5.70780E-03
  1.94400E+02  1.48239E+01  5.71408E-03
  1.94500E+02  1.48223E+01  5.72036E-03
  1.94600E+02  1.48207E+01  5.72665E-03
  1.94700E+02  1.48192E+01  5.73294E-03
  1.94800E+02  1.48176E+01  5.73924E-03
  1.94900E+02  1.48160E+01  5.74554E-03
  1.95000E+02  1.48144E+01  5.75184E-03
  1.95100E+02  1.48129E+01  5.75815E-03
  1.95200E+02  1.48113E+01  5.76446E-03
  1.95300E+02  1.48097E+01  5.77077E-03
  1.95400E+02  1.48082E+01  5.77709E-03
  1.95500E+02  1.48066E+01  5.78341E-03
  1.95600E+02  1.48050E+01  5.78974E-03
  1.95700E+02  1.48035E+01  5.79607E-03
  1.95800E+02  1.48019E+01  5.80240E-03
  1.95900E+02  1.48003E+01  5.80874E-03
  1.96000E+02  1.47988E+01  5.81508E-03
  1.96100E+02  1.47972E+01  5.82142E-03
  1.96200E+02  1.47956E+01  5.82777E-03
  1.96300E+02  1.47941E+01  5.83412E-03
  1.96400E+02  1.47925E+01  5.84047E-03
  1.96500E+02  1.47910E+01  5.84683E-03
  1.96600E+02  1.47894E+01  5.85319E-03
  1.96700E+02  1.47878E+01  5.85956E-03
  1.96800E+02  1.47863E+01  5.86593E-03
  1.96900E+02  1.47847E+01  5.87230E-03
  1.97000E+02  1.47832E+01  5.87867E-03
  1.97100E+02  1.47816E+01  5.88505E-03
  1.97200E+02  1.47800E+01  5.89143E-03
  1.97300E+02  1.47785E+01  5.89782E-03
  1.97400E+02  1.47769E+01  5.90420E-03
  1.97500E+02  1.47754E+01  5.91060E-03
  1.97600E+02  1.47738E+01  5.91699E-03
  1.97700E+02  1.47723E+01  5.92339E-03
  1.97800E+02  1.47707E+01  5.92979E-03
  1.97900E+02  1.47692E+01  5.93619E-03
  1.98000E+02  1.47676E+01  5.94260E-03
  1.98100E+02  1.47661E+01  5.94901E-03
  1.98200E+02  1.47645E+01  5.95543E-03
  1.98300E+02  1.47630E+01  5.96184E-03
  1.98400E+02  1.47614E+01  5.96826E-03
  1.98500E+02  1.47599E+01  5.97469E-03
  1.98600E+02  1.47583E+01  5.98112E-03
  1.98700E+02  1.47568E+01  5.98755E-03
  1.98800E+02  1.47553E+01  5.99398E-03
  1.98900E+02  1.47537E+01  6.00041E-03
  1.99000E+02  1.47522E+01  6.00685E-03
  1.99100E+02  1.47506E+01  6.01330E-03
  1.99200E+02  1.47491E+01  6.01974E-03
  1.99300E+02  1.47475E+01  6.02619E-03
  1.99400E+02  1.47460E+01  6.03264E-03
  1.99500E+02  1.47445E+01  6.03909E-03
  1.99600E+02  1.47429E+01  6.04555E-03
  1.99700E+02  1.47414E+01  6.05201E-03
  1.99800E+02  1.47399E+01  6.05848E-03
  1.99900E+02  1.47383E+01  6.06494E-03
  2.00000E+02  1.47368E+01  3.49215E-02
