  0.00000E+00  4.49130E+00  5.70740E-02
  1.00000E-01  4.49713E+00  5.68575E-02
  2.00000E-01  4.50295E+00  5.66348E-02
  3.00000E-01  4.50875E+00  5.64136E-02
  4.00000E-01  4.51454E+00  5.61941E-02
  5.00000E-01  4.52030E+00  5.59762E-02
  6.00000E-01  4.52605E+00  5.57599E-02
  7.00000E-01  4.53178E+00  5.55451E-02
  8.00000E-01  4.53749E+00  5.53318E-02
  9.00000E-01  4.54319E+00  5.51200E-02
  1.00000E+00  4.54886E+00  5.49098E-02
  1.10000E+00  4.55452E+00  5.47010E-02
  1.20000E+00  4.56017E+00  5.44937E-02
  1.30000E+00  4.56579E+00  5.42878E-02
  1.40000E+00  4.57140E+00  5.40833E-02
  1.50000E+00  4.57699E+00  5.38802E-02
  1.60000E+00  4.58256E+00  5.36786E-02
  1.70000E+00  4.58812E+00  5.34783E-02
  1.80000E+00  4.59366E+00  5.32793E-02
  1.90000E+00  4.59919E+00  5.30817E-02
  2.00000E+00  4.60470E+00  5.28854E-02
  2.10000E+00  4.61019E+00  5.26904E-02
  2.20000E+00  4.61567E+00  5.24967E-02
  2.30000E+00  4.62113E+00  5.23043E-02
  2.40000E+00  4.62657E+00  5.21131E-02
  2.50000E+00  4.63200E+00  5.19232E-02
  2.60000E+00  4.63742E+00  5.17345E-02
  2.70000E+00  4.64282E+00  5.15471E-02
  2.80000E+00  4.64820E+00  5.13608E-02
  2.90000E+00  4.65357E+00  5.11758E-02
  3.00000E+00  4.65892E+00  5.09919E-02
  3.10000E+00  4.66426E+00  5.08092E-02
  3.20000E+00  4.66958E+00  5.06276E-02
  3.30000E+00  4.67489E+00  5.04472E-02
  3.40000E+00  4.68018E+00  5.02679E-02
  3.50000E+00  4.68546E+00  5.00897E-02
  3.60000E+00  4.69072E+00  4.99126E-02
  3.70000E+00  4.69597E+00  4.97366E-02
  3.80000E+00  4.70121E+00  4.95617E-02
  3.90000E+00  4.70643E+00  4.93878E-02
  4.00000E+00  4.71164E+00  4.92151E-02
  4.10000E+00  4.71683E+00  4.90433E-02
  4.20000E+00  4.72201E+00  4.88726E-02
  4.30000E+00  4.72717E+00  4.87029E-02
  4.40000E+00  4.73232E+00  4.85342E-02
  4.50000E+00  4.73746E+00  4.83665E-02
  4.60000E+00  4.74259E+00  4.81999E-02
  4.70000E+00  4.74770E+00  4.80341E-02
  4.80000E+00  4.75279E+00  4.78694E-02
  4.90000E+00  4.75788E+00  4.77056E-02
  5.00000E+00  4.76295E+00  4.75428E-02
  5.10000E+00  4.76800E+00  4.73809E-02
  5.20000E+00  4.77305E+00  4.72199E-02
  5.30000E+00  4.77808E+00  4.70599E-02
  5.40000E+00  4.78310E+00  4.69007E-02
  5.50000E+00  4.78810E+00  4.67425E-02
  5.60000E+00  4.79309E+00  4.65852E-02
  5.70000E+00  4.79807E+00  4.64287E-02
  5.80000E+00  4.80304E+00  4.62731E-02
  5.90000E+00  4.80799E+00  4.61185E-02
  6.00000E+00  4.81294E+00  4.59646E-02
  6.10000E+00  4.81787E+00  4.58116E-02
  6.20000E+00  4.82278E+00  4.56594E-02
  6.30000E+00  4.82769E+00  4.55081E-02
  6.40000E+00  4.83258E+00  4.53576E-02
  6.50000E+00  4.83746E+00  4.52079E-02
  6.60000E+00  4.84233E+00  4.50590E-02
  6.70000E+00  4.84719E+00  4.49109E-02
  6.80000E+00  4.85203E+00  4.47637E-02
  6.90000E+00  4.85687E+00  4.46172E-02
  7.00000E+00  4.86169E+00  4.44714E-02
  7.10000E+00  4.86650E+00  4.43265E-02
  7.20000E+00  4.87130E+00  4.41822E-02
  7.30000E+00  4.87608E+00  4.40388E-02
  7.40000E+00  4.88086E+00  4.38962E-02
  7.50000E+00  4.88562E+00  4.37542E-02
  7.60000E+00  4.89037E+00  4.36130E-02
  7.70000E+00  4.89511E+00  4.34725E-02
  7.80000E+00  4.89984E+00  4.33328E-02
  7.90000E+00  4.90456E+00  4.31937E-02
  8.00000E+00  4.90927E+00  4.30554E-02
  8.10000E+00  4.91397E+00  4.29178E-02
  8.20000E+00  4.91865E+00  4.27808E-02
  8.30000E+00  4.92333E+00  4.26446E-02
  8.40000E+00  4.92799E+00  4.25090E-02
  8.50000E+00  4.93265E+00  4.23741E-02
  8.60000E+00  4.93729E+00  4.22399E-02
  8.70000E+00  4.94192E+00  4.21064E-02
  8.80000E+00  4.94654E+00  4.19735E-02
  8.90000E+00  4.95115E+00  4.18413E-02
  9.00000E+00  4.95575E+00  4.17096E-02
  9.10000E+00  4.96034E+00  4.15787E-02
  9.20000E+00  4.96492E+00  4.14484E-02
  9.30000E+00  4.96949E+00  4.13187E-02
  9.40000E+00  4.97405E+00  4.11897E-02
  9.50000E+00  4.97860E+00  4.10612E-02
  9.60000E+00  4.98314E+00  4.09334E-02
  9.70000E+00  4.98767E+00  4.08062E-02
  9.80000E+00  4.99218E+00  4.06795E-02
  9.90000E+00  4.99669E+00  4.05535E-02
  1.00000E+01  5.00119E+00  4.04281E-02
  1.01000E+01  5.00568E+00  4.03033E-02
  1.02000E+01  5.01016E+00  4.01790E-02
  1.03000E+01  5.01463E+00  4.00553E-02
  1.04000E+01  5.01909E+00  3.99323E-02
  1.05000E+01  5.02354E+00  3.98097E-02
  1.06000E+01  5.02798E+00  3.96878E-02
  1.07000E+01  5.03241E+00  3.95664E-02
  1.08000E+01  5.03683E+00  3.94455E-02
  1.09000E+01  5.04124E+00  3.93252E-02
  1.10000E+01  5.04565E+00  3.92055E-02
  1.11000E+01  5.05004E+00  3.90862E-02
  1.12000E+01  5.05442E+00  3.89675E-02
  1.13000E+01  5.05880E+00  3.88494E-02
  1.14000E+01  5.06316E+00  3.87318E-02
  1.15000E+01  5.06752E+00  3.86147E-02
  1.16000E+01  5.07186E+00  3.84981E-02
  1.17000E+01  5.07620E+00  3.83820E-02
  1.18000E+01  5.08053E+00  3.82665E-02
  1.19000E+01  5.08485E+00  3.81515E-02
  1.20000E+01  5.08916E+00  3.80369E-02
  1.21000E+01  5.09346E+00  3.79229E-02
  1.22000E+01  5.09776E+00  3.78093E-02
  1.23000E+01  5.10204E+00  3.76963E-02
  1.24000E+01  5.10632E+00  3.75837E-02
  1.25000E+01  5.11058E+00  3.74716E-02
  1.26000E+01  5.11484E+00  3.73600E-02
  1.27000E+01  5.11909E+00  3.72489E-02
  1.28000E+01  5.12333E+00  3.71382E-02
  1.29000E+01  5.12756E+00  3.70280E-02
  1.30000E+01  5.13179E+00  3.69183E-02
  1.31000E+01  5.13600E+00  3.68091E-02
  1.32000E+01  5.14021E+00  3.67003E-02
  1.33000E+01  5.14441E+00  3.65919E-02
  1.34000E+01  5.14860E+00  3.64840E-02
  1.35000E+01  5.15278E+00  3.63765E-02
  1.36000E+01  5.15695E+00  3.62696E-02
  1.37000E+01  5.16112E+00  3.61630E-02
  1.38000E+01  5.16528E+00  3.60568E-02
  1.39000E+01  5.16943E+00  3.59512E-02
  1.40000E+01  5.17357E+00  3.58459E-02
  1.41000E+01  5.17770E+00  3.57410E-02
  1.42000E+01  5.18182E+00  3.56367E-02
  1.43000E+01  5.18594E+00  3.55327E-02
  1.44000E+01  5.19005E+00  3.54291E-02
  1.45000E+01  5.19415E+00  3.53259E-02
  1.46000E+01  5.19824E+00  3.52232E-02
  1.47000E+01  5.20233E+00  3.51208E-02
  1.48000E+01  5.20641E+00  3.50189E-02
  1.49000E+01  5.21048E+00  3.49174E-02
  1.50000E+01  5.21454E+00  3.48163E-02
  1.51000E+01  5.21859E+00  3.47155E-02
  1.52000E+01  5.22264E+00  3.46152E-02
  1.53000E+01  5.22668E+00  3.45153E-02
  1.54000E+01  5.23071E+00  3.44157E-02
  1.55000E+01  5.23473E+00  3.43166E-02
  1.56000E+01  5.23875E+00  3.42177E-02
  1.57000E+01  5.24276E+00  3.41194E-02
  1.58000E+01  5.24676E+00  3.40214E-02
  1.59000E+01  5.25075E+00  3.39237E-02
  1.60000E+01  5.25474E+00  3.38265E-02
  1.61000E+01  5.25872E+00  3.37296E-02
  1.62000E+01  5.26269E+00  3.36330E-02
  1.63000E+01  5.26665E+00  3.35368E-02
  1.64000E+01  5.27061E+00  3.34410E-02
  1.65000E+01  5.27456E+00  3.33456E-02
  1.66000E+01  5.27850E+00  3.32505E-02
  1.67000E+01  5.28244E+00  3.31558E-02
  1.68000E+01  5.28637E+00  3.30614E-02
  1.69000E+01  5.29029E+00  3.29674E-02
  1.70000E+01  5.29420E+00  3.28737E-02
  1.71000E+01  5.29811E+00  3.27803E-02
  1.72000E+01  5.30201E+00  3.26873E-02
  1.73000E+01  5.30590E+00  3.25947E-02
  1.74000E+01  5.30979E+00  3.25024E-02
  1.75000E+01  5.31367E+00  3.24104E-02
  1.76000E+01  5.31754E+00  3.23188E-02
  1.77000E+01  5.32140E+00  3.22274E-02
  1.78000E+01  5.32526E+00  3.21365E-02
  1.79000E+01  5.32911E+00  3.20459E-02
  1.80000E+01  5.33296E+00  3.19555E-02
  1.81000E+01  5.33680E+00  3.18655E-02
  1.82000E+01  5.34063E+00  3.17758E-02
  1.83000E+01  5.34445E+00  3.16865E-02
  1.84000E+01  5.34827E+00  3.15974E-02
  1.85000E+01  5.35208E+00  3.15087E-02
  1.86000E+01  5.35589E+00  3.14203E-02
  1.87000E+01  5.35969E+00  3.13322E-02
  1.88000E+01  5.36348E+00  3.12444E-02
  1.89000E+01  5.36726E+00  3.11569E-02
  1.90000E+01  5.37104E+00  3.10697E-02
  1.91000E+01  5.37481E+00  3.09828E-02
  1.92000E+01  5.37858E+00  3.08963E-02
  1.93000E+01  5.38234E+00  3.08100E-02
  1.94000E+01  5.38609E+00  3.07240E-02
  1.95000E+01  5.38984E+00  3.06383E-02
  1.96000E+01  5.39358E+00  3.05529E-02
  1.97000E+01  5.39731E+00  3.04679E-02
  1.98000E+01  5.40104E+00  3.03831E-02
  1.99000E+01  5.40476E+00  3.02985E-02
  2.00000E+01  5.40848E+00  3.02143E-02
  2.01000E+01  5.41218E+00  3.01303E-02
  2.02000E+01  5.41589E+00  3.00467E-02
  2.03000E+01  5.41958E+00  2.99633E-02
  2.04000E+01  5.42327E+00  2.98802E-02
  2.05000E+01  5.42696E+00  2.97974E-02
  2.06000E+01  5.43064E+00  2.97148E-02
  2.07000E+01  5.43431E+00  2.96325E-02
  2.08000E+01  5.43797E+00  2.95506E-02
  2.09000E+01  5.44163E+00  2.94689E-02
  2.10000E+01  5.44529E+00  2.93874E-02
  2.11000E+01  5.44894E+00  2.93062E-02
  2.12000E+01  5.45258E+00  2.92253E-02
  2.13000E+01  5.45622E+00  2.91446E-02
  2.14000E+01  5.45985E+00  2.90642E-02
  2.15000E+01  5.46347E+00  2.89841E-02
  2.16000E+01  5.46709E+00  2.89042E-02
  2.17000E+01  5.47070E+00  2.88246E-02
  2.18000E+01  5.47431E+00  2.87453E-02
  2.19000E+01  5.47791E+00  2.86662E-02
  2.20000E+01  5.48150E+00  2.85873E-02
  2.21000E+01  5.48509E+00  2.85087E-02
  2.22000E+01  5.48868E+00  2.84304E-02
  2.23000E+01  5.49226E+00  2.83523E-02
  2.24000E+01  5.49583E+00  2.82745E-02
  2.25000E+01  5.49940E+00  2.81969E-02
  2.26000E+01  5.50296E+00  2.81195E-02
  2.27000E+01  5.50651E+00  2.80424E-02
  2.28000E+01  5.51006E+00  2.79655E-02
  2.29000E+01  5.51361E+00  2.78890E-02
  2.30000E+01  5.51715E+00  2.78126E-02
  2.31000E+01  5.52068E+00  2.77364E-02
  2.32000E+01  5.52421E+00  2.76605E-02
  2.33000E+01  5.52773E+00  2.75848E-02
  2.34000E+01  5.53125E+00  2.75094E-02
  2.35000E+01  5.53476E+00  2.74342E-02
  2.36000E+01  5.53826E+00  2.73593E-02
  2.37000E+01  5.54176E+00  2.72846E-02
  2.38000E+01  5.54526E+00  2.72100E-02
  2.39000E+01  5.54875E+00  2.71357E-02
  2.40000E+01  5.55223E+00  2.70617E-02
  2.41000E+01  5.55571E+00  2.69879E-02
  2.42000E+01  5.55919E+00  2.69143E-02
  2.43000E+01  5.56265E+00  2.68409E-02
  2.44000E+01  5.56612E+00  2.67678E-02
  2.45000E+01  5.56958E+00  2.66948E-02
  2.46000E+01  5.57303E+00  2.66221E-02
  2.47000E+01  5.57648E+00  2.65496E-02
  2.48000E+01  5.57992E+00  2.64773E-02
  2.49000E+01  5.58336E+00  2.64053E-02
  2.50000E+01  5.58679E+00  2.63335E-02
  2.51000E+01  5.59022E+00  2.62618E-02
  2.52000E+01  5.59364E+00  2.61904E-02
  2.53000E+01  5.59705E+00  2.61192E-02
  2.54000E+01  5.60047E+00  2.60483E-02
  2.55000E+01  5.60387E+00  2.59775E-02
  2.56000E+01  5.60727E+00  2.59069E-02
  2.57000E+01  5.61067E+00  2.58365E-02
  2.58000E+01  5.61406E+00  2.57664E-02
  2.59000E+01  5.61745E+00  2.56964E-02
  2.60000E+01  5.62083E+00  2.56267E-02
  2.61000E+01  5.62421E+00  2.55571E-02
  2.62000E+01  5.62758E+00  2.54878E-02
  2.63000E+01  5.63094E+00  2.54187E-02
  2.64000E+01  5.63431E+00  2.53497E-02
  2.65000E+01  5.63766E+00  2.52810E-02
  2.66000E+01  5.64101E+00  2.52125E-02
  2.67000E+01  5.64436E+00  2.51441E-02
  2.68000E+01  5.64770E+00  2.50760E-02
  2.69000E+01  5.65104E+00  2.50080E-02
  2.70000E+01  5.65437E+00  2.49403E-02
  2.71000E+01  5.65770E+00  2.48727E-02
  2.72000E+01  5.66102E+00  2.48053E-02
  2.73000E+01  5.66434E+00  2.47382E-02
  2.74000E+01  5.66766E+00  2.46712E-02
  2.75000E+01  5.67097E+00  2.46044E-02
  2.76000E+01  5.67427E+00  2.45378E-02
  2.77000E+01  5.67757E+00  2.44714E-02
  2.78000E+01  5.68086E+00  2.44051E-02
  2.79000E+01  5.68415E+00  2.43391E-02
  2.80000E+01  5.68744E+00  2.42732E-02
  2.81000E+01  5.69072E+00  2.42075E-02
  2.82000E+01  5.69400E+00  2.41421E-02
  2.83000E+01  5.69727E+00  2.40767E-02
  2.84000E+01  5.70054E+00  2.40116E-02
  2.85000E+01  5.70380E+00  2.39467E-02
  2.86000E+01  5.70706E+00  2.38819E-02
  2.87000E+01  5.71031E+00  2.38173E-02
  2.88000E+01  5.71356E+00  2.37529E-02
  2.89000E+01  5.71680E+00  2.36887E-02
  2.90000E+01  5.72004E+00  2.36246E-02
  2.91000E+01  5.72328E+00  2.35608E-02
  2.92000E+01  5.72651E+00  2.34970E-02
  2.93000E+01  5.72974E+00  2.34335E-02
  2.94000E+01  5.73296E+00  2.33701E-02
  2.95000E+01  5.73618E+00  2.33070E-02
  2.96000E+01  5.73939E+00  2.32440E-02
  2.97000E+01  5.74260E+00  2.31811E-02
  2.98000E+01  5.74580E+00  2.31184E-02
  2.99000E+01  5.74900E+00  2.30560E-02
  3.00000E+01  5.75220E+00  2.29936E-02
  3.01000E+01  5.75539E+00  2.29314E-02
  3.02000E+01  5.75858E+00  2.28694E-02
  3.03000E+01  5.76176E+00  2.28077E-02
  3.04000E+01  5.76494E+00  2.27460E-02
  3.05000E+01  5.76811E+00  2.26844E-02
  3.06000E+01  5.77128E+00  2.26232E-02
  3.07000E+01  5.77445E+00  2.25620E-02
  3.08000E+01  5.77761E+00  2.25010E-02
  3.09000E+01  5.78077E+00  2.24401E-02
  3.10000E+01  5.78392E+00  2.23794E-02
  3.11000E+01  5.78707E+00  2.23189E-02
  3.12000E+01  5.79021E+00  2.22586E-02
  3.13000E+01  5.79336E+00  2.21984E-02
  3.14000E+01  5.79649E+00  2.21383E-02
  3.15000E+01  5.79962E+00  2.20784E-02
  3.16000E+01  5.80275E+00  2.20187E-02
  3.17000E+01  5.80588E+00  2.19592E-02
  3.18000E+01  5.80900E+00  2.18998E-02
  3.19000E+01  5.81211E+00  2.18405E-02
  3.20000E+01  5.81522E+00  2.17814E-02
  3.21000E+01  5.81833E+00  2.17225E-02
  3.22000E+01  5.82144E+00  2.16637E-02
  3.23000E+01  5.82454E+00  2.16050E-02
  3.24000E+01  5.82763E+00  2.15465E-02
  3.25000E+01  5.83072E+00  2.14882E-02
  3.26000E+01  5.83381E+00  2.14300E-02
  3.27000E+01  5.83689E+00  2.13720E-02
  3.28000E+01  5.83997E+00  2.13141E-02
  3.29000E+01  5.84305E+00  2.12564E-02
  3.30000E+01  5.84612E+00  2.11988E-02
  3.31000E+01  5.84919E+00  2.11414E-02
  3.32000E+01  5.85225E+00  2.10841E-02
  3.33000E+01  5.85531E+00  2.10269E-02
  3.34000E+01  5.85837E+00  2.09700E-02
  3.35000E+01  5.86142E+00  2.09131E-02
  3.36000E+01  5.86447E+00  2.08564E-02
  3.37000E+01  5.86751E+00  2.07999E-02
  3.38000E+01  5.87055E+00  2.07435E-02
  3.39000E+01  5.87359E+00  2.06872E-02
  3.40000E+01  5.87662E+00  2.06310E-02
  3.41000E+01  5.87965E+00  2.05750E-02
  3.42000E+01  5.88268E+00  2.05192E-02
  3.43000E+01  5.88570E+00  2.04635E-02
  3.44000E+01  5.88872E+00  2.04079E-02
  3.45000E+01  5.89173E+00  2.03525E-02
  3.46000E+01  5.89474E+00  2.02973E-02
  3.47000E+01  5.89775E+00  2.02422E-02
  3.48000E+01  5.90075E+00  2.01871E-02
  3.49000E+01  5.90375E+00  2.01323E-02
  3.50000E+01  5.90674E+00  2.00776E-02
  3.51000E+01  5.90974E+00  2.00229E-02
  3.52000E+01  5.91272E+00  1.99685E-02
  3.53000E+01  5.91571E+00  1.99142E-02
  3.54000E+01  5.91869E+00  1.98601E-02
  3.55000E+01  5.92166E+00  1.98060E-02
  3.56000E+01  5.92464E+00  1.97521E-02
  3.57000E+01  5.92761E+00  1.96983E-02
  3.58000E+01  5.93057E+00  1.96447E-02
  3.59000E+01  5.93354E+00  1.95912E-02
  3.60000E+01  5.93649E+00  1.95379E-02
  3.61000E+01  5.93945E+00  1.94846E-02
  3.62000E+01  5.94240E+00  1.94315E-02
  3.63000E+01  5.94535E+00  1.93785E-02
  3.64000E+01  5.94829E+00  1.93257E-02
  3.65000E+01  5.95123E+00  1.92729E-02
  3.66000E+01  5.95417E+00  1.92203E-02
  3.67000E+01  5.95710E+00  1.91679E-02
  3.68000E+01  5.96003E+00  1.91157E-02
  3.69000E+01  5.96296E+00  1.90634E-02
  3.70000E+01  5.96588E+00  1.90113E-02
  3.71000E+01  5.96880E+00  1.89594E-02
  3.72000E+01  5.97172E+00  1.89077E-02
  3.73000E+01  5.97463E+00  1.88560E-02
  3.74000E+01  5.97754E+00  1.88044E-02
  3.75000E+01  5.98045E+00  1.87530E-02
  3.76000E+01  5.98335E+00  1.87017E-02
  3.77000E+01  5.98625E+00  1.86506E-02
  3.78000E+01  5.98914E+00  1.85995E-02
  3.79000E+01  5.99203E+00  1.85485E-02
  3.80000E+01  5.99492E+00  1.84978E-02
  3.81000E+01  5.99781E+00  1.84471E-02
  3.82000E+01  6.00069E+00  1.83965E-02
  3.83000E+01  6.00357E+00  1.83462E-02
  3.84000E+01  6.00644E+00  1.82959E-02
  3.85000E+01  6.00932E+00  1.82456E-02
  3.86000E+01  6.01218E+00  1.81956E-02
  3.87000E+01  6.01505E+00  1.81457E-02
  3.88000E+01  6.01791E+00  1.80959E-02
  3.89000E+01  6.02077E+00  1.80462E-02
  3.90000E+01  6.02362E+00  1.79966E-02
  3.91000E+01  6.02647E+00  1.79472E-02
  3.92000E+01  6.02932E+00  1.78978E-02
  3.93000E+01  6.03217E+00  1.78486E-02
  3.94000E+01  6.03501E+00  1.77996E-02
  3.95000E+01  6.03785E+00  1.77506E-02
  3.96000E+01  6.04068E+00  1.77017E-02
  3.97000E+01  6.04352E+00  1.76530E-02
  3.98000E+01  6.04634E+00  1.76044E-02
  3.99000E+01  6.04917E+00  1.75559E-02
  4.00000E+01  6.05199E+00  1.75075E-02
  4.01000E+01  6.05481E+00  1.74593E-02
  4.02000E+01  6.05763E+00  1.74111E-02
  4.03000E+01  6.06044E+00  1.73631E-02
  4.04000E+01  6.06325E+00  1.73152E-02
  4.05000E+01  6.06606E+00  1.72674E-02
  4.06000E+01  6.06886E+00  1.72197E-02
  4.07000E+01  6.07166E+00  1.71722E-02
  4.08000E+01  6.07445E+00  1.71248E-02
  4.09000E+01  6.07725E+00  1.70774E-02
  4.10000E+01  6.08004E+00  1.70301E-02
  4.11000E+01  6.08283E+00  1.69831E-02
  4.12000E+01  6.08561E+00  1.69362E-02
  4.13000E+01  6.08839E+00  1.68892E-02
  4.14000E+01  6.09117E+00  1.68425E-02
  4.15000E+01  6.09394E+00  1.67959E-02
  4.16000E+01  6.09672E+00  1.67493E-02
  4.17000E+01  6.09949E+00  1.67029E-02
  4.18000E+01  6.10225E+00  1.66566E-02
  4.19000E+01  6.10501E+00  1.66104E-02
  4.20000E+01  6.10777E+00  1.65643E-02
  4.21000E+01  6.11053E+00  1.65184E-02
  4.22000E+01  6.11328E+00  1.64725E-02
  4.23000E+01  6.11603E+00  1.64267E-02
  4.24000E+01  6.11878E+00  1.63811E-02
  4.25000E+01  6.12153E+00  1.63356E-02
  4.26000E+01  6.12427E+00  1.62902E-02
  4.27000E+01  6.12700E+00  1.62448E-02
  4.28000E+01  6.12974E+00  1.61996E-02
  4.29000E+01  6.13247E+00  1.61546E-02
  4.30000E+01  6.13520E+00  1.61096E-02
  4.31000E+01  6.13793E+00  1.60647E-02
  4.32000E+01  6.14065E+00  1.60199E-02
  4.33000E+01  6.14337E+00  1.59753E-02
  4.34000E+01  6.14609E+00  1.59308E-02
  4.35000E+01  6.14880E+00  1.58863E-02
  4.36000E+01  6.15152E+00  1.58421E-02
  4.37000E+01  6.15423E+00  1.57978E-02
  4.38000E+01  6.15693E+00  1.57537E-02
  4.39000E+01  6.15963E+00  1.57097E-02
  4.40000E+01  6.16233E+00  1.56658E-02
  4.41000E+01  6.16503E+00  1.56221E-02
  4.42000E+01  6.16773E+00  1.55784E-02
  4.43000E+01  6.17042E+00  1.55348E-02
  4.44000E+01  6.17311E+00  1.54913E-02
  4.45000E+01  6.17579E+00  1.54480E-02
  4.46000E+01  6.17847E+00  1.54047E-02
  4.47000E+01  6.18115E+00  1.53615E-02
  4.48000E+01  6.18383E+00  1.53185E-02
  4.49000E+01  6.18650E+00  1.52756E-02
  4.50000E+01  6.18918E+00  1.52328E-02
  4.51000E+01  6.19184E+00  1.51900E-02
  4.52000E+01  6.19451E+00  1.51474E-02
  4.53000E+01  6.19717E+00  1.51049E-02
  4.54000E+01  6.19983E+00  1.50625E-02
  4.55000E+01  6.20249E+00  1.50202E-02
  4.56000E+01  6.20515E+00  1.49780E-02
  4.57000E+01  6.20780E+00  1.49359E-02
  4.58000E+01  6.21045E+00  1.48939E-02
  4.59000E+01  6.21309E+00  1.48520E-02
  4.60000E+01  6.21574E+00  1.48103E-02
  4.61000E+01  6.21838E+00  1.47685E-02
  4.62000E+01  6.22102E+00  1.47270E-02
  4.63000E+01  6.22365E+00  1.46855E-02
  4.64000E+01  6.22628E+00  1.46441E-02
  4.65000E+01  6.22891E+00  1.46029E-02
  4.66000E+01  6.23154E+00  1.45617E-02
  4.67000E+01  6.23416E+00  1.45206E-02
  4.68000E+01  6.23679E+00  1.44796E-02
  4.69000E+01  6.23940E+00  1.44388E-02
  4.70000E+01  6.24202E+00  1.43981E-02
  4.71000E+01  6.24463E+00  1.43574E-02
  4.72000E+01  6.24725E+00  1.43169E-02
  4.73000E+01  6.24985E+00  1.42764E-02
  4.74000E+01  6.25246E+00  1.42361E-02
  4.75000E+01  6.25506E+00  1.41959E-02
  4.76000E+01  6.25766E+00  1.41557E-02
  4.77000E+01  6.26026E+00  1.41156E-02
  4.78000E+01  6.26286E+00  1.40757E-02
  4.79000E+01  6.26545E+00  1.40359E-02
  4.80000E+01  6.26804E+00  1.39962E-02
  4.81000E+01  6.27062E+00  1.39565E-02
  4.82000E+01  6.27321E+00  1.39170E-02
  4.83000E+01  6.27579E+00  1.38776E-02
  4.84000E+01  6.27837E+00  1.38382E-02
  4.85000E+01  6.28095E+00  1.37990E-02
  4.86000E+01  6.28352E+00  1.37598E-02
  4.87000E+01  6.28609E+00  1.37208E-02
  4.88000E+01  6.28866E+00  1.36819E-02
  4.89000E+01  6.29123E+00  1.36431E-02
  4.90000E+01  6.29379E+00  1.36044E-02
  4.91000E+01  6.29635E+00  1.35657E-02
  4.92000E+01  6.29891E+00  1.35273E-02
  4.93000E+01  6.30147E+00  1.34888E-02
  4.94000E+01  6.30402E+00  1.34505E-02
  4.95000E+01  6.30657E+00  1.34123E-02
  4.96000E+01  6.30912E+00  1.33741E-02
  4.97000E+01  6.31167E+00  1.33361E-02
  4.98000E+01  6.31421E+00  1.32982E-02
  4.99000E+01  6.31675E+00  1.32604E-02
  5.00000E+01  6.31929E+00  1.32226E-02
  5.01000E+01  6.32183E+00  1.31850E-02
  5.02000E+01  6.32436E+00  1.31475E-02
  5.03000E+01  6.32689E+00  1.31101E-02
  5.04000E+01  6.32942E+00  1.30728E-02
  5.05000E+01  6.33194E+00  1.30355E-02
  5.06000E+01  6.33447E+00  1.29984E-02
  5.07000E+01  6.33699E+00  1.29614E-02
  5.08000E+01  6.33951E+00  1.29245E-02
  5.09000E+01  6.34202E+00  1.28877E-02
  5.10000E+01  6.34454E+00  1.28509E-02
  5.11000E+01  6.34705E+00  1.28143E-02
  5.12000E+01  6.34956E+00  1.27777E-02
  5.13000E+01  6.35206E+00  1.27414E-02
  5.14000E+01  6.35457E+00  1.27051E-02
  5.15000E+01  6.35707E+00  1.26688E-02
  5.16000E+01  6.35957E+00  1.26327E-02
  5.17000E+01  6.36207E+00  1.25966E-02
  5.18000E+01  6.36456E+00  1.25607E-02
  5.19000E+01  6.36705E+00  1.25249E-02
  5.20000E+01  6.36954E+00  1.24892E-02
  5.21000E+01  6.37203E+00  1.24536E-02
  5.22000E+01  6.37451E+00  1.24181E-02
  5.23000E+01  6.37700E+00  1.23826E-02
  5.24000E+01  6.37948E+00  1.23472E-02
  5.25000E+01  6.38195E+00  1.23120E-02
  5.26000E+01  6.38443E+00  1.22770E-02
  5.27000E+01  6.38690E+00  1.22419E-02
  5.28000E+01  6.38937E+00  1.22070E-02
  5.29000E+01  6.39184E+00  1.21722E-02
  5.30000E+01  6.39431E+00  1.21374E-02
  5.31000E+01  6.39677E+00  1.21027E-02
  5.32000E+01  6.39923E+00  1.20682E-02
  5.33000E+01  6.40169E+00  1.20339E-02
  5.34000E+01  6.40415E+00  1.19995E-02
  5.35000E+01  6.40660E+00  1.19652E-02
  5.36000E+01  6.40905E+00  1.19312E-02
  5.37000E+01  6.41150E+00  1.18971E-02
  5.38000E+01  6.41395E+00  1.18631E-02
  5.39000E+01  6.41640E+00  1.18293E-02
  5.40000E+01  6.41884E+00  1.17957E-02
  5.41000E+01  6.42128E+00  1.17620E-02
  5.42000E+01  6.42372E+00  1.17285E-02
  5.43000E+01  6.42615E+00  1.16951E-02
  5.44000E+01  6.42859E+00  1.16616E-02
  5.45000E+01  6.43102E+00  1.16285E-02
  5.46000E+01  6.43345E+00  1.15954E-02
  5.47000E+01  6.43588E+00  1.15623E-02
  5.48000E+01  6.43830E+00  1.15294E-02
  5.49000E+01  6.44072E+00  1.14966E-02
  5.50000E+01  6.44314E+00  1.14639E-02
  5.51000E+01  6.44556E+00  1.14312E-02
  5.52000E+01  6.44798E+00  1.13987E-02
  5.53000E+01  6.45039E+00  1.13664E-02
  5.54000E+01  6.45280E+00  1.13340E-02
  5.55000E+01  6.45521E+00  1.13017E-02
  5.56000E+01  6.45762E+00  1.12697E-02
  5.57000E+01  6.46002E+00  1.12377E-02
  5.58000E+01  6.46242E+00  1.12058E-02
  5.59000E+01  6.46483E+00  1.11739E-02
  5.60000E+01  6.46722E+00  1.11423E-02
  5.61000E+01  6.46962E+00  1.11107E-02
  5.62000E+01  6.47201E+00  1.10792E-02
  5.63000E+01  6.47440E+00  1.10478E-02
  5.64000E+01  6.47679E+00  1.10164E-02
  5.65000E+01  6.47918E+00  1.09853E-02
  5.66000E+01  6.48157E+00  1.09541E-02
  5.67000E+01  6.48395E+00  1.09232E-02
  5.68000E+01  6.48633E+00  1.08924E-02
  5.69000E+01  6.48871E+00  1.08616E-02
  5.70000E+01  6.49109E+00  1.08308E-02
  5.71000E+01  6.49346E+00  1.08002E-02
  5.72000E+01  6.49583E+00  1.07698E-02
  5.73000E+01  6.49820E+00  1.07395E-02
  5.74000E+01  6.50057E+00  1.07092E-02
  5.75000E+01  6.50294E+00  1.06790E-02
  5.76000E+01  6.50530E+00  1.06490E-02
  5.77000E+01  6.50766E+00  1.06190E-02
  5.78000E+01  6.51002E+00  1.05892E-02
  5.79000E+01  6.51238E+00  1.05594E-02
  5.80000E+01  6.51473E+00  1.05298E-02
  5.81000E+01  6.51709E+00  1.05003E-02
  5.82000E+01  6.51944E+00  1.04708E-02
  5.83000E+01  6.52179E+00  1.04415E-02
  5.84000E+01  6.52413E+00  1.04124E-02
  5.85000E+01  6.52648E+00  1.03832E-02
  5.86000E+01  6.52882E+00  1.03542E-02
  5.87000E+01  6.53116E+00  1.03253E-02
  5.88000E+01  6.53350E+00  1.02965E-02
  5.89000E+01  6.53584E+00  1.02678E-02
  5.90000E+01  6.53817E+00  1.02393E-02
  5.91000E+01  6.54051E+00  1.02108E-02
  5.92000E+01  6.54284E+00  1.01824E-02
  5.93000E+01  6.54516E+00  1.01542E-02
  5.94000E+01  6.54749E+00  1.01261E-02
  5.95000E+01  6.54982E+00  1.00980E-02
  5.96000E+01  6.55214E+00  1.00700E-02
  5.97000E+01  6.55446E+00  1.00422E-02
  5.98000E+01  6.55678E+00  1.00145E-02
  5.99000E+01  6.55909E+00  9.98693E-03
  6.00000E+01  6.56141E+00  9.95942E-03
  6.01000E+01  6.56372E+00  9.93198E-03
  6.02000E+01  6.56603E+00  9.90473E-03
  6.03000E+01  6.56834E+00  9.87758E-03
  6.04000E+01  6.57064E+00  9.85047E-03
  6.05000E+01  6.57295E+00  9.82355E-03
  6.06000E+01  6.57525E+00  9.79671E-03
  6.07000E+01  6.57755E+00  9.76992E-03
  6.08000E+01  6.57985E+00  9.74331E-03
  6.09000E+01  6.58215E+00  9.71681E-03
  6.10000E+01  6.58444E+00  9.69045E-03
  6.11000E+01  6.58673E+00  9.66417E-03
  6.12000E+01  6.58902E+00  9.63795E-03
  6.13000E+01  6.59131E+00  9.61187E-03
  6.14000E+01  6.59360E+00  9.58589E-03
  6.15000E+01  6.59588E+00  9.56008E-03
  6.16000E+01  6.59817E+00  9.53438E-03
  6.17000E+01  6.60045E+00  9.50871E-03
  6.18000E+01  6.60273E+00  9.48327E-03
  6.19000E+01  6.60500E+00  9.45784E-03
  6.20000E+01  6.60728E+00  9.43251E-03
  6.21000E+01  6.60955E+00  9.40740E-03
  6.22000E+01  6.61182E+00  9.38234E-03
  6.23000E+01  6.61409E+00  9.35741E-03
  6.24000E+01  6.61636E+00  9.33258E-03
  6.25000E+01  6.61862E+00  9.30788E-03
  6.26000E+01  6.62089E+00  9.28333E-03
  6.27000E+01  6.62315E+00  9.25881E-03
  6.28000E+01  6.62541E+00  9.23443E-03
  6.29000E+01  6.62767E+00  9.21024E-03
  6.30000E+01  6.62992E+00  9.18609E-03
  6.31000E+01  6.63218E+00  9.16202E-03
  6.32000E+01  6.63443E+00  9.13814E-03
  6.33000E+01  6.63668E+00  9.11438E-03
  6.34000E+01  6.63893E+00  9.09071E-03
  6.35000E+01  6.64117E+00  9.06717E-03
  6.36000E+01  6.64342E+00  9.04371E-03
  6.37000E+01  6.64566E+00  9.02041E-03
  6.38000E+01  6.64790E+00  8.99726E-03
  6.39000E+01  6.65014E+00  8.97417E-03
  6.40000E+01  6.65238E+00  8.95120E-03
  6.41000E+01  6.65461E+00  8.92841E-03
  6.42000E+01  6.65685E+00  8.90569E-03
  6.43000E+01  6.65908E+00  8.88306E-03
  6.44000E+01  6.66131E+00  8.86052E-03
  6.45000E+01  6.66353E+00  8.83819E-03
  6.46000E+01  6.66576E+00  8.81602E-03
  6.47000E+01  6.66799E+00  8.79387E-03
  6.48000E+01  6.67021E+00  8.77188E-03
  6.49000E+01  6.67243E+00  8.75002E-03
  6.50000E+01  6.67465E+00  8.72828E-03
  6.51000E+01  6.67686E+00  8.70667E-03
  6.52000E+01  6.67908E+00  8.68513E-03
  6.53000E+01  6.68129E+00  8.66371E-03
  6.54000E+01  6.68350E+00  8.64244E-03
  6.55000E+01  6.68571E+00  8.62135E-03
  6.56000E+01  6.68792E+00  8.60040E-03
  6.57000E+01  6.69013E+00  8.57949E-03
  6.58000E+01  6.69233E+00  8.55865E-03
  6.59000E+01  6.69453E+00  8.53806E-03
  6.60000E+01  6.69674E+00  8.51759E-03
  6.61000E+01  6.69893E+00  8.49713E-03
  6.62000E+01  6.70113E+00  8.47685E-03
  6.63000E+01  6.70333E+00  8.45679E-03
  6.64000E+01  6.70552E+00  8.43676E-03
  6.65000E+01  6.70771E+00  8.41677E-03
  6.66000E+01  6.70990E+00  8.39706E-03
  6.67000E+01  6.71209E+00  8.37752E-03
  6.68000E+01  6.71428E+00  8.35802E-03
  6.69000E+01  6.71646E+00  8.33863E-03
  6.70000E+01  6.71865E+00  8.31934E-03
  6.71000E+01  6.72083E+00  8.30018E-03
  6.72000E+01  6.72301E+00  8.28119E-03
  6.73000E+01  6.72518E+00  8.26235E-03
  6.74000E+01  6.72736E+00  8.24364E-03
  6.75000E+01  6.72954E+00  8.22505E-03
  6.76000E+01  6.73171E+00  8.20656E-03
  6.77000E+01  6.73388E+00  8.18822E-03
  6.78000E+01  6.73605E+00  8.17001E-03
  6.79000E+01  6.73822E+00  8.15186E-03
  6.80000E+01  6.74038E+00  8.13395E-03
  6.81000E+01  6.74255E+00  8.11616E-03
  6.82000E+01  6.74471E+00  8.09847E-03
  6.83000E+01  6.74687E+00  8.08090E-03
  6.84000E+01  6.74903E+00  8.06346E-03
  6.85000E+01  6.75118E+00  8.04620E-03
  6.86000E+01  6.75334E+00  8.02905E-03
  6.87000E+01  6.75549E+00  8.01198E-03
  6.88000E+01  6.75765E+00  7.99509E-03
  6.89000E+01  6.75980E+00  7.97841E-03
  6.90000E+01  6.76195E+00  7.96172E-03
  6.91000E+01  6.76409E+00  7.94522E-03
  6.92000E+01  6.76624E+00  7.92889E-03
  6.93000E+01  6.76838E+00  7.91265E-03
  6.94000E+01  6.77052E+00  7.89657E-03
  6.95000E+01  6.77266E+00  7.88061E-03
  6.96000E+01  6.77480E+00  7.86482E-03
  6.97000E+01  6.77694E+00  7.84915E-03
  6.98000E+01  6.77907E+00  7.83358E-03
  6.99000E+01  6.78121E+00  7.81819E-03
  7.00000E+01  6.78334E+00  7.80293E-03
  7.01000E+01  6.78547E+00  7.78781E-03
  7.02000E+01  6.78760E+00  7.77280E-03
  7.03000E+01  6.78973E+00  7.75789E-03
  7.04000E+01  6.79185E+00  7.74322E-03
  7.05000E+01  6.79398E+00  7.72865E-03
  7.06000E+01  6.79610E+00  7.71419E-03
  7.07000E+01  6.79822E+00  7.69988E-03
  7.08000E+01  6.80034E+00  7.68572E-03
  7.09000E+01  6.80246E+00  7.67172E-03
  7.10000E+01  6.80457E+00  7.65779E-03
  7.11000E+01  6.80668E+00  7.64405E-03
  7.12000E+01  6.80880E+00  7.63048E-03
  7.13000E+01  6.81091E+00  7.61699E-03
  7.14000E+01  6.81302E+00  7.60365E-03
  7.15000E+01  6.81512E+00  7.59050E-03
  7.16000E+01  6.81723E+00  7.57746E-03
  7.17000E+01  6.81934E+00  7.56452E-03
  7.18000E+01  6.82144E+00  7.55175E-03
  7.19000E+01  6.82354E+00  7.53918E-03
  7.20000E+01  6.82564E+00  7.52667E-03
  7.21000E+01  6.82774E+00  7.51428E-03
  7.22000E+01  6.82983E+00  7.50210E-03
  7.23000E+01  6.83193E+00  7.49007E-03
  7.24000E+01  6.83402E+00  7.47815E-03
  7.25000E+01  6.83611E+00  7.46638E-03
  7.26000E+01  6.83820E+00  7.45474E-03
  7.27000E+01  6.84029E+00  7.44326E-03
  7.28000E+01  6.84238E+00  7.43194E-03
  7.29000E+01  6.84446E+00  7.42071E-03
  7.30000E+01  6.84655E+00  7.40969E-03
  7.31000E+01  6.84863E+00  7.39879E-03
  7.32000E+01  6.85071E+00  7.38800E-03
  7.33000E+01  6.85279E+00  7.37739E-03
  7.34000E+01  6.85487E+00  7.36684E-03
  7.35000E+01  6.85694E+00  7.35650E-03
  7.36000E+01  6.85902E+00  7.34636E-03
  7.37000E+01  6.86109E+00  7.33632E-03
  7.38000E+01  6.86316E+00  7.32641E-03
  7.39000E+01  6.86523E+00  7.31660E-03
  7.40000E+01  6.86730E+00  7.30701E-03
  7.41000E+01  6.86937E+00  7.29751E-03
  7.42000E+01  6.87143E+00  7.28821E-03
  7.43000E+01  6.87349E+00  7.27905E-03
  7.44000E+01  6.87556E+00  7.26995E-03
  7.45000E+01  6.87762E+00  7.26109E-03
  7.46000E+01  6.87968E+00  7.25236E-03
  7.47000E+01  6.88173E+00  7.24375E-03
  7.48000E+01  6.88379E+00  7.23527E-03
  7.49000E+01  6.88584E+00  7.22697E-03
  7.50000E+01  6.88790E+00  7.21878E-03
  7.51000E+01  6.88995E+00  7.21075E-03
  7.52000E+01  6.89200E+00  7.20291E-03
  7.53000E+01  6.89405E+00  7.19515E-03
  7.54000E+01  6.89609E+00  7.18755E-03
  7.55000E+01  6.89814E+00  7.18011E-03
  7.56000E+01  6.90018E+00  7.17282E-03
  7.57000E+01  6.90223E+00  7.16567E-03
  7.58000E+01  6.90427E+00  7.15865E-03
  7.59000E+01  6.90631E+00  7.15178E-03
  7.60000E+01  6.90834E+00  7.14509E-03
  7.61000E+01  6.91038E+00  7.13850E-03
  7.62000E+01  6.91242E+00  7.13208E-03
  7.63000E+01  6.91445E+00  7.12579E-03
  7.64000E+01  6.91648E+00  7.11963E-03
  7.65000E+01  6.91851E+00  7.11369E-03
  7.66000E+01  6.92054E+00  7.10779E-03
  7.67000E+01  6.92257E+00  7.10207E-03
  7.68000E+01  6.92459E+00  7.09655E-03
  7.69000E+01  6.92662E+00  7.09110E-03
  7.70000E+01  6.92864E+00  7.08582E-03
  7.71000E+01  6.93066E+00  7.08073E-03
  7.72000E+01  6.93268E+00  7.07573E-03
  7.73000E+01  6.93470E+00  7.07086E-03
  7.74000E+01  6.93672E+00  7.06619E-03
  7.75000E+01  6.93874E+00  7.06164E-03
  7.76000E+01  6.94075E+00  7.05722E-03
  7.77000E+01  6.94276E+00  7.05296E-03
  7.78000E+01  6.94478E+00  7.04882E-03
  7.79000E+01  6.94679E+00  7.04484E-03
  7.80000E+01  6.94880E+00  7.04103E-03
  7.81000E+01  6.95080E+00  7.03733E-03
  7.82000E+01  6.95281E+00  7.03374E-03
  7.83000E+01  6.95481E+00  7.03035E-03
  7.84000E+01  6.95682E+00  7.02708E-03
  7.85000E+01  6.95882E+00  7.02396E-03
  7.86000E+01  6.96082E+00  7.02097E-03
  7.87000E+01  6.96282E+00  7.01810E-03
  7.88000E+01  6.96481E+00  7.01541E-03
  7.89000E+01  6.96681E+00  7.01287E-03
  7.90000E+01  6.96880E+00  7.01044E-03
  7.91000E+01  6.97080E+00  7.00812E-03
  7.92000E+01  6.97279E+00  7.00599E-03
  7.93000E+01  6.97478E+00  7.00401E-03
  7.94000E+01  6.97677E+00  7.00213E-03
  7.95000E+01  6.97876E+00  7.00041E-03
  7.96000E+01  6.98074E+00  6.99883E-03
  7.97000E+01  6.98273E+00  6.99735E-03
  7.98000E+01  6.98471E+00  6.99607E-03
  7.99000E+01  6.98669E+00  6.99492E-03
  8.00000E+01  6.98867E+00  6.99385E-03
  8.01000E+01  6.99065E+00  6.99296E-03
  8.02000E+01  6.99263E+00  6.99222E-03
  8.03000E+01  6.99460E+00  6.99159E-03
  8.04000E+01  6.99658E+00  6.99110E-03
  8.05000E+01  6.99855E+00  6.99075E-03
  8.06000E+01  7.00053E+00  6.99053E-03
  8.07000E+01  7.00250E+00  6.99044E-03
  8.08000E+01  7.00447E+00  6.99050E-03
  8.09000E+01  7.00643E+00  6.99071E-03
  8.10000E+01  7.00840E+00  6.99102E-03
  8.11000E+01  7.01037E+00  6.99148E-03
  8.12000E+01  7.01233E+00  6.99207E-03
  8.13000E+01  7.01429E+00  6.99280E-03
  8.14000E+01  7.01625E+00  6.99366E-03
  8.15000E+01  7.01821E+00  6.99463E-03
  8.16000E+01  7.02017E+00  6.99575E-03
  8.17000E+01  7.02213E+00  6.99701E-03
  8.18000E+01  7.02408E+00  6.99839E-03
  8.19000E+01  7.02604E+00  6.99988E-03
  8.20000E+01  7.02799E+00  7.00152E-03
  8.21000E+01  7.02994E+00  7.00332E-03
  8.22000E+01  7.03189E+00  7.00521E-03
  8.23000E+01  7.03384E+00  7.00723E-03
  8.24000E+01  7.03579E+00  7.00938E-03
  8.25000E+01  7.03774E+00  7.01168E-03
  8.26000E+01  7.03968E+00  7.01407E-03
  8.27000E+01  7.04163E+00  7.01661E-03
  8.28000E+01  7.04357E+00  7.01928E-03
  8.29000E+01  7.04551E+00  7.02206E-03
  8.30000E+01  7.04745E+00  7.02498E-03
  8.31000E+01  7.04939E+00  7.02802E-03
  8.32000E+01  7.05133E+00  7.03117E-03
  8.33000E+01  7.05326E+00  7.03446E-03
  8.34000E+01  7.05520E+00  7.03787E-03
  8.35000E+01  7.05713E+00  7.04140E-03
  8.36000E+01  7.05906E+00  7.04506E-03
  8.37000E+01  7.06099E+00  7.04882E-03
  8.38000E+01  7.06292E+00  7.05272E-03
  8.39000E+01  7.06485E+00  7.05674E-03
  8.40000E+01  7.06678E+00  7.06087E-03
  8.41000E+01  7.06870E+00  7.06512E-03
  8.42000E+01  7.07062E+00  7.06950E-03
  8.43000E+01  7.07255E+00  7.07398E-03
  8.44000E+01  7.07447E+00  7.07859E-03
  8.45000E+01  7.07639E+00  7.08333E-03
  8.46000E+01  7.07831E+00  7.08817E-03
  8.47000E+01  7.08023E+00  7.09312E-03
  8.48000E+01  7.08214E+00  7.09820E-03
  8.49000E+01  7.08406E+00  7.10339E-03
  8.50000E+01  7.08597E+00  7.10868E-03
  8.51000E+01  7.08788E+00  7.11410E-03
  8.52000E+01  7.08979E+00  7.11963E-03
  8.53000E+01  7.09170E+00  7.12529E-03
  8.54000E+01  7.09361E+00  7.13104E-03
  8.55000E+01  7.09552E+00  7.13689E-03
  8.56000E+01  7.09743E+00  7.14289E-03
  8.57000E+01  7.09933E+00  7.14896E-03
  8.58000E+01  7.10123E+00  7.15515E-03
  8.59000E+01  7.10314E+00  7.16146E-03
  8.60000E+01  7.10504E+00  7.16788E-03
  8.61000E+01  7.10694E+00  7.17441E-03
  8.62000E+01  7.10884E+00  7.18104E-03
  8.63000E+01  7.11073E+00  7.18778E-03
  8.64000E+01  7.11263E+00  7.19460E-03
  8.65000E+01  7.11452E+00  7.20156E-03
  8.66000E+01  7.11642E+00  7.20861E-03
  8.67000E+01  7.11831E+00  7.21576E-03
  8.68000E+01  7.12020E+00  7.22303E-03
  8.69000E+01  7.12209E+00  7.23039E-03
  8.70000E+01  7.12398E+00  7.23785E-03
  8.71000E+01  7.12587E+00  7.24543E-03
  8.72000E+01  7.12775E+00  7.25310E-03
  8.73000E+01  7.12964E+00  7.26085E-03
  8.74000E+01  7.13152E+00  7.26873E-03
  8.75000E+01  7.13340E+00  7.27671E-03
  8.76000E+01  7.13528E+00  7.28479E-03
  8.77000E+01  7.13716E+00  7.29294E-03
  8.78000E+01  7.13904E+00  7.30119E-03
  8.79000E+01  7.14092E+00  7.30957E-03
  8.80000E+01  7.14280E+00  7.31801E-03
  8.81000E+01  7.14467E+00  7.32658E-03
  8.82000E+01  7.14654E+00  7.33524E-03
  8.83000E+01  7.14842E+00  7.34397E-03
  8.84000E+01  7.15029E+00  7.35282E-03
  8.85000E+01  7.15216E+00  7.36175E-03
  8.86000E+01  7.15403E+00  7.37076E-03
  8.87000E+01  7.15589E+00  7.37988E-03
  8.88000E+01  7.15776E+00  7.38910E-03
  8.89000E+01  7.15963E+00  7.39838E-03
  8.90000E+01  7.16149E+00  7.40777E-03
  8.91000E+01  7.16335E+00  7.41725E-03
  8.92000E+01  7.16522E+00  7.42684E-03
  8.93000E+01  7.16708E+00  7.43650E-03
  8.94000E+01  7.16893E+00  7.44620E-03
  8.95000E+01  7.17079E+00  7.45604E-03
  8.96000E+01  7.17265E+00  7.46597E-03
  8.97000E+01  7.17451E+00  7.47600E-03
  8.98000E+01  7.17636E+00  7.48607E-03
  8.99000E+01  7.17821E+00  7.49624E-03
  9.00000E+01  7.18006E+00  7.50651E-03
  9.01000E+01  7.18192E+00  7.51682E-03
  9.02000E+01  7.18377E+00  7.52728E-03
  9.03000E+01  7.18561E+00  7.53778E-03
  9.04000E+01  7.18746E+00  7.54838E-03
  9.05000E+01  7.18931E+00  7.55906E-03
  9.06000E+01  7.19115E+00  7.56979E-03
  9.07000E+01  7.19300E+00  7.58063E-03
  9.08000E+01  7.19484E+00  7.59155E-03
  9.09000E+01  7.19668E+00  7.60255E-03
  9.10000E+01  7.19852E+00  7.61362E-03
  9.11000E+01  7.20036E+00  7.62476E-03
  9.12000E+01  7.20220E+00  7.63598E-03
  9.13000E+01  7.20403E+00  7.64728E-03
  9.14000E+01  7.20587E+00  7.65868E-03
  9.15000E+01  7.20770E+00  7.67012E-03
  9.16000E+01  7.20954E+00  7.68165E-03
  9.17000E+01  7.21137E+00  7.69324E-03
  9.18000E+01  7.21320E+00  7.70492E-03
  9.19000E+01  7.21503E+00  7.71670E-03
  9.20000E+01  7.21686E+00  7.72854E-03
  9.21000E+01  7.21869E+00  7.74042E-03
  9.22000E+01  7.22051E+00  7.75237E-03
  9.23000E+01  7.22234E+00  7.76443E-03
  9.24000E+01  7.22416E+00  7.77654E-03
  9.25000E+01  7.22599E+00  7.78870E-03
  9.26000E+01  7.22781E+00  7.80097E-03
  9.27000E+01  7.22963E+00  7.81328E-03
  9.28000E+01  7.23145E+00  7.82563E-03
  9.29000E+01  7.23327E+00  7.83813E-03
  9.30000E+01  7.23508E+00  7.85068E-03
  9.31000E+01  7.23690E+00  7.86322E-03
  9.32000E+01  7.23871E+00  7.87590E-03
  9.33000E+01  7.24053E+00  7.88863E-03
  9.34000E+01  7.24234E+00  7.90139E-03
  9.35000E+01  7.24415E+00  7.91426E-03
  9.36000E+01  7.24596E+00  7.92715E-03
  9.37000E+01  7.24777E+00  7.94015E-03
  9.38000E+01  7.24958E+00  7.95319E-03
  9.39000E+01  7.25139E+00  7.96626E-03
  9.40000E+01  7.25319E+00  7.97949E-03
  9.41000E+01  7.25500E+00  7.99275E-03
  9.42000E+01  7.25680E+00  8.00597E-03
  9.43000E+01  7.25860E+00  8.01931E-03
  9.44000E+01  7.26041E+00  8.03274E-03
  9.45000E+01  7.26221E+00  8.04624E-03
  9.46000E+01  7.26401E+00  8.05978E-03
  9.47000E+01  7.26580E+00  8.07332E-03
  9.48000E+01  7.26760E+00  8.08698E-03
  9.49000E+01  7.26940E+00  8.10066E-03
  9.50000E+01  7.27119E+00  8.11443E-03
  9.51000E+01  7.27299E+00  8.12830E-03
  9.52000E+01  7.27478E+00  8.14214E-03
  9.53000E+01  7.27657E+00  8.15606E-03
  9.54000E+01  7.27836E+00  8.17007E-03
  9.55000E+01  7.28015E+00  8.18410E-03
  9.56000E+01  7.28194E+00  8.19816E-03
  9.57000E+01  7.28373E+00  8.21236E-03
  9.58000E+01  7.28551E+00  8.22656E-03
  9.59000E+01  7.28730E+00  8.24076E-03
  9.60000E+01  7.28908E+00  8.25511E-03
  9.61000E+01  7.29086E+00  8.26948E-03
  9.62000E+01  7.29265E+00  8.28385E-03
  9.63000E+01  7.29443E+00  8.29831E-03
  9.64000E+01  7.29621E+00  8.31288E-03
  9.65000E+01  7.29798E+00  8.32740E-03
  9.66000E+01  7.29976E+00  8.34198E-03
  9.67000E+01  7.30154E+00  8.35672E-03
  9.68000E+01  7.30331E+00  8.37141E-03
  9.69000E+01  7.30509E+00  8.38611E-03
  9.70000E+01  7.30686E+00  8.40091E-03
  9.71000E+01  7.30863E+00  8.41585E-03
  9.72000E+01  7.31040E+00  8.43073E-03
  9.73000E+01  7.31217E+00  8.44561E-03
  9.74000E+01  7.31394E+00  8.46066E-03
  9.75000E+01  7.31571E+00  8.47575E-03
  9.76000E+01  7.31748E+00  8.49075E-03
  9.77000E+01  7.31924E+00  8.50588E-03
  9.78000E+01  7.32101E+00  8.52109E-03
  9.79000E+01  7.32277E+00  8.53632E-03
  9.80000E+01  7.32453E+00  8.55161E-03
  9.81000E+01  7.32629E+00  8.56688E-03
  9.82000E+01  7.32806E+00  8.58224E-03
  9.83000E+01  7.32981E+00  8.59763E-03
  9.84000E+01  7.33157E+00  8.61307E-03
  9.85000E+01  7.33333E+00  8.62856E-03
  9.86000E+01  7.33509E+00  8.64403E-03
  9.87000E+01  7.33684E+00  8.65960E-03
  9.88000E+01  7.33860E+00  8.67526E-03
  9.89000E+01  7.34035E+00  8.69088E-03
  9.90000E+01  7.34210E+00  8.70655E-03
  9.91000E+01  7.34385E+00  8.72230E-03
  9.92000E+01  7.34560E+00  8.73803E-03
  9.93000E+01  7.34735E+00  8.75381E-03
  9.94000E+01  7.34910E+00  8.76967E-03
  9.95000E+01  7.35084E+00  8.78558E-03
  9.96000E+01  7.35259E+00  8.80146E-03
  9.97000E+01  7.35434E+00  8.81739E-03
  9.98000E+01  7.35608E+00  8.83342E-03
  9.99000E+01  7.35782E+00  8.84945E-03
  1.00000E+02  7.35956E+00  8.86550E-03
  1.00100E+02  7.36130E+00  8.88160E-03
  1.00200E+02  7.36304E+00  8.89771E-03
  1.00300E+02  7.36478E+00  8.91387E-03
  1.00400E+02  7.36652E+00  8.93009E-03
  1.00500E+02  7.36826E+00  8.94636E-03
  1.00600E+02  7.36999E+00  8.96262E-03
  1.00700E+02  7.37173E+00  8.97888E-03
  1.00800E+02  7.37346E+00  8.99523E-03
  1.00900E+02  7.37519E+00  9.01169E-03
  1.01000E+02  7.37692E+00  9.02812E-03
  1.01100E+02  7.37865E+00  9.04448E-03
  1.01200E+02  7.38038E+00  9.06096E-03
  1.01300E+02  7.38211E+00  9.07747E-03
  1.01400E+02  7.38384E+00  9.09399E-03
  1.01500E+02  7.38557E+00  9.11058E-03
  1.01600E+02  7.38729E+00  9.12715E-03
  1.01700E+02  7.38902E+00  9.14386E-03
  1.01800E+02  7.39074E+00  9.16046E-03
  1.01900E+02  7.39246E+00  9.17707E-03
  1.02000E+02  7.39418E+00  9.19392E-03
  1.02100E+02  7.39590E+00  9.21064E-03
  1.02200E+02  7.39762E+00  9.22745E-03
  1.02300E+02  7.39934E+00  9.24419E-03
  1.02400E+02  7.40106E+00  9.26103E-03
  1.02500E+02  7.40278E+00  9.27801E-03
  1.02600E+02  7.40449E+00  9.29487E-03
  1.02700E+02  7.40621E+00  9.31175E-03
  1.02800E+02  7.40792E+00  9.32872E-03
  1.02900E+02  7.40963E+00  9.34570E-03
  1.03000E+02  7.41134E+00  9.36268E-03
  1.03100E+02  7.41305E+00  9.37972E-03
  1.03200E+02  7.41476E+00  9.39675E-03
  1.03300E+02  7.41647E+00  9.41390E-03
  1.03400E+02  7.41818E+00  9.43098E-03
  1.03500E+02  7.41989E+00  9.44811E-03
  1.03600E+02  7.42159E+00  9.46529E-03
  1.03700E+02  7.42330E+00  9.48243E-03
  1.03800E+02  7.42500E+00  9.49973E-03
  1.03900E+02  7.42670E+00  9.51695E-03
  1.04000E+02  7.42840E+00  9.53420E-03
  1.04100E+02  7.43010E+00  9.55150E-03
  1.04200E+02  7.43180E+00  9.56874E-03
  1.04300E+02  7.43350E+00  9.58614E-03
  1.04400E+02  7.43520E+00  9.60353E-03
  1.04500E+02  7.43690E+00  9.62088E-03
  1.04600E+02  7.43859E+00  9.63825E-03
  1.04700E+02  7.44029E+00  9.65565E-03
  1.04800E+02  7.44198E+00  9.67314E-03
  1.04900E+02  7.44368E+00  9.69064E-03
  1.05000E+02  7.44537E+00  9.70812E-03
  1.05100E+02  7.44706E+00  9.72558E-03
  1.05200E+02  7.44875E+00  9.74316E-03
  1.05300E+02  7.45044E+00  9.76076E-03
  1.05400E+02  7.45213E+00  9.77832E-03
  1.05500E+02  7.45381E+00  9.79596E-03
  1.05600E+02  7.45550E+00  9.81356E-03
  1.05700E+02  7.45718E+00  9.83111E-03
  1.05800E+02  7.45887E+00  9.84880E-03
  1.05900E+02  7.46055E+00  9.86661E-03
  1.06000E+02  7.46224E+00  9.88420E-03
  1.06100E+02  7.46392E+00  9.90187E-03
  1.06200E+02  7.46560E+00  9.91971E-03
  1.06300E+02  7.46728E+00  9.93743E-03
  1.06400E+02  7.46896E+00  9.95522E-03
  1.06500E+02  7.47063E+00  9.97307E-03
  1.06600E+02  7.47231E+00  9.99084E-03
  1.06700E+02  7.47399E+00  1.00086E-02
  1.06800E+02  7.47566E+00  1.00265E-02
  1.06900E+02  7.47734E+00  1.00445E-02
  1.07000E+02  7.47901E+00  1.00623E-02
  1.07100E+02  7.48068E+00  1.00802E-02
  1.07200E+02  7.48235E+00  1.00981E-02
  1.07300E+02  7.48402E+00  1.01160E-02
  1.07400E+02  7.48569E+00  1.01340E-02
  1.07500E+02  7.48736E+00  1.01521E-02
  1.07600E+02  7.48903E+00  1.01700E-02
  1.07700E+02  7.49069E+00  1.01879E-02
  1.07800E+02  7.49236E+00  1.02059E-02
  1.07900E+02  7.49402E+00  1.02241E-02
  1.08000E+02  7.49569E+00  1.02421E-02
  1.08100E+02  7.49735E+00  1.02602E-02
  1.08200E+02  7.49901E+00  1.02783E-02
  1.08300E+02  7.50067E+00  1.02964E-02
  1.08400E+02  7.50233E+00  1.03145E-02
  1.08500E+02  7.50399E+00  1.03326E-02
  1.08600E+02  7.50565E+00  1.03507E-02
  1.08700E+02  7.50731E+00  1.03689E-02
  1.08800E+02  7.50897E+00  1.03871E-02
  1.08900E+02  7.51062E+00  1.04053E-02
  1.09000E+02  7.51228E+00  1.04235E-02
  1.09100E+02  7.51393E+00  1.04417E-02
  1.09200E+02  7.51558E+00  1.04599E-02
  1.09300E+02  7.51723E+00  1.04782E-02
  1.09400E+02  7.51889E+00  1.04965E-02
  1.09500E+02  7.52054E+00  1.05146E-02
  1.09600E+02  7.52218E+00  1.05329E-02
  1.09700E+02  7.52383E+00  1.05514E-02
  1.09800E+02  7.52548E+00  1.05697E-02
  1.09900E+02  7.52713E+00  1.05879E-02
  1.10000E+02  7.52877E+00  1.06063E-02
  1.10100E+02  7.53042E+00  1.06246E-02
  1.10200E+02  7.53206E+00  1.06429E-02
  1.10300E+02  7.53370E+00  1.06613E-02
  1.10400E+02  7.53535E+00  1.06796E-02
  1.10500E+02  7.53699E+00  1.06982E-02
  1.10600E+02  7.53863E+00  1.07166E-02
  1.10700E+02  7.54027E+00  1.07349E-02
  1.10800E+02  7.54190E+00  1.07533E-02
  1.10900E+02  7.54354E+00  1.07717E-02
  1.11000E+02  7.54518E+00  1.07902E-02
  1.11100E+02  7.54681E+00  1.08087E-02
  1.11200E+02  7.54845E+00  1.08272E-02
  1.11300E+02  7.55008E+00  1.08457E-02
  1.11400E+02  7.55172E+00  1.08642E-02
  1.11500E+02  7.55335E+00  1.08826E-02
  1.11600E+02  7.55498E+00  1.09012E-02
  1.11700E+02  7.55661E+00  1.09198E-02
  1.11800E+02  7.55824E+00  1.09382E-02
  1.11900E+02  7.55987E+00  1.09568E-02
  1.12000E+02  7.56150E+00  1.09753E-02
  1.12100E+02  7.56312E+00  1.09939E-02
  1.12200E+02  7.56475E+00  1.10124E-02
  1.12300E+02  7.56638E+00  1.10310E-02
  1.12400E+02  7.56800E+00  1.10496E-02
  1.12500E+02  7.56962E+00  1.10682E-02
  1.12600E+02  7.57125E+00  1.10868E-02
  1.12700E+02  7.57287E+00  1.11055E-02
  1.12800E+02  7.57449E+00  1.11240E-02
  1.12900E+02  7.57611E+00  1.11427E-02
  1.13000E+02  7.57773E+00  1.11614E-02
  1.13100E+02  7.57935E+00  1.11800E-02
  1.13200E+02  7.58096E+00  1.11986E-02
  1.13300E+02  7.58258E+00  1.12173E-02
  1.13400E+02  7.58419E+00  1.12359E-02
  1.13500E+02  7.58581E+00  1.12547E-02
  1.13600E+02  7.58742E+00  1.12734E-02
  1.13700E+02  7.58904E+00  1.12921E-02
  1.13800E+02  7.59065E+00  1.13108E-02
  1.13900E+02  7.59226E+00  1.13294E-02
  1.14000E+02  7.59387E+00  1.13482E-02
  1.14100E+02  7.59548E+00  1.13669E-02
  1.14200E+02  7.59709E+00  1.13856E-02
  1.14300E+02  7.59870E+00  1.14043E-02
  1.14400E+02  7.60030E+00  1.14231E-02
  1.14500E+02  7.60191E+00  1.14419E-02
  1.14600E+02  7.60352E+00  1.14607E-02
  1.14700E+02  7.60512E+00  1.14794E-02
  1.14800E+02  7.60672E+00  1.14981E-02
  1.14900E+02  7.60833E+00  1.15170E-02
  1.15000E+02  7.60993E+00  1.15357E-02
  1.15100E+02  7.61153E+00  1.15545E-02
  1.15200E+02  7.61313E+00  1.15734E-02
  1.15300E+02  7.61473E+00  1.15922E-02
  1.15400E+02  7.61633E+00  1.16109E-02
  1.15500E+02  7.61793E+00  1.16297E-02
  1.15600E+02  7.61952E+00  1.16485E-02
  1.15700E+02  7.62112E+00  1.16674E-02
  1.15800E+02  7.62272E+00  1.16863E-02
  1.15900E+02  7.62431E+00  1.17050E-02
  1.16000E+02  7.62590E+00  1.17239E-02
  1.16100E+02  7.62750E+00  1.17427E-02
  1.16200E+02  7.62909E+00  1.17616E-02
  1.16300E+02  7.63068E+00  1.17805E-02
  1.16400E+02  7.63227E+00  1.17993E-02
  1.16500E+02  7.63386E+00  1.18181E-02
  1.16600E+02  7.63545E+00  1.18370E-02
  1.16700E+02  7.63704E+00  1.18558E-02
  1.16800E+02  7.63862E+00  1.18748E-02
  1.16900E+02  7.64021E+00  1.18937E-02
  1.17000E+02  7.64179E+00  1.19125E-02
  1.17100E+02  7.64338E+00  1.19314E-02
  1.17200E+02  7.64496E+00  1.19504E-02
  1.17300E+02  7.64655E+00  1.19692E-02
  1.17400E+02  7.64813E+00  1.19880E-02
  1.17500E+02  7.64971E+00  1.20071E-02
  1.17600E+02  7.65129E+00  1.20260E-02
  1.17700E+02  7.65287E+00  1.20447E-02
  1.17800E+02  7.65445E+00  1.20637E-02
  1.17900E+02  7.65603E+00  1.20827E-02
  1.18000E+02  7.65760E+00  1.21016E-02
  1.18100E+02  7.65918E+00  1.21205E-02
  1.18200E+02  7.66075E+00  1.21395E-02
  1.18300E+02  7.66233E+00  1.21584E-02
  1.18400E+02  7.66390E+00  1.21773E-02
  1.18500E+02  7.66548E+00  1.21963E-02
  1.18600E+02  7.66705E+00  1.22151E-02
  1.18700E+02  7.66862E+00  1.22342E-02
  1.18800E+02  7.67019E+00  1.22531E-02
  1.18900E+02  7.67176E+00  1.22719E-02
  1.19000E+02  7.67333E+00  1.22910E-02
  1.19100E+02  7.67490E+00  1.23100E-02
  1.19200E+02  7.67647E+00  1.23290E-02
  1.19300E+02  7.67803E+00  1.23478E-02
  1.19400E+02  7.67960E+00  1.23668E-02
  1.19500E+02  7.68116E+00  1.23858E-02
  1.19600E+02  7.68273E+00  1.24047E-02
  1.19700E+02  7.68429E+00  1.24237E-02
  1.19800E+02  7.68585E+00  1.24427E-02
  1.19900E+02  7.68741E+00  1.24617E-02
  1.20000E+02  7.68898E+00  1.24807E-02
  1.20100E+02  7.69054E+00  1.24996E-02
  1.20200E+02  7.69210E+00  1.25186E-02
  1.20300E+02  7.69365E+00  1.25376E-02
  1.20400E+02  7.69521E+00  1.25566E-02
  1.20500E+02  7.69677E+00  1.25754E-02
  1.20600E+02  7.69833E+00  1.25945E-02
  1.20700E+02  7.69988E+00  1.26136E-02
  1.20800E+02  7.70144E+00  1.26325E-02
  1.20900E+02  7.70299E+00  1.26515E-02
  1.21000E+02  7.70454E+00  1.26705E-02
  1.21100E+02  7.70610E+00  1.26895E-02
  1.21200E+02  7.70765E+00  1.27085E-02
  1.21300E+02  7.70920E+00  1.27274E-02
  1.21400E+02  7.71075E+00  1.27464E-02
  1.21500E+02  7.71230E+00  1.27656E-02
  1.21600E+02  7.71385E+00  1.27845E-02
  1.21700E+02  7.71539E+00  1.28034E-02
  1.21800E+02  7.71694E+00  1.28225E-02
  1.21900E+02  7.71849E+00  1.28415E-02
  1.22000E+02  7.72003E+00  1.28604E-02
  1.22100E+02  7.72158E+00  1.28794E-02
  1.22200E+02  7.72312E+00  1.28984E-02
  1.22300E+02  7.72466E+00  1.29175E-02
  1.22400E+02  7.72621E+00  1.29366E-02
  1.22500E+02  7.72775E+00  1.29555E-02
  1.22600E+02  7.72929E+00  1.29746E-02
  1.22700E+02  7.73083E+00  1.29935E-02
  1.22800E+02  7.73237E+00  1.30125E-02
  1.22900E+02  7.73391E+00  1.30315E-02
  1.23000E+02  7.73544E+00  1.30504E-02
  1.23100E+02  7.73698E+00  1.30696E-02
  1.23200E+02  7.73852E+00  1.30886E-02
  1.23300E+02  7.74005E+00  1.31075E-02
  1.23400E+02  7.74159E+00  1.31266E-02
  1.23500E+02  7.74312E+00  1.31456E-02
  1.23600E+02  7.74465E+00  1.31647E-02
  1.23700E+02  7.74619E+00  1.31836E-02
  1.23800E+02  7.74772E+00  1.32025E-02
  1.23900E+02  7.74925E+00  1.32215E-02
  1.24000E+02  7.75078E+00  1.32406E-02
  1.24100E+02  7.75231E+00  1.32596E-02
  1.24200E+02  7.75384E+00  1.32786E-02
  1.24300E+02  7.75536E+00  1.32975E-02
  1.24400E+02  7.75689E+00  1.33167E-02
  1.24500E+02  7.75842E+00  1.33357E-02
  1.24600E+02  7.75994E+00  1.33545E-02
  1.24700E+02  7.76147E+00  1.33735E-02
  1.24800E+02  7.76299E+00  1.33926E-02
  1.24900E+02  7.76451E+00  1.34116E-02
  1.25000E+02  7.76604E+00  1.34307E-02
  1.25100E+02  7.76756E+00  1.34497E-02
  1.25200E+02  7.76908E+00  1.34686E-02
  1.25300E+02  7.77060E+00  1.34876E-02
  1.25400E+02  7.77212E+00  1.35066E-02
  1.25500E+02  7.77364E+00  1.35256E-02
  1.25600E+02  7.77516E+00  1.35445E-02
  1.25700E+02  7.77667E+00  1.35636E-02
  1.25800E+02  7.77819E+00  1.35826E-02
  1.25900E+02  7.77971E+00  1.36015E-02
  1.26000E+02  7.78122E+00  1.36206E-02
  1.26100E+02  7.78273E+00  1.36395E-02
  1.26200E+02  7.78425E+00  1.36585E-02
  1.26300E+02  7.78576E+00  1.36775E-02
  1.26400E+02  7.78727E+00  1.36966E-02
  1.26500E+02  7.78878E+00  1.37155E-02
  1.26600E+02  7.79029E+00  1.37344E-02
  1.26700E+02  7.79180E+00  1.37534E-02
  1.26800E+02  7.79331E+00  1.37724E-02
  1.26900E+02  7.79482E+00  1.37914E-02
  1.27000E+02  7.79633E+00  1.38104E-02
  1.27100E+02  7.79784E+00  1.38295E-02
  1.27200E+02  7.79934E+00  1.38483E-02
  1.27300E+02  7.80085E+00  1.38673E-02
  1.27400E+02  7.80235E+00  1.38863E-02
  1.27500E+02  7.80386E+00  1.39052E-02
  1.27600E+02  7.80536E+00  1.39242E-02
  1.27700E+02  7.80686E+00  1.39432E-02
  1.27800E+02  7.80836E+00  1.39621E-02
  1.27900E+02  7.80987E+00  1.39811E-02
  1.28000E+02  7.81137E+00  1.40001E-02
  1.28100E+02  7.81287E+00  1.40190E-02
  1.28200E+02  7.81436E+00  1.40380E-02
  1.28300E+02  7.81586E+00  1.40569E-02
  1.28400E+02  7.81736E+00  1.40758E-02
  1.28500E+02  7.81886E+00  1.40948E-02
  1.28600E+02  7.82035E+00  1.41138E-02
  1.28700E+02  7.82185E+00  1.41328E-02
  1.28800E+02  7.82334E+00  1.41517E-02
  1.28900E+02  7.82484E+00  1.41707E-02
  1.29000E+02  7.82633E+00  1.41895E-02
  1.29100E+02  7.82782E+00  1.42083E-02
  1.29200E+02  7.82931E+00  1.42274E-02
  1.29300E+02  7.83081E+00  1.42463E-02
  1.29400E+02  7.83230E+00  1.42652E-02
  1.29500E+02  7.83379E+00  1.42843E-02
  1.29600E+02  7.83527E+00  1.43032E-02
  1.29700E+02  7.83676E+00  1.43221E-02
  1.29800E+02  7.83825E+00  1.43410E-02
  1.29900E+02  7.83974E+00  1.43598E-02
  1.30000E+02  7.84122E+00  1.43788E-02
  1.30100E+02  7.84271E+00  1.43977E-02
  1.30200E+02  7.84419E+00  1.44167E-02
  1.30300E+02  7.84568E+00  1.44355E-02
  1.30400E+02  7.84716E+00  1.44544E-02
  1.30500E+02  7.84864E+00  1.44734E-02
  1.30600E+02  7.85012E+00  1.44921E-02
  1.30700E+02  7.85161E+00  1.45111E-02
  1.30800E+02  7.85309E+00  1.45301E-02
  1.30900E+02  7.85457E+00  1.45489E-02
  1.31000E+02  7.85604E+00  1.45678E-02
  1.31100E+02  7.85752E+00  1.45866E-02
  1.31200E+02  7.85900E+00  1.46055E-02
  1.31300E+02  7.86048E+00  1.46245E-02
  1.31400E+02  7.86195E+00  1.46432E-02
  1.31500E+02  7.86343E+00  1.46622E-02
  1.31600E+02  7.86490E+00  1.46811E-02
  1.31700E+02  7.86638E+00  1.46999E-02
  1.31800E+02  7.86785E+00  1.47188E-02
  1.31900E+02  7.86932E+00  1.47377E-02
  1.32000E+02  7.87080E+00  1.47565E-02
  1.32100E+02  7.87227E+00  1.47753E-02
  1.32200E+02  7.87374E+00  1.47942E-02
  1.32300E+02  7.87521E+00  1.48131E-02
  1.32400E+02  7.87668E+00  1.48319E-02
  1.32500E+02  7.87815E+00  1.48507E-02
  1.32600E+02  7.87961E+00  1.48696E-02
  1.32700E+02  7.88108E+00  1.48885E-02
  1.32800E+02  7.88255E+00  1.49072E-02
  1.32900E+02  7.88401E+00  1.49261E-02
  1.33000E+02  7.88548E+00  1.49449E-02
  1.33100E+02  7.88694E+00  1.49638E-02
  1.33200E+02  7.88841E+00  1.49826E-02
  1.33300E+02  7.88987E+00  1.50013E-02
  1.33400E+02  7.89133E+00  1.50202E-02
  1.33500E+02  7.89279E+00  1.50390E-02
  1.33600E+02  7.89426E+00  1.50578E-02
  1.33700E+02  7.89572E+00  1.50767E-02
  1.33800E+02  7.89718E+00  1.50954E-02
  1.33900E+02  7.89863E+00  1.51142E-02
  1.34000E+02  7.90009E+00  1.51330E-02
  1.34100E+02  7.90155E+00  1.51518E-02
  1.34200E+02  7.90301E+00  1.51706E-02
  1.34300E+02  7.90446E+00  1.51893E-02
  1.34400E+02  7.90592E+00  1.52081E-02
  1.34500E+02  7.90737E+00  1.52270E-02
  1.34600E+02  7.90883E+00  1.52457E-02
  1.34700E+02  7.91028E+00  1.52644E-02
  1.34800E+02  7.91174E+00  1.52832E-02
  1.34900E+02  7.91319E+00  1.53021E-02
  1.35000E+02  7.91464E+00  1.53207E-02
  1.35100E+02  7.91609E+00  1.53394E-02
  1.35200E+02  7.91754E+00  1.53582E-02
  1.35300E+02  7.91899E+00  1.53770E-02
  1.35400E+02  7.92044E+00  1.53958E-02
  1.35500E+02  7.92189E+00  1.54144E-02
  1.35600E+02  7.92333E+00  1.54332E-02
  1.35700E+02  7.92478E+00  1.54520E-02
  1.35800E+02  7.92623E+00  1.54707E-02
  1.35900E+02  7.92767E+00  1.54893E-02
  1.36000E+02  7.92912E+00  1.55082E-02
  1.36100E+02  7.93056E+00  1.55268E-02
  1.36200E+02  7.93201E+00  1.55455E-02
  1.36300E+02  7.93345E+00  1.55642E-02
  1.36400E+02  7.93489E+00  1.55830E-02
  1.36500E+02  7.93633E+00  1.56017E-02
  1.36600E+02  7.93777E+00  1.56203E-02
  1.36700E+02  7.93921E+00  1.56390E-02
  1.36800E+02  7.94065E+00  1.56577E-02
  1.36900E+02  7.94209E+00  1.56765E-02
  1.37000E+02  7.94353E+00  1.56952E-02
  1.37100E+02  7.94497E+00  1.57138E-02
  1.37200E+02  7.94641E+00  1.57324E-02
  1.37300E+02  7.94784E+00  1.57511E-02
  1.37400E+02  7.94928E+00  1.57698E-02
  1.37500E+02  7.95071E+00  1.57884E-02
  1.37600E+02  7.95215E+00  1.58071E-02
  1.37700E+02  7.95358E+00  1.58258E-02
  1.37800E+02  7.95501E+00  1.58444E-02
  1.37900E+02  7.95645E+00  1.58630E-02
  1.38000E+02  7.95788E+00  1.58817E-02
  1.38100E+02  7.95931E+00  1.59003E-02
  1.38200E+02  7.96074E+00  1.59190E-02
  1.38300E+02  7.96217E+00  1.59376E-02
  1.38400E+02  7.96360E+00  1.59562E-02
  1.38500E+02  7.96503E+00  1.59748E-02
  1.38600E+02  7.96646E+00  1.59935E-02
  1.38700E+02  7.96788E+00  1.60120E-02
  1.38800E+02  7.96931E+00  1.60306E-02
  1.38900E+02  7.97074E+00  1.60492E-02
  1.39000E+02  7.97216E+00  1.60678E-02
  1.39100E+02  7.97359E+00  1.60865E-02
  1.39200E+02  7.97501E+00  1.61050E-02
  1.39300E+02  7.97643E+00  1.61236E-02
  1.39400E+02  7.97786E+00  1.61422E-02
  1.39500E+02  7.97928E+00  1.61608E-02
  1.39600E+02  7.98070E+00  1.61794E-02
  1.39700E+02  7.98212E+00  1.61979E-02
  1.39800E+02  7.98354E+00  1.62165E-02
  1.39900E+02  7.98496E+00  1.62351E-02
  1.40000E+02  7.98638E+00  1.62536E-02
  1.40100E+02  7.98780E+00  1.62721E-02
  1.40200E+02  7.98922E+00  1.62907E-02
  1.40300E+02  7.99063E+00  1.63093E-02
  1.40400E+02  7.99205E+00  1.63278E-02
  1.40500E+02  7.99346E+00  1.63463E-02
  1.40600E+02  7.99488E+00  1.63648E-02
  1.40700E+02  7.99629E+00  1.63834E-02
  1.40800E+02  7.99771E+00  1.64019E-02
  1.40900E+02  7.99912E+00  1.64204E-02
  1.41000E+02  8.00053E+00  1.64389E-02
  1.41100E+02  8.00195E+00  1.64574E-02
  1.41200E+02  8.00336E+00  1.64760E-02
  1.41300E+02  8.00477E+00  1.64944E-02
  1.41400E+02  8.00618E+00  1.65129E-02
  1.41500E+02  8.00759E+00  1.65314E-02
  1.41600E+02  8.00900E+00  1.65499E-02
  1.41700E+02  8.01041E+00  1.65684E-02
  1.41800E+02  8.01181E+00  1.65869E-02
  1.41900E+02  8.01322E+00  1.66052E-02
  1.42000E+02  8.01463E+00  1.66237E-02
  1.42100E+02  8.01603E+00  1.66422E-02
  1.42200E+02  8.01744E+00  1.66606E-02
  1.42300E+02  8.01884E+00  1.66792E-02
  1.42400E+02  8.02025E+00  1.66976E-02
  1.42500E+02  8.02165E+00  1.67160E-02
  1.42600E+02  8.02305E+00  1.67345E-02
  1.42700E+02  8.02445E+00  1.67529E-02
  1.42800E+02  8.02585E+00  1.67713E-02
  1.42900E+02  8.02726E+00  1.67897E-02
  1.43000E+02  8.02866E+00  1.68081E-02
  1.43100E+02  8.03006E+00  1.68266E-02
  1.43200E+02  8.03145E+00  1.68451E-02
  1.43300E+02  8.03285E+00  1.68634E-02
  1.43400E+02  8.03425E+00  1.68818E-02
  1.43500E+02  8.03565E+00  1.69002E-02
  1.43600E+02  8.03704E+00  1.69186E-02
  1.43700E+02  8.03844E+00  1.69369E-02
  1.43800E+02  8.03983E+00  1.69553E-02
  1.43900E+02  8.04123E+00  1.69738E-02
  1.44000E+02  8.04262E+00  1.69921E-02
  1.44100E+02  8.04402E+00  1.70104E-02
  1.44200E+02  8.04541E+00  1.70288E-02
  1.44300E+02  8.04680E+00  1.70472E-02
  1.44400E+02  8.04819E+00  1.70656E-02
  1.44500E+02  8.04958E+00  1.70839E-02
  1.44600E+02  8.05098E+00  1.71022E-02
  1.44700E+02  8.05236E+00  1.71205E-02
  1.44800E+02  8.05375E+00  1.71388E-02
  1.44900E+02  8.05514E+00  1.71571E-02
  1.45000E+02  8.05653E+00  1.71756E-02
  1.45100E+02  8.05792E+00  1.71938E-02
  1.45200E+02  8.05930E+00  1.72122E-02
  1.45300E+02  8.06069E+00  1.72306E-02
  1.45400E+02  8.06208E+00  1.72488E-02
  1.45500E+02  8.06346E+00  1.72671E-02
  1.45600E+02  8.06485E+00  1.72854E-02
  1.45700E+02  8.06623E+00  1.73037E-02
  1.45800E+02  8.06761E+00  1.73220E-02
  1.45900E+02  8.06900E+00  1.73402E-02
  1.46000E+02  8.07038E+00  1.73586E-02
  1.46100E+02  8.07176E+00  1.73768E-02
  1.46200E+02  8.07314E+00  1.73951E-02
  1.46300E+02  8.07452E+00  1.74134E-02
  1.46400E+02  8.07590E+00  1.74315E-02
  1.46500E+02  8.07728E+00  1.74498E-02
  1.46600E+02  8.07866E+00  1.74680E-02
  1.46700E+02  8.08003E+00  1.74862E-02
  1.46800E+02  8.08141E+00  1.75046E-02
  1.46900E+02  8.08279E+00  1.75228E-02
  1.47000E+02  8.08416E+00  1.75410E-02
  1.47100E+02  8.08554E+00  1.75592E-02
  1.47200E+02  8.08691E+00  1.75774E-02
  1.47300E+02  8.08829E+00  1.75957E-02
  1.47400E+02  8.08966E+00  1.76139E-02
  1.47500E+02  8.09104E+00  1.76320E-02
  1.47600E+02  8.09241E+00  1.76502E-02
  1.47700E+02  8.09378E+00  1.76685E-02
  1.47800E+02  8.09515E+00  1.76866E-02
  1.47900E+02  8.09652E+00  1.77048E-02
  1.48000E+02  8.09789E+00  1.77229E-02
  1.48100E+02  8.09926E+00  1.77411E-02
  1.48200E+02  8.10063E+00  1.77594E-02
  1.48300E+02  8.10200E+00  1.77775E-02
  1.48400E+02  8.10337E+00  1.77956E-02
  1.48500E+02  8.10473E+00  1.78138E-02
  1.48600E+02  8.10610E+00  1.78320E-02
  1.48700E+02  8.10747E+00  1.78500E-02
  1.48800E+02  8.10883E+00  1.78681E-02
  1.48900E+02  8.11020E+00  1.78863E-02
  1.49000E+02  8.11156E+00  1.79044E-02
  1.49100E+02  8.11292E+00  1.79226E-02
  1.49200E+02  8.11429E+00  1.79408E-02
  1.49300E+02  8.11565E+00  1.79588E-02
  1.49400E+02  8.11701E+00  1.79770E-02
  1.49500E+02  8.11837E+00  1.79950E-02
  1.49600E+02  8.11973E+00  1.80130E-02
  1.49700E+02  8.12109E+00  1.80312E-02
  1.49800E+02  8.12245E+00  1.80493E-02
  1.49900E+02  8.12381E+00  1.80675E-02
  1.50000E+02  8.12517E+00  1.80855E-02
  1.50100E+02  8.12653E+00  1.81034E-02
  1.50200E+02  8.12789E+00  1.81215E-02
  1.50300E+02  8.12924E+00  1.81398E-02
  1.50400E+02  8.13060E+00  1.81577E-02
  1.50500E+02  8.13196E+00  1.81757E-02
  1.50600E+02  8.13331E+00  1.81939E-02
  1.50700E+02  8.13467E+00  1.82118E-02
  1.50800E+02  8.13602E+00  1.82298E-02
  1.50900E+02  8.13737E+00  1.82479E-02
  1.51000E+02  8.13873E+00  1.82659E-02
  1.51100E+02  8.14008E+00  1.82839E-02
  1.51200E+02  8.14143E+00  1.83020E-02
  1.51300E+02  8.14278E+00  1.83200E-02
  1.51400E+02  8.14413E+00  1.83379E-02
  1.51500E+02  8.14548E+00  1.83559E-02
  1.51600E+02  8.14683E+00  1.83740E-02
  1.51700E+02  8.14818E+00  1.83919E-02
  1.51800E+02  8.14953E+00  1.84099E-02
  1.51900E+02  8.15087E+00  1.84279E-02
  1.52000E+02  8.15222E+00  1.84459E-02
  1.52100E+02  8.15357E+00  1.84639E-02
  1.52200E+02  8.15491E+00  1.84819E-02
  1.52300E+02  8.15626E+00  1.84998E-02
  1.52400E+02  8.15760E+00  1.85177E-02
  1.52500E+02  8.15895E+00  1.85357E-02
  1.52600E+02  8.16029E+00  1.85536E-02
  1.52700E+02  8.16164E+00  1.85715E-02
  1.52800E+02  8.16298E+00  1.85895E-02
  1.52900E+02  8.16432E+00  1.86075E-02
  1.53000E+02  8.16566E+00  1.86253E-02
  1.53100E+02  8.16700E+00  1.86431E-02
  1.53200E+02  8.16834E+00  1.86612E-02
  1.53300E+02  8.16968E+00  1.86791E-02
  1.53400E+02  8.17102E+00  1.86969E-02
  1.53500E+02  8.17236E+00  1.87148E-02
  1.53600E+02  8.17370E+00  1.87327E-02
  1.53700E+02  8.17504E+00  1.87506E-02
  1.53800E+02  8.17637E+00  1.87685E-02
  1.53900E+02  8.17771E+00  1.87864E-02
  1.54000E+02  8.17905E+00  1.88043E-02
  1.54100E+02  8.18038E+00  1.88222E-02
  1.54200E+02  8.18172E+00  1.88399E-02
  1.54300E+02  8.18305E+00  1.88579E-02
  1.54400E+02  8.18439E+00  1.88758E-02
  1.54500E+02  8.18572E+00  1.88935E-02
  1.54600E+02  8.18705E+00  1.89115E-02
  1.54700E+02  8.18838E+00  1.89292E-02
  1.54800E+02  8.18972E+00  1.89469E-02
  1.54900E+02  8.19105E+00  1.89650E-02
  1.55000E+02  8.19238E+00  1.89827E-02
  1.55100E+02  8.19371E+00  1.90004E-02
  1.55200E+02  8.19504E+00  1.90183E-02
  1.55300E+02  8.19636E+00  1.90361E-02
  1.55400E+02  8.19769E+00  1.90538E-02
  1.55500E+02  8.19902E+00  1.90716E-02
  1.55600E+02  8.20035E+00  1.90895E-02
  1.55700E+02  8.20167E+00  1.91073E-02
  1.55800E+02  8.20300E+00  1.91251E-02
  1.55900E+02  8.20433E+00  1.91428E-02
  1.56000E+02  8.20565E+00  1.91605E-02
  1.56100E+02  8.20698E+00  1.91783E-02
  1.56200E+02  8.20830E+00  1.91961E-02
  1.56300E+02  8.20962E+00  1.92138E-02
  1.56400E+02  8.21095E+00  1.92316E-02
  1.56500E+02  8.21227E+00  1.92493E-02
  1.56600E+02  8.21359E+00  1.92670E-02
  1.56700E+02  8.21491E+00  1.92849E-02
  1.56800E+02  8.21623E+00  1.93026E-02
  1.56900E+02  8.21755E+00  1.93202E-02
  1.57000E+02  8.21887E+00  1.93379E-02
  1.57100E+02  8.22019E+00  1.93556E-02
  1.57200E+02  8.22151E+00  1.93733E-02
  1.57300E+02  8.22283E+00  1.93910E-02
  1.57400E+02  8.22415E+00  1.94087E-02
  1.57500E+02  8.22546E+00  1.94265E-02
  1.57600E+02  8.22678E+00  1.94441E-02
  1.57700E+02  8.22809E+00  1.94618E-02
  1.57800E+02  8.22941E+00  1.94795E-02
  1.57900E+02  8.23072E+00  1.94971E-02
  1.58000E+02  8.23204E+00  1.95147E-02
  1.58100E+02  8.23335E+00  1.95325E-02
  1.58200E+02  8.23467E+00  1.95502E-02
  1.58300E+02  8.23598E+00  1.95678E-02
  1.58400E+02  8.23729E+00  1.95853E-02
  1.58500E+02  8.23860E+00  1.96029E-02
  1.58600E+02  8.23991E+00  1.96206E-02
  1.58700E+02  8.24122E+00  1.96382E-02
  1.58800E+02  8.24253E+00  1.96560E-02
  1.58900E+02  8.24384E+00  1.96735E-02
  1.59000E+02  8.24515E+00  1.96911E-02
  1.59100E+02  8.24646E+00  1.97087E-02
  1.59200E+02  8.24777E+00  1.97263E-02
  1.59300E+02  8.24908E+00  1.97439E-02
  1.59400E+02  8.25038E+00  1.97614E-02
  1.59500E+02  8.25169E+00  1.97791E-02
  1.59600E+02  8.25300E+00  1.97967E-02
  1.59700E+02  8.25430E+00  1.98143E-02
  1.59800E+02  8.25561E+00  1.98318E-02
  1.59900E+02  8.25691E+00  1.98493E-02
  1.60000E+02  8.25821E+00  1.98669E-02
  1.60100E+02  8.25952E+00  1.98845E-02
  1.60200E+02  8.26082E+00  1.99020E-02
  1.60300E+02  8.26212E+00  1.99196E-02
  1.60400E+02  8.26342E+00  1.99371E-02
  1.60500E+02  8.26472E+00  1.99546E-02
  1.60600E+02  8.26603E+00  1.99722E-02
  1.60700E+02  8.26733E+00  1.99896E-02
  1.60800E+02  8.26862E+00  2.00071E-02
  1.60900E+02  8.26992E+00  2.00246E-02
  1.61000E+02  8.27122E+00  2.00422E-02
  1.61100E+02  8.27252E+00  2.00597E-02
  1.61200E+02  8.27382E+00  2.00773E-02
  1.61300E+02  8.27511E+00  2.00947E-02
  1.61400E+02  8.27641E+00  2.01121E-02
  1.61500E+02  8.27771E+00  2.01297E-02
  1.61600E+02  8.27900E+00  2.01472E-02
  1.61700E+02  8.28030E+00  2.01646E-02
  1.61800E+02  8.28159E+00  2.01820E-02
  1.61900E+02  8.28289E+00  2.01996E-02
  1.62000E+02  8.28418E+00  2.02170E-02
  1.62100E+02  8.28547E+00  2.02343E-02
  1.62200E+02  8.28676E+00  2.02518E-02
  1.62300E+02  8.28806E+00  2.02692E-02
  1.62400E+02  8.28935E+00  2.02867E-02
  1.62500E+02  8.29064E+00  2.03041E-02
  1.62600E+02  8.29193E+00  2.03215E-02
  1.62700E+02  8.29322E+00  2.03391E-02
  1.62800E+02  8.29451E+00  2.03565E-02
  1.62900E+02  8.29580E+00  2.03737E-02
  1.63000E+02  8.29709E+00  2.03911E-02
  1.63100E+02  8.29837E+00  2.04086E-02
  1.63200E+02  8.29966E+00  2.04261E-02
  1.63300E+02  8.30095E+00  2.04434E-02
  1.63400E+02  8.30223E+00  2.04607E-02
  1.63500E+02  8.30352E+00  2.04781E-02
  1.63600E+02  8.30480E+00  2.04955E-02
  1.63700E+02  8.30609E+00  2.05129E-02
  1.63800E+02  8.30737E+00  2.05301E-02
  1.63900E+02  8.30866E+00  2.05475E-02
  1.64000E+02  8.30994E+00  2.05650E-02
  1.64100E+02  8.31122E+00  2.05823E-02
  1.64200E+02  8.31251E+00  2.05996E-02
  1.64300E+02  8.31379E+00  2.06169E-02
  1.64400E+02  8.31507E+00  2.06342E-02
  1.64500E+02  8.31635E+00  2.06515E-02
  1.64600E+02  8.31763E+00  2.06690E-02
  1.64700E+02  8.31891E+00  2.06862E-02
  1.64800E+02  8.32019E+00  2.07034E-02
  1.64900E+02  8.32147E+00  2.07208E-02
  1.65000E+02  8.32275E+00  2.07381E-02
  1.65100E+02  8.32402E+00  2.07555E-02
  1.65200E+02  8.32530E+00  2.07727E-02
  1.65300E+02  8.32658E+00  2.07898E-02
  1.65400E+02  8.32785E+00  2.08072E-02
  1.65500E+02  8.32913E+00  2.08246E-02
  1.65600E+02  8.33040E+00  2.08418E-02
  1.65700E+02  8.33168E+00  2.08589E-02
  1.65800E+02  8.33295E+00  2.08762E-02
  1.65900E+02  8.33423E+00  2.08935E-02
  1.66000E+02  8.33550E+00  2.09107E-02
  1.66100E+02  8.33677E+00  2.09281E-02
  1.66200E+02  8.33805E+00  2.09454E-02
  1.66300E+02  8.33932E+00  2.09624E-02
  1.66400E+02  8.34059E+00  2.09796E-02
  1.66500E+02  8.34186E+00  2.09969E-02
  1.66600E+02  8.34313E+00  2.10142E-02
  1.66700E+02  8.34440E+00  2.10313E-02
  1.66800E+02  8.34567E+00  2.10485E-02
  1.66900E+02  8.34694E+00  2.10658E-02
  1.67000E+02  8.34821E+00  2.10828E-02
  1.67100E+02  8.34947E+00  2.11001E-02
  1.67200E+02  8.35074E+00  2.11174E-02
  1.67300E+02  8.35201E+00  2.11344E-02
  1.67400E+02  8.35327E+00  2.11516E-02
  1.67500E+02  8.35454E+00  2.11688E-02
  1.67600E+02  8.35581E+00  2.11860E-02
  1.67700E+02  8.35707E+00  2.12032E-02
  1.67800E+02  8.35834E+00  2.12202E-02
  1.67900E+02  8.35960E+00  2.12374E-02
  1.68000E+02  8.36086E+00  2.12545E-02
  1.68100E+02  8.36213E+00  2.12717E-02
  1.68200E+02  8.36339E+00  2.12889E-02
  1.68300E+02  8.36465E+00  2.13060E-02
  1.68400E+02  8.36591E+00  2.13231E-02
  1.68500E+02  8.36717E+00  2.13402E-02
  1.68600E+02  8.36843E+00  2.13573E-02
  1.68700E+02  8.36969E+00  2.13744E-02
  1.68800E+02  8.37095E+00  2.13915E-02
  1.68900E+02  8.37221E+00  2.14086E-02
  1.69000E+02  8.37347E+00  2.14256E-02
  1.69100E+02  8.37473E+00  2.14427E-02
  1.69200E+02  8.37599E+00  2.14598E-02
  1.69300E+02  8.37724E+00  2.14770E-02
  1.69400E+02  8.37850E+00  2.14940E-02
  1.69500E+02  8.37976E+00  2.15111E-02
  1.69600E+02  8.38101E+00  2.15280E-02
  1.69700E+02  8.38227E+00  2.15451E-02
  1.69800E+02  8.38352E+00  2.15623E-02
  1.69900E+02  8.38478E+00  2.15792E-02
  1.70000E+02  8.38603E+00  2.15963E-02
  1.70100E+02  8.38728E+00  2.16134E-02
  1.70200E+02  8.38854E+00  2.16305E-02
  1.70300E+02  8.38979E+00  2.16474E-02
  1.70400E+02  8.39104E+00  2.16642E-02
  1.70500E+02  8.39229E+00  2.16813E-02
  1.70600E+02  8.39354E+00  2.16985E-02
  1.70700E+02  8.39479E+00  2.17154E-02
  1.70800E+02  8.39604E+00  2.17324E-02
  1.70900E+02  8.39729E+00  2.17494E-02
  1.71000E+02  8.39854E+00  2.17664E-02
  1.71100E+02  8.39979E+00  2.17835E-02
  1.71200E+02  8.40104E+00  2.18004E-02
  1.71300E+02  8.40229E+00  2.18172E-02
  1.71400E+02  8.40353E+00  2.18343E-02
  1.71500E+02  8.40478E+00  2.18513E-02
  1.71600E+02  8.40603E+00  2.18680E-02
  1.71700E+02  8.40727E+00  2.18851E-02
  1.71800E+02  8.40852E+00  2.19022E-02
  1.71900E+02  8.40976E+00  2.19191E-02
  1.72000E+02  8.41101E+00  2.19359E-02
  1.72100E+02  8.41225E+00  2.19529E-02
  1.72200E+02  8.41350E+00  2.19699E-02
  1.72300E+02  8.41474E+00  2.19867E-02
  1.72400E+02  8.41598E+00  2.20036E-02
  1.72500E+02  8.41722E+00  2.20207E-02
  1.72600E+02  8.41846E+00  2.20376E-02
  1.72700E+02  8.41971E+00  2.20542E-02
  1.72800E+02  8.42095E+00  2.20712E-02
  1.72900E+02  8.42219E+00  2.20882E-02
  1.73000E+02  8.42343E+00  2.21050E-02
  1.73100E+02  8.42467E+00  2.21218E-02
  1.73200E+02  8.42590E+00  2.21388E-02
  1.73300E+02  8.42714E+00  2.21557E-02
  1.73400E+02  8.42838E+00  2.21725E-02
  1.73500E+02  8.42962E+00  2.21894E-02
  1.73600E+02  8.43085E+00  2.22062E-02
  1.73700E+02  8.43209E+00  2.22231E-02
  1.73800E+02  8.43333E+00  2.22399E-02
  1.73900E+02  8.43456E+00  2.22567E-02
  1.74000E+02  8.43580E+00  2.22737E-02
  1.74100E+02  8.43703E+00  2.22904E-02
  1.74200E+02  8.43827E+00  2.23072E-02
  1.74300E+02  8.43950E+00  2.23242E-02
  1.74400E+02  8.44073E+00  2.23408E-02
  1.74500E+02  8.44197E+00  2.23576E-02
  1.74600E+02  8.44320E+00  2.23746E-02
  1.74700E+02  8.44443E+00  2.23914E-02
  1.74800E+02  8.44566E+00  2.24081E-02
  1.74900E+02  8.44689E+00  2.24249E-02
  1.75000E+02  8.44812E+00  2.24416E-02
  1.75100E+02  8.44935E+00  2.24585E-02
  1.75200E+02  8.45058E+00  2.24754E-02
  1.75300E+02  8.45181E+00  2.24920E-02
  1.75400E+02  8.45304E+00  2.25087E-02
  1.75500E+02  8.45427E+00  2.25255E-02
  1.75600E+02  8.45550E+00  2.25423E-02
  1.75700E+02  8.45672E+00  2.25590E-02
  1.75800E+02  8.45795E+00  2.25757E-02
  1.75900E+02  8.45918E+00  2.25926E-02
  1.76000E+02  8.46040E+00  2.26092E-02
  1.76100E+02  8.46163E+00  2.26259E-02
  1.76200E+02  8.46285E+00  2.26426E-02
  1.76300E+02  8.46408E+00  2.26594E-02
  1.76400E+02  8.46530E+00  2.26761E-02
  1.76500E+02  8.46653E+00  2.26928E-02
  1.76600E+02  8.46775E+00  2.27096E-02
  1.76700E+02  8.46897E+00  2.27263E-02
  1.76800E+02  8.47020E+00  2.27429E-02
  1.76900E+02  8.47142E+00  2.27596E-02
  1.77000E+02  8.47264E+00  2.27762E-02
  1.77100E+02  8.47386E+00  2.27930E-02
  1.77200E+02  8.47508E+00  2.28096E-02
  1.77300E+02  8.47630E+00  2.28263E-02
  1.77400E+02  8.47752E+00  2.28430E-02
  1.77500E+02  8.47874E+00  2.28597E-02
  1.77600E+02  8.47996E+00  2.28762E-02
  1.77700E+02  8.48118E+00  2.28928E-02
  1.77800E+02  8.48239E+00  2.29097E-02
  1.77900E+02  8.48361E+00  2.29262E-02
  1.78000E+02  8.48483E+00  2.29428E-02
  1.78100E+02  8.48605E+00  2.29595E-02
  1.78200E+02  8.48726E+00  2.29760E-02
  1.78300E+02  8.48848E+00  2.29927E-02
  1.78400E+02  8.48969E+00  2.30093E-02
  1.78500E+02  8.49091E+00  2.30259E-02
  1.78600E+02  8.49212E+00  2.30426E-02
  1.78700E+02  8.49334E+00  2.30591E-02
  1.78800E+02  8.49455E+00  2.30757E-02
  1.78900E+02  8.49576E+00  2.30924E-02
  1.79000E+02  8.49697E+00  2.31090E-02
  1.79100E+02  8.49819E+00  2.31256E-02
  1.79200E+02  8.49940E+00  2.31421E-02
  1.79300E+02  8.50061E+00  2.31586E-02
  1.79400E+02  8.50182E+00  2.31752E-02
  1.79500E+02  8.50303E+00  2.31917E-02
  1.79600E+02  8.50424E+00  2.32083E-02
  1.79700E+02  8.50545E+00  2.32249E-02
  1.79800E+02  8.50666E+00  2.32414E-02
  1.79900E+02  8.50787E+00  2.32580E-02
  1.80000E+02  8.50908E+00  2.32745E-02
  1.80100E+02  8.51028E+00  2.32911E-02
  1.80200E+02  8.51149E+00  2.33076E-02
  1.80300E+02  8.51270E+00  2.33239E-02
  1.80400E+02  8.51390E+00  2.33405E-02
  1.80500E+02  8.51511E+00  2.33572E-02
  1.80600E+02  8.51632E+00  2.33735E-02
  1.80700E+02  8.51752E+00  2.33901E-02
  1.80800E+02  8.51873E+00  2.34067E-02
  1.80900E+02  8.51993E+00  2.34231E-02
  1.81000E+02  8.52113E+00  2.34396E-02
  1.81100E+02  8.52234E+00  2.34560E-02
  1.81200E+02  8.52354E+00  2.34724E-02
  1.81300E+02  8.52474E+00  2.34891E-02
  1.81400E+02  8.52594E+00  2.35056E-02
  1.81500E+02  8.52715E+00  2.35219E-02
  1.81600E+02  8.52835E+00  2.35383E-02
  1.81700E+02  8.52955E+00  2.35547E-02
  1.81800E+02  8.53075E+00  2.35713E-02
  1.81900E+02  8.53195E+00  2.35877E-02
  1.82000E+02  8.53315E+00  2.36042E-02
  1.82100E+02  8.53435E+00  2.36207E-02
  1.82200E+02  8.53555E+00  2.36371E-02
  1.82300E+02  8.53674E+00  2.36535E-02
  1.82400E+02  8.53794E+00  2.36699E-02
  1.82500E+02  8.53914E+00  2.36863E-02
  1.82600E+02  8.54034E+00  2.37027E-02
  1.82700E+02  8.54153E+00  2.37191E-02
  1.82800E+02  8.54273E+00  2.37353E-02
  1.82900E+02  8.54392E+00  2.37520E-02
  1.83000E+02  8.54512E+00  2.37685E-02
  1.83100E+02  8.54631E+00  2.37845E-02
  1.83200E+02  8.54751E+00  2.38009E-02
  1.83300E+02  8.54870E+00  2.38174E-02
  1.83400E+02  8.54990E+00  2.38338E-02
  1.83500E+02  8.55109E+00  2.38503E-02
  1.83600E+02  8.55228E+00  2.38665E-02
  1.83700E+02  8.55347E+00  2.38827E-02
  1.83800E+02  8.55467E+00  2.38991E-02
  1.83900E+02  8.55586E+00  2.39156E-02
  1.84000E+02  8.55705E+00  2.39320E-02
  1.84100E+02  8.55824E+00  2.39484E-02
  1.84200E+02  8.55943E+00  2.39645E-02
  1.84300E+02  8.56062E+00  2.39807E-02
  1.84400E+02  8.56181E+00  2.39973E-02
  1.84500E+02  8.56300E+00  2.40135E-02
  1.84600E+02  8.56419E+00  2.40298E-02
  1.84700E+02  8.56537E+00  2.40462E-02
  1.84800E+02  8.56656E+00  2.40624E-02
  1.84900E+02  8.56775E+00  2.40787E-02
  1.85000E+02  8.56893E+00  2.40951E-02
  1.85100E+02  8.57012E+00  2.41113E-02
  1.85200E+02  8.57131E+00  2.41277E-02
  1.85300E+02  8.57249E+00  2.41438E-02
  1.85400E+02  8.57368E+00  2.41601E-02
  1.85500E+02  8.57486E+00  2.41764E-02
  1.85600E+02  8.57605E+00  2.41928E-02
  1.85700E+02  8.57723E+00  2.42090E-02
  1.85800E+02  8.57841E+00  2.42252E-02
  1.85900E+02  8.57960E+00  2.42414E-02
  1.86000E+02  8.58078E+00  2.42576E-02
  1.86100E+02  8.58196E+00  2.42740E-02
  1.86200E+02  8.58314E+00  2.42903E-02
  1.86300E+02  8.58432E+00  2.43064E-02
  1.86400E+02  8.58551E+00  2.43226E-02
  1.86500E+02  8.58669E+00  2.43389E-02
  1.86600E+02  8.58787E+00  2.43550E-02
  1.86700E+02  8.58905E+00  2.43714E-02
  1.86800E+02  8.59022E+00  2.43875E-02
  1.86900E+02  8.59140E+00  2.44036E-02
  1.87000E+02  8.59258E+00  2.44199E-02
  1.87100E+02  8.59376E+00  2.44362E-02
  1.87200E+02  8.59494E+00  2.44523E-02
  1.87300E+02  8.59611E+00  2.44684E-02
  1.87400E+02  8.59729E+00  2.44847E-02
  1.87500E+02  8.59847E+00  2.45008E-02
  1.87600E+02  8.59964E+00  2.45170E-02
  1.87700E+02  8.60082E+00  2.45332E-02
  1.87800E+02  8.60199E+00  2.45493E-02
  1.87900E+02  8.60317E+00  2.45654E-02
  1.88000E+02  8.60434E+00  2.45817E-02
  1.88100E+02  8.60552E+00  2.45978E-02
  1.88200E+02  8.60669E+00  2.46138E-02
  1.88300E+02  8.60786E+00  2.46301E-02
  1.88400E+02  8.60904E+00  2.46462E-02
  1.88500E+02  8.61021E+00  2.46622E-02
  1.88600E+02  8.61138E+00  2.46785E-02
  1.88700E+02  8.61255E+00  2.46946E-02
  1.88800E+02  8.61372E+00  2.47105E-02
  1.88900E+02  8.61489E+00  2.47266E-02
  1.89000E+02  8.61606E+00  2.47429E-02
  1.89100E+02  8.61723E+00  2.47589E-02
  1.89200E+02  8.61840E+00  2.47751E-02
  1.89300E+02  8.61957E+00  2.47912E-02
  1.89400E+02  8.62074E+00  2.48072E-02
  1.89500E+02  8.62191E+00  2.48234E-02
  1.89600E+02  8.62308E+00  2.48393E-02
  1.89700E+02  8.62424E+00  2.48554E-02
  1.89800E+02  8.62541E+00  2.48714E-02
  1.89900E+02  8.62658E+00  2.48877E-02
  1.90000E+02  8.62774E+00  2.49037E-02
  1.90100E+02  8.62891E+00  2.49197E-02
  1.90200E+02  8.63008E+00  2.49357E-02
  1.90300E+02  8.63124E+00  2.49517E-02
  1.90400E+02  8.63240E+00  2.49680E-02
  1.90500E+02  8.63357E+00  2.49839E-02
  1.90600E+02  8.63473E+00  2.49998E-02
  1.90700E+02  8.63590E+00  2.50159E-02
  1.90800E+02  8.63706E+00  2.50319E-02
  1.90900E+02  8.63822E+00  2.50481E-02
  1.91000E+02  8.63938E+00  2.50639E-02
  1.91100E+02  8.64055E+00  2.50798E-02
  1.91200E+02  8.64171E+00  2.50960E-02
  1.91300E+02  8.64287E+00  2.51119E-02
  1.91400E+02  8.64403E+00  2.51279E-02
  1.91500E+02  8.64519E+00  2.51439E-02
  1.91600E+02  8.64635E+00  2.51601E-02
  1.91700E+02  8.64751E+00  2.51759E-02
  1.91800E+02  8.64867E+00  2.51919E-02
  1.91900E+02  8.64983E+00  2.52079E-02
  1.92000E+02  8.65098E+00  2.52238E-02
  1.92100E+02  8.65214E+00  2.52399E-02
  1.92200E+02  8.65330E+00  2.52557E-02
  1.92300E+02  8.65446E+00  2.52715E-02
  1.92400E+02  8.65561E+00  2.52876E-02
  1.92500E+02  8.65677E+00  2.53036E-02
  1.92600E+02  8.65792E+00  2.53196E-02
  1.92700E+02  8.65908E+00  2.53355E-02
  1.92800E+02  8.66023E+00  2.53512E-02
  1.92900E+02  8.66139E+00  2.53673E-02
  1.93000E+02  8.66254E+00  2.53834E-02
  1.93100E+02  8.66370E+00  2.53992E-02
  1.93200E+02  8.66485E+00  2.54149E-02
  1.93300E+02  8.66600E+00  2.54310E-02
  1.93400E+02  8.66716E+00  2.54468E-02
  1.93500E+02  8.66831E+00  2.54627E-02
  1.93600E+02  8.66946E+00  2.54788E-02
  1.93700E+02  8.67061E+00  2.54945E-02
  1.93800E+02  8.67176E+00  2.55103E-02
  1.93900E+02  8.67291E+00  2.55263E-02
  1.94000E+02  8.67406E+00  2.55422E-02
  1.94100E+02  8.67521E+00  2.55581E-02
  1.94200E+02  8.67636E+00  2.55739E-02
  1.94300E+02  8.67751E+00  2.55897E-02
  1.94400E+02  8.67866E+00  2.56057E-02
  1.94500E+02  8.67981E+00  2.56214E-02
  1.94600E+02  8.68096E+00  2.56372E-02
  1.94700E+02  8.68211E+00  2.56531E-02
  1.94800E+02  8.68325E+00  2.56689E-02
  1.94900E+02  8.68440E+00  2.56850E-02
  1.95000E+02  8.68555E+00  2.57007E-02
  1.95100E+02  8.68669E+00  2.57164E-02
  1.95200E+02  8.68784E+00  2.57323E-02
  1.95300E+02  8.68898E+00  2.57481E-02
  1.95400E+02  8.69013E+00  2.57639E-02
  1.95500E+02  8.69127E+00  2.57797E-02
  1.95600E+02  8.69242E+00  2.57955E-02
  1.95700E+02  8.69356E+00  2.58113E-02
  1.95800E+02  8.69470E+00  2.58271E-02
  1.95900E+02  8.69585E+00  2.58430E-02
  1.96000E+02  8.69699E+00  2.58587E-02
  1.96100E+02  8.69813E+00  2.58744E-02
  1.96200E+02  8.69927E+00  2.58902E-02
  1.96300E+02  8.70041E+00  2.59060E-02
  1.96400E+02  8.70155E+00  2.59217E-02
  1.96500E+02  8.70270E+00  2.59374E-02
  1.96600E+02  8.70384E+00  2.59533E-02
  1.96700E+02  8.70498E+00  2.59691E-02
  1.96800E+02  8.70612E+00  2.59848E-02
  1.96900E+02  8.70725E+00  2.60005E-02
  1.97000E+02  8.70839E+00  2.60163E-02
  1.97100E+02  8.70953E+00  2.60320E-02
  1.97200E+02  8.71067E+00  2.60477E-02
  1.97300E+02  8.71181E+00  2.60636E-02
  1.97400E+02  8.71294E+00  2.60792E-02
  1.97500E+02  8.71408E+00  2.60948E-02
  1.97600E+02  8.71522E+00  2.61106E-02
  1.97700E+02  8.71635E+00  2.61263E-02
  1.97800E+02  8.71749E+00  2.61420E-02
  1.97900E+02  8.71862E+00  2.61577E-02
  1.98000E+02  8.71976E+00  2.61734E-02
  1.98100E+02  8.72089E+00  2.61891E-02
  1.98200E+02  8.72203E+00  2.62048E-02
  1.98300E+02  8.72316E+00  2.62205E-02
  1.98400E+02  8.72430E+00  2.62362E-02
  1.98500E+02  8.72543E+00  2.62519E-02
  1.98600E+02  8.72656E+00  2.62674E-02
  1.98700E+02  8.72769E+00  2.62830E-02
  1.98800E+02  8.72883E+00  2.62989E-02
  1.98900E+02  8.72996E+00  2.63146E-02
  1.99000E+02  8.73109E+00  2.63302E-02
  1.99100E+02  8.73222E+00  2.63457E-02
  1.99200E+02  8.73335E+00  2.63614E-02
  1.99300E+02  8.73448E+00  2.63770E-02
  1.99400E+02  8.73561E+00  2.63926E-02
  1.99500E+02  8.73674E+00  2.64083E-02
  1.99600E+02  8.73787E+00  2.64240E-02
  1.99700E+02  8.73900E+00  2.64394E-02
  1.99800E+02  8.74012E+00  2.64551E-02
  1.99900E+02  8.74588E+00  4.62986E+01
  2.00000E+02  8.75162E+00  9.28000E+01
