@page size 600,600
@view 0.12,0.1,0.97,0.93
@subtitle "PHOENIX module phox, 01/24/18 at 16:19:09 -08:00"
@xaxes scale Normal
@yaxes scale Normal
@xaxis label "energy (meV)"
@yaxis label "three and higher phonon contribution (1/eV)"
@type xy
 -7.96421E+01  3.58676E-04
 -7.93924E+01  3.66844E-04
 -7.91428E+01  3.82136E-04
 -7.88931E+01  3.87278E-04
 -7.86434E+01  3.89706E-04
 -7.83938E+01  4.06971E-04
 -7.81441E+01  4.19939E-04
 -7.78944E+01  4.20828E-04
 -7.76448E+01  4.30521E-04
 -7.73951E+01  4.46637E-04
 -7.71455E+01  4.55556E-04
 -7.68958E+01  4.62119E-04
 -7.66461E+01  4.72454E-04
 -7.63965E+01  4.85063E-04
 -7.61468E+01  4.97689E-04
 -7.58972E+01  5.05268E-04
 -7.56475E+01  5.11692E-04
 -7.53978E+01  5.29282E-04
 -7.51482E+01  5.43702E-04
 -7.48985E+01  5.44377E-04
 -7.46488E+01  5.56841E-04
 -7.43992E+01  5.78716E-04
 -7.41495E+01  5.84267E-04
 -7.38999E+01  5.88526E-04
 -7.36502E+01  6.08584E-04
 -7.34005E+01  6.25261E-04
 -7.31509E+01  6.27737E-04
 -7.29012E+01  6.36471E-04
 -7.26516E+01  6.59498E-04
 -7.24019E+01  6.73719E-04
 -7.21522E+01  6.74932E-04
 -7.19026E+01  6.87757E-04
 -7.16529E+01  7.11000E-04
 -7.14032E+01  7.22095E-04
 -7.11536E+01  7.26823E-04
 -7.09039E+01  7.42507E-04
 -7.06543E+01  7.61961E-04
 -7.04046E+01  7.73581E-04
 -7.01549E+01  7.82012E-04
 -6.99053E+01  7.96647E-04
 -6.96556E+01  8.16325E-04
 -6.94060E+01  8.30305E-04
 -6.91563E+01  8.37155E-04
 -6.89066E+01  8.52512E-04
 -6.86570E+01  8.76476E-04
 -6.84073E+01  8.87083E-04
 -6.81576E+01  8.92934E-04
 -6.79080E+01  9.17069E-04
 -6.76583E+01  9.37368E-04
 -6.74087E+01  9.41182E-04
 -6.71590E+01  9.56702E-04
 -6.69093E+01  9.82318E-04
 -6.66597E+01  9.95669E-04
 -6.64100E+01  1.00411E-03
 -6.61603E+01  1.02324E-03
 -6.59107E+01  1.04531E-03
 -6.56610E+01  1.05762E-03
 -6.54114E+01  1.07136E-03
 -6.51617E+01  1.09232E-03
 -6.49120E+01  1.10783E-03
 -6.46624E+01  1.12214E-03
 -6.44127E+01  1.14277E-03
 -6.41631E+01  1.16086E-03
 -6.39134E+01  1.17425E-03
 -6.36637E+01  1.19185E-03
 -6.34141E+01  1.21411E-03
 -6.31644E+01  1.23040E-03
 -6.29147E+01  1.24306E-03
 -6.26651E+01  1.26634E-03
 -6.24154E+01  1.28953E-03
 -6.21658E+01  1.29941E-03
 -6.19161E+01  1.31591E-03
 -6.16664E+01  1.34467E-03
 -6.14168E+01  1.36312E-03
 -6.11671E+01  1.37415E-03
 -6.09175E+01  1.39596E-03
 -6.06678E+01  1.42192E-03
 -6.04181E+01  1.43935E-03
 -6.01685E+01  1.45490E-03
 -5.99188E+01  1.47647E-03
 -5.96691E+01  1.50130E-03
 -5.94195E+01  1.52392E-03
 -5.91698E+01  1.53664E-03
 -5.89202E+01  1.55290E-03
 -5.86705E+01  1.59077E-03
 -5.84208E+01  1.61447E-03
 -5.81712E+01  1.61192E-03
 -5.79215E+01  1.63931E-03
 -5.76719E+01  1.68676E-03
 -5.74222E+01  1.69600E-03
 -5.71725E+01  1.69639E-03
 -5.69229E+01  1.73579E-03
 -5.66732E+01  1.77755E-03
 -5.64235E+01  1.78158E-03
 -5.61739E+01  1.78848E-03
 -5.59242E+01  1.83295E-03
 -5.56746E+01  1.87018E-03
 -5.54249E+01  1.87418E-03
 -5.51752E+01  1.88894E-03
 -5.49256E+01  1.93144E-03
 -5.46759E+01  1.96412E-03
 -5.44262E+01  1.97491E-03
 -5.41766E+01  1.99458E-03
 -5.39269E+01  2.03390E-03
 -5.36773E+01  2.06433E-03
 -5.34276E+01  2.07767E-03
 -5.31779E+01  2.10618E-03
 -5.29283E+01  2.14566E-03
 -5.26786E+01  2.16569E-03
 -5.24290E+01  2.18762E-03
 -5.21793E+01  2.22704E-03
 -5.19296E+01  2.25433E-03
 -5.16800E+01  2.27414E-03
 -5.14303E+01  2.31158E-03
 -5.11806E+01  2.34622E-03
 -5.09310E+01  2.36582E-03
 -5.06813E+01  2.39635E-03
 -5.04317E+01  2.43603E-03
 -5.01820E+01  2.46592E-03
 -4.99323E+01  2.49212E-03
 -4.96827E+01  2.52265E-03
 -4.94330E+01  2.55887E-03
 -4.91834E+01  2.59660E-03
 -4.89337E+01  2.62420E-03
 -4.86840E+01  2.65135E-03
 -4.84344E+01  2.69325E-03
 -4.81847E+01  2.73128E-03
 -4.79350E+01  2.75595E-03
 -4.76854E+01  2.79038E-03
 -4.74357E+01  2.83659E-03
 -4.71861E+01  2.86985E-03
 -4.69364E+01  2.89313E-03
 -4.66867E+01  2.93808E-03
 -4.64371E+01  2.98985E-03
 -4.61874E+01  3.00881E-03
 -4.59378E+01  3.03553E-03
 -4.56881E+01  3.10536E-03
 -4.54384E+01  3.14513E-03
 -4.51888E+01  3.14570E-03
 -4.49391E+01  3.20159E-03
 -4.46894E+01  3.27809E-03
 -4.44398E+01  3.29012E-03
 -4.41901E+01  3.31012E-03
 -4.39405E+01  3.38343E-03
 -4.36908E+01  3.43134E-03
 -4.34411E+01  3.45310E-03
 -4.31915E+01  3.49940E-03
 -4.29418E+01  3.55076E-03
 -4.26921E+01  3.59461E-03
 -4.24425E+01  3.64070E-03
 -4.21928E+01  3.67902E-03
 -4.19432E+01  3.72330E-03
 -4.16935E+01  3.78345E-03
 -4.14438E+01  3.82624E-03
 -4.11942E+01  3.85797E-03
 -4.09445E+01  3.91678E-03
 -4.06949E+01  3.97659E-03
 -4.04452E+01  4.01100E-03
 -4.01955E+01  4.05583E-03
 -3.99459E+01  4.12081E-03
 -3.96962E+01  4.17147E-03
 -3.94465E+01  4.20669E-03
 -3.91969E+01  4.26372E-03
 -3.89472E+01  4.33550E-03
 -3.86976E+01  4.37546E-03
 -3.84479E+01  4.41164E-03
 -3.81982E+01  4.48922E-03
 -3.79486E+01  4.55342E-03
 -3.76989E+01  4.58195E-03
 -3.74493E+01  4.64289E-03
 -3.71996E+01  4.72387E-03
 -3.69499E+01  4.76560E-03
 -3.67003E+01  4.80917E-03
 -3.64506E+01  4.88916E-03
 -3.62009E+01  4.95181E-03
 -3.59513E+01  4.99171E-03
 -3.57016E+01  5.05726E-03
 -3.54520E+01  5.12873E-03
 -3.52023E+01  5.17835E-03
 -3.49526E+01  5.23837E-03
 -3.47030E+01  5.30949E-03
 -3.44533E+01  5.36335E-03
 -3.42037E+01  5.41843E-03
 -3.39540E+01  5.48897E-03
 -3.37043E+01  5.55312E-03
 -3.34547E+01  5.60983E-03
 -3.32050E+01  5.67218E-03
 -3.29553E+01  5.73425E-03
 -3.27057E+01  5.79837E-03
 -3.24560E+01  5.86805E-03
 -3.22064E+01  5.92703E-03
 -3.19567E+01  5.98260E-03
 -3.17070E+01  6.05856E-03
 -3.14574E+01  6.13473E-03
 -3.12077E+01  6.18068E-03
 -3.09581E+01  6.23478E-03
 -3.07084E+01  6.33413E-03
 -3.04587E+01  6.40812E-03
 -3.02091E+01  6.43016E-03
 -2.99594E+01  6.50626E-03
 -2.97097E+01  6.62269E-03
 -2.94601E+01  6.66184E-03
 -2.92104E+01  6.69370E-03
 -2.89608E+01  6.80644E-03
 -2.87111E+01  6.89111E-03
 -2.84614E+01  6.91582E-03
 -2.82118E+01  6.98878E-03
 -2.79621E+01  7.09129E-03
 -2.77124E+01  7.14934E-03
 -2.74628E+01  7.20091E-03
 -2.72131E+01  7.27902E-03
 -2.69635E+01  7.35674E-03
 -2.67138E+01  7.42559E-03
 -2.64641E+01  7.49204E-03
 -2.62145E+01  7.55875E-03
 -2.59648E+01  7.62982E-03
 -2.57152E+01  7.70505E-03
 -2.54655E+01  7.77805E-03
 -2.52158E+01  7.84173E-03
 -2.49662E+01  7.90732E-03
 -2.47165E+01  7.98978E-03
 -2.44668E+01  8.06607E-03
 -2.42172E+01  8.11967E-03
 -2.39675E+01  8.19202E-03
 -2.37179E+01  8.28387E-03
 -2.34682E+01  8.34528E-03
 -2.32185E+01  8.40374E-03
 -2.29689E+01  8.49001E-03
 -2.27192E+01  8.56285E-03
 -2.24696E+01  8.62613E-03
 -2.22199E+01  8.70469E-03
 -2.19702E+01  8.77500E-03
 -2.17206E+01  8.83966E-03
 -2.14709E+01  8.91776E-03
 -2.12212E+01  8.99198E-03
 -2.09716E+01  9.05434E-03
 -2.07219E+01  9.12416E-03
 -2.04723E+01  9.20450E-03
 -2.02226E+01  9.27126E-03
 -1.99729E+01  9.32629E-03
 -1.97233E+01  9.40549E-03
 -1.94736E+01  9.49235E-03
 -1.92240E+01  9.53786E-03
 -1.89743E+01  9.58928E-03
 -1.87246E+01  9.69716E-03
 -1.84750E+01  9.76972E-03
 -1.82253E+01  9.78422E-03
 -1.79756E+01  9.86926E-03
 -1.77260E+01  9.98680E-03
 -1.74763E+01  1.00146E-02
 -1.72267E+01  1.00483E-02
 -1.69770E+01  1.01593E-02
 -1.67273E+01  1.02365E-02
 -1.64777E+01  1.02712E-02
 -1.62280E+01  1.03405E-02
 -1.59783E+01  1.04138E-02
 -1.57287E+01  1.04780E-02
 -1.54790E+01  1.05569E-02
 -1.52294E+01  1.06100E-02
 -1.49797E+01  1.06573E-02
 -1.47300E+01  1.07531E-02
 -1.44804E+01  1.08279E-02
 -1.42307E+01  1.08525E-02
 -1.39811E+01  1.09254E-02
 -1.37314E+01  1.10331E-02
 -1.34817E+01  1.10758E-02
 -1.32321E+01  1.11041E-02
 -1.29824E+01  1.12069E-02
 -1.27327E+01  1.12983E-02
 -1.24831E+01  1.13143E-02
 -1.22334E+01  1.13745E-02
 -1.19838E+01  1.14879E-02
 -1.17341E+01  1.15372E-02
 -1.14844E+01  1.15724E-02
 -1.12348E+01  1.16616E-02
 -1.09851E+01  1.17355E-02
 -1.07355E+01  1.17838E-02
 -1.04858E+01  1.18537E-02
 -1.02361E+01  1.19212E-02
 -9.98647E+00  1.19778E-02
 -9.73681E+00  1.20558E-02
 -9.48714E+00  1.21246E-02
 -9.23748E+00  1.21638E-02
 -8.98782E+00  1.22351E-02
 -8.73816E+00  1.23305E-02
 -8.48850E+00  1.23734E-02
 -8.23884E+00  1.24123E-02
 -7.98917E+00  1.25153E-02
 -7.73951E+00  1.25902E-02
 -7.48985E+00  1.26061E-02
 -7.24019E+00  1.26842E-02
 -6.99053E+00  1.27960E-02
 -6.74087E+00  1.28269E-02
 -6.49120E+00  1.28615E-02
 -6.24154E+00  1.29678E-02
 -5.99188E+00  1.30437E-02
 -5.74222E+00  1.30784E-02
 -5.49256E+00  1.31476E-02
 -5.24290E+00  1.32239E-02
 -4.99323E+00  1.32850E-02
 -4.74357E+00  1.33632E-02
 -4.49391E+00  1.34244E-02
 -4.24425E+00  1.34638E-02
 -3.99459E+00  1.35524E-02
 -3.74493E+00  1.36508E-02
 -3.49526E+00  1.36798E-02
 -3.24560E+00  1.37179E-02
 -2.99594E+00  1.38332E-02
 -2.74628E+00  1.39220E-02
 -2.49662E+00  1.39337E-02
 -2.24696E+00  1.39892E-02
 -1.99729E+00  1.41123E-02
 -1.74763E+00  1.41795E-02
 -1.49797E+00  1.41964E-02
 -1.24831E+00  1.42715E-02
 -9.98647E-01  1.43797E-02
 -7.48985E-01  1.44386E-02
 -4.99323E-01  1.44755E-02
 -2.49662E-01  1.45470E-02
  0.00000E+00  1.46419E-02
  2.49662E-01  1.47174E-02
  4.99323E-01  1.47579E-02
  7.48985E-01  1.48130E-02
  9.98647E-01  1.49213E-02
  1.24831E+00  1.50079E-02
  1.49797E+00  1.50301E-02
  1.74763E+00  1.50926E-02
  1.99729E+00  1.52200E-02
  2.24696E+00  1.52885E-02
  2.49662E+00  1.53055E-02
  2.74628E+00  1.53948E-02
  2.99594E+00  1.55169E-02
  3.24560E+00  1.55596E-02
  3.49526E+00  1.55954E-02
  3.74493E+00  1.57067E-02
  3.99459E+00  1.57986E-02
  4.24425E+00  1.58397E-02
  4.49391E+00  1.59049E-02
  4.74357E+00  1.59937E-02
  4.99323E+00  1.60799E-02
  5.24290E+00  1.61465E-02
  5.49256E+00  1.61952E-02
  5.74222E+00  1.62771E-02
  5.99188E+00  1.63823E-02
  6.24154E+00  1.64399E-02
  6.49120E+00  1.64789E-02
  6.74087E+00  1.65726E-02
  6.99053E+00  1.66775E-02
  7.24019E+00  1.67306E-02
  7.48985E+00  1.67768E-02
  7.73951E+00  1.68642E-02
  7.98917E+00  1.69647E-02
  8.23884E+00  1.70330E-02
  8.48850E+00  1.70740E-02
  8.73816E+00  1.71517E-02
  8.98782E+00  1.72674E-02
  9.23748E+00  1.73333E-02
  9.48714E+00  1.73636E-02
  9.73681E+00  1.74531E-02
  9.98647E+00  1.75670E-02
  1.02361E+01  1.76238E-02
  1.04858E+01  1.76675E-02
  1.07355E+01  1.77556E-02
  1.09851E+01  1.78535E-02
  1.12348E+01  1.79186E-02
  1.14844E+01  1.79676E-02
  1.17341E+01  1.80525E-02
  1.19838E+01  1.81488E-02
  1.22334E+01  1.81980E-02
  1.24831E+01  1.82594E-02
  1.27327E+01  1.83588E-02
  1.29824E+01  1.84240E-02
  1.32321E+01  1.84752E-02
  1.34817E+01  1.85558E-02
  1.37314E+01  1.86345E-02
  1.39811E+01  1.87028E-02
  1.42307E+01  1.87648E-02
  1.44804E+01  1.88222E-02
  1.47300E+01  1.89037E-02
  1.49797E+01  1.89889E-02
  1.52294E+01  1.90365E-02
  1.54790E+01  1.90858E-02
  1.57287E+01  1.91764E-02
  1.59783E+01  1.92576E-02
  1.62280E+01  1.92973E-02
  1.64777E+01  1.93552E-02
  1.67273E+01  1.94439E-02
  1.69770E+01  1.95066E-02
  1.72267E+01  1.95529E-02
  1.74763E+01  1.96212E-02
  1.77260E+01  1.96931E-02
  1.79756E+01  1.97513E-02
  1.82253E+01  1.98052E-02
  1.84750E+01  1.98611E-02
  1.87246E+01  1.99280E-02
  1.89743E+01  1.99917E-02
  1.92240E+01  2.00321E-02
  1.94736E+01  2.00818E-02
  1.97233E+01  2.01542E-02
  1.99729E+01  2.02041E-02
  2.02226E+01  2.02306E-02
  2.04723E+01  2.02810E-02
  2.07219E+01  2.03534E-02
  2.09716E+01  2.03960E-02
  2.12212E+01  2.04042E-02
  2.14709E+01  2.04468E-02
  2.17206E+01  2.05270E-02
  2.19702E+01  2.05529E-02
  2.22199E+01  2.05453E-02
  2.24696E+01  2.05976E-02
  2.27192E+01  2.06666E-02
  2.29689E+01  2.06725E-02
  2.32185E+01  2.06699E-02
  2.34682E+01  2.07231E-02
  2.37179E+01  2.07692E-02
  2.39675E+01  2.07687E-02
  2.42172E+01  2.07788E-02
  2.44668E+01  2.08196E-02
  2.47165E+01  2.08516E-02
  2.49662E+01  2.08513E-02
  2.52158E+01  2.08551E-02
  2.54655E+01  2.08957E-02
  2.57152E+01  2.09175E-02
  2.59648E+01  2.09026E-02
  2.62145E+01  2.09179E-02
  2.64641E+01  2.09483E-02
  2.67138E+01  2.09428E-02
  2.69635E+01  2.09387E-02
  2.72131E+01  2.09533E-02
  2.74628E+01  2.09563E-02
  2.77124E+01  2.09521E-02
  2.79621E+01  2.09497E-02
  2.82118E+01  2.09472E-02
  2.84614E+01  2.09399E-02
  2.87111E+01  2.09290E-02
  2.89608E+01  2.09291E-02
  2.92104E+01  2.09219E-02
  2.94601E+01  2.08924E-02
  2.97097E+01  2.08831E-02
  2.99594E+01  2.08883E-02
  3.02091E+01  2.08593E-02
  3.04587E+01  2.08262E-02
  3.07084E+01  2.08297E-02
  3.09581E+01  2.08223E-02
  3.12077E+01  2.07758E-02
  3.14574E+01  2.07525E-02
  3.17070E+01  2.07579E-02
  3.19567E+01  2.07303E-02
  3.22064E+01  2.06898E-02
  3.24560E+01  2.06727E-02
  3.27057E+01  2.06562E-02
  3.29553E+01  2.06316E-02
  3.32050E+01  2.05960E-02
  3.34547E+01  2.05593E-02
  3.37043E+01  2.05454E-02
  3.39540E+01  2.05176E-02
  3.42037E+01  2.04669E-02
  3.44533E+01  2.04378E-02
  3.47030E+01  2.04076E-02
  3.49526E+01  2.03604E-02
  3.52023E+01  2.03283E-02
  3.54520E+01  2.02839E-02
  3.57016E+01  2.02257E-02
  3.59513E+01  2.01961E-02
  3.62009E+01  2.01569E-02
  3.64506E+01  2.00872E-02
  3.67003E+01  2.00390E-02
  3.69499E+01  2.00050E-02
  3.71996E+01  1.99482E-02
  3.74493E+01  1.98859E-02
  3.76989E+01  1.98348E-02
  3.79486E+01  1.97928E-02
  3.81982E+01  1.97385E-02
  3.84479E+01  1.96662E-02
  3.86976E+01  1.96216E-02
  3.89472E+01  1.95839E-02
  3.91969E+01  1.95119E-02
  3.94465E+01  1.94517E-02
  3.96962E+01  1.94109E-02
  3.99459E+01  1.93553E-02
  4.01955E+01  1.92940E-02
  4.04452E+01  1.92384E-02
  4.06949E+01  1.91835E-02
  4.09445E+01  1.91297E-02
  4.11942E+01  1.90780E-02
  4.14438E+01  1.90126E-02
  4.16935E+01  1.89520E-02
  4.19432E+01  1.89143E-02
  4.21928E+01  1.88504E-02
  4.24425E+01  1.87707E-02
  4.26921E+01  1.87326E-02
  4.29418E+01  1.86907E-02
  4.31915E+01  1.86094E-02
  4.34411E+01  1.85441E-02
  4.36908E+01  1.85034E-02
  4.39405E+01  1.84448E-02
  4.41901E+01  1.83765E-02
  4.44398E+01  1.83239E-02
  4.46894E+01  1.82668E-02
  4.49391E+01  1.81993E-02
  4.51888E+01  1.81494E-02
  4.54384E+01  1.80989E-02
  4.56881E+01  1.80262E-02
  4.59378E+01  1.79684E-02
  4.61874E+01  1.79296E-02
  4.64371E+01  1.78648E-02
  4.66867E+01  1.77925E-02
  4.69364E+01  1.77497E-02
  4.71861E+01  1.77020E-02
  4.74357E+01  1.76294E-02
  4.76854E+01  1.75706E-02
  4.79350E+01  1.75299E-02
  4.81847E+01  1.74692E-02
  4.84344E+01  1.73998E-02
  4.86840E+01  1.73528E-02
  4.89337E+01  1.73000E-02
  4.91834E+01  1.72366E-02
  4.94330E+01  1.71843E-02
  4.96827E+01  1.71234E-02
  4.99323E+01  1.70633E-02
  5.01820E+01  1.70187E-02
  5.04317E+01  1.69602E-02
  5.06813E+01  1.68866E-02
  5.09310E+01  1.68368E-02
  5.11806E+01  1.68001E-02
  5.14303E+01  1.67277E-02
  5.16800E+01  1.66535E-02
  5.19296E+01  1.66211E-02
  5.21793E+01  1.65727E-02
  5.24290E+01  1.64904E-02
  5.26786E+01  1.64358E-02
  5.29283E+01  1.63982E-02
  5.31779E+01  1.63353E-02
  5.34276E+01  1.62698E-02
  5.36773E+01  1.62198E-02
  5.39269E+01  1.61641E-02
  5.41766E+01  1.61045E-02
  5.44262E+01  1.60526E-02
  5.46759E+01  1.59937E-02
  5.49256E+01  1.59380E-02
  5.51752E+01  1.58915E-02
  5.54249E+01  1.58243E-02
  5.56746E+01  1.57650E-02
  5.59242E+01  1.57353E-02
  5.61739E+01  1.56670E-02
  5.64235E+01  1.55882E-02
  5.66732E+01  1.55695E-02
  5.69229E+01  1.55241E-02
  5.71725E+01  1.54272E-02
  5.74222E+01  1.53852E-02
  5.76719E+01  1.53662E-02
  5.79215E+01  1.52882E-02
  5.81712E+01  1.52145E-02
  5.84208E+01  1.51904E-02
  5.86705E+01  1.51406E-02
  5.89202E+01  1.50562E-02
  5.91698E+01  1.50106E-02
  5.94195E+01  1.49738E-02
  5.96691E+01  1.49003E-02
  5.99188E+01  1.48392E-02
  6.01685E+01  1.47968E-02
  6.04181E+01  1.47293E-02
  6.06678E+01  1.46581E-02
  6.09175E+01  1.46139E-02
  6.11671E+01  1.45616E-02
  6.14168E+01  1.44776E-02
  6.16664E+01  1.44099E-02
  6.19161E+01  1.43755E-02
  6.21658E+01  1.43085E-02
  6.24154E+01  1.42149E-02
  6.26651E+01  1.41642E-02
  6.29147E+01  1.41196E-02
  6.31644E+01  1.40360E-02
  6.34141E+01  1.39623E-02
  6.36637E+01  1.39043E-02
  6.39134E+01  1.38419E-02
  6.41631E+01  1.37747E-02
  6.44127E+01  1.36913E-02
  6.46624E+01  1.36286E-02
  6.49120E+01  1.35804E-02
  6.51617E+01  1.34867E-02
  6.54114E+01  1.34019E-02
  6.56610E+01  1.33697E-02
  6.59107E+01  1.32964E-02
  6.61603E+01  1.31761E-02
  6.64100E+01  1.31209E-02
  6.66597E+01  1.30898E-02
  6.69093E+01  1.29786E-02
  6.71590E+01  1.28723E-02
  6.74087E+01  1.28354E-02
  6.76583E+01  1.27663E-02
  6.79080E+01  1.26463E-02
  6.81576E+01  1.25676E-02
  6.84073E+01  1.25192E-02
  6.86570E+01  1.24223E-02
  6.89066E+01  1.23085E-02
  6.91563E+01  1.22434E-02
  6.94060E+01  1.21793E-02
  6.96556E+01  1.20653E-02
  6.99053E+01  1.19613E-02
  7.01549E+01  1.19018E-02
  7.04046E+01  1.18228E-02
  7.06543E+01  1.17027E-02
  7.09039E+01  1.16067E-02
  7.11536E+01  1.15447E-02
  7.14032E+01  1.14540E-02
  7.16529E+01  1.13326E-02
  7.19026E+01  1.12430E-02
  7.21522E+01  1.11815E-02
  7.24019E+01  1.10756E-02
  7.26516E+01  1.09472E-02
  7.29012E+01  1.08720E-02
  7.31509E+01  1.08047E-02
  7.34005E+01  1.06807E-02
  7.36502E+01  1.05589E-02
  7.38999E+01  1.04881E-02
  7.41495E+01  1.04027E-02
  7.43992E+01  1.02712E-02
  7.46488E+01  1.01641E-02
  7.48985E+01  1.00881E-02
  7.51482E+01  9.97692E-03
  7.53978E+01  9.85012E-03
  7.56475E+01  9.75565E-03
  7.58972E+01  9.66180E-03
  7.61468E+01  9.54190E-03
  7.63965E+01  9.42334E-03
  7.66461E+01  9.31800E-03
  7.68958E+01  9.21656E-03
  7.71455E+01  9.10616E-03
  7.73951E+01  8.98078E-03
  7.76448E+01  8.86376E-03
  7.78944E+01  8.76508E-03
  7.81441E+01  8.65628E-03
  7.83938E+01  8.52908E-03
  7.86434E+01  8.40714E-03
  7.88931E+01  8.30418E-03
  7.91428E+01  8.20170E-03
  7.93924E+01  8.07487E-03
  7.96421E+01  7.94717E-03
  7.98917E+01  7.84431E-03
  8.01414E+01  7.74308E-03
  8.03911E+01  7.61768E-03
  8.06407E+01  7.48581E-03
  8.08904E+01  7.38973E-03
  8.11401E+01  7.29454E-03
  8.13897E+01  7.14720E-03
  8.16394E+01  7.02220E-03
  8.18890E+01  6.95192E-03
  8.21387E+01  6.83550E-03
  8.23884E+01  6.67815E-03
  8.26380E+01  6.57779E-03
  8.28877E+01  6.50192E-03
  8.31373E+01  6.36904E-03
  8.33870E+01  6.22658E-03
  8.36367E+01  6.13612E-03
  8.38863E+01  6.04648E-03
  8.41360E+01  5.91366E-03
  8.43857E+01  5.78342E-03
  8.46353E+01  5.69352E-03
  8.48850E+01  5.60241E-03
  8.51346E+01  5.47058E-03
  8.53843E+01  5.34936E-03
  8.56340E+01  5.26999E-03
  8.58836E+01  5.17298E-03
  8.61333E+01  5.04425E-03
  8.63829E+01  4.93818E-03
  8.66326E+01  4.86260E-03
  8.68823E+01  4.76695E-03
  8.71319E+01  4.64385E-03
  8.73816E+01  4.54983E-03
  8.76313E+01  4.47913E-03
  8.78809E+01  4.37766E-03
  8.81306E+01  4.26826E-03
  8.83802E+01  4.18902E-03
  8.86299E+01  4.11068E-03
  8.88796E+01  4.00954E-03
  8.91292E+01  3.91547E-03
  8.93789E+01  3.83986E-03
  8.96285E+01  3.75609E-03
  8.98782E+01  3.66238E-03
  9.01279E+01  3.57520E-03
  9.03775E+01  3.49583E-03
  9.06272E+01  3.41510E-03
  9.08769E+01  3.32847E-03
  9.11265E+01  3.24007E-03
