  0.00000E+00 -3.64058E-02
  1.00000E-01 -3.63616E-02
  2.00000E-01 -3.63175E-02
  3.00000E-01 -3.62734E-02
  4.00000E-01 -3.62296E-02
  5.00000E-01 -3.61861E-02
  6.00000E-01 -3.61428E-02
  7.00000E-01 -3.60999E-02
  8.00000E-01 -3.60573E-02
  9.00000E-01 -3.60150E-02
  1.00000E+00 -3.59729E-02
  1.10000E+00 -3.59312E-02
  1.20000E+00 -3.58897E-02
  1.30000E+00 -3.58485E-02
  1.40000E+00 -3.58076E-02
  1.50000E+00 -3.57669E-02
  1.60000E+00 -3.57265E-02
  1.70000E+00 -3.56864E-02
  1.80000E+00 -3.56465E-02
  1.90000E+00 -3.56069E-02
  2.00000E+00 -3.55675E-02
  2.10000E+00 -3.55284E-02
  2.20000E+00 -3.54896E-02
  2.30000E+00 -3.54510E-02
  2.40000E+00 -3.54126E-02
  2.50000E+00 -3.53745E-02
  2.60000E+00 -3.53366E-02
  2.70000E+00 -3.52989E-02
  2.80000E+00 -3.52615E-02
  2.90000E+00 -3.52243E-02
  3.00000E+00 -3.51874E-02
  3.10000E+00 -3.51506E-02
  3.20000E+00 -3.51141E-02
  3.30000E+00 -3.50778E-02
  3.40000E+00 -3.50418E-02
  3.50000E+00 -3.50059E-02
  3.60000E+00 -3.49703E-02
  3.70000E+00 -3.49348E-02
  3.80000E+00 -3.48996E-02
  3.90000E+00 -3.48646E-02
  4.00000E+00 -3.48298E-02
  4.10000E+00 -3.47951E-02
  4.20000E+00 -3.47607E-02
  4.30000E+00 -3.47265E-02
  4.40000E+00 -3.46925E-02
  4.50000E+00 -3.46587E-02
  4.60000E+00 -3.46250E-02
  4.70000E+00 -3.45916E-02
  4.80000E+00 -3.45583E-02
  4.90000E+00 -3.45253E-02
  5.00000E+00 -3.44924E-02
  5.10000E+00 -3.44597E-02
  5.20000E+00 -3.44272E-02
  5.30000E+00 -3.43948E-02
  5.40000E+00 -3.43627E-02
  5.50000E+00 -3.43307E-02
  5.60000E+00 -3.42989E-02
  5.70000E+00 -3.42672E-02
  5.80000E+00 -3.42357E-02
  5.90000E+00 -3.42044E-02
  6.00000E+00 -3.41733E-02
  6.10000E+00 -3.41423E-02
  6.20000E+00 -3.41115E-02
  6.30000E+00 -3.40809E-02
  6.40000E+00 -3.40504E-02
  6.50000E+00 -3.40201E-02
  6.60000E+00 -3.39899E-02
  6.70000E+00 -3.39599E-02
  6.80000E+00 -3.39300E-02
  6.90000E+00 -3.39003E-02
  7.00000E+00 -3.38708E-02
  7.10000E+00 -3.38414E-02
  7.20000E+00 -3.38121E-02
  7.30000E+00 -3.37830E-02
  7.40000E+00 -3.37541E-02
  7.50000E+00 -3.37253E-02
  7.60000E+00 -3.36966E-02
  7.70000E+00 -3.36681E-02
  7.80000E+00 -3.36397E-02
  7.90000E+00 -3.36114E-02
  8.00000E+00 -3.35833E-02
  8.10000E+00 -3.35554E-02
  8.20000E+00 -3.35275E-02
  8.30000E+00 -3.34998E-02
  8.40000E+00 -3.34723E-02
  8.50000E+00 -3.34448E-02
  8.60000E+00 -3.34175E-02
  8.70000E+00 -3.33904E-02
  8.80000E+00 -3.33633E-02
  8.90000E+00 -3.33364E-02
  9.00000E+00 -3.33096E-02
  9.10000E+00 -3.32830E-02
  9.20000E+00 -3.32565E-02
  9.30000E+00 -3.32300E-02
  9.40000E+00 -3.32038E-02
  9.50000E+00 -3.31776E-02
  9.60000E+00 -3.31516E-02
  9.70000E+00 -3.31256E-02
  9.80000E+00 -3.30998E-02
  9.90000E+00 -3.30741E-02
  1.00000E+01 -3.30486E-02
  1.01000E+01 -3.30231E-02
  1.02000E+01 -3.29978E-02
  1.03000E+01 -3.29726E-02
  1.04000E+01 -3.29474E-02
  1.05000E+01 -3.29224E-02
  1.06000E+01 -3.28976E-02
  1.07000E+01 -3.28728E-02
  1.08000E+01 -3.28481E-02
  1.09000E+01 -3.28236E-02
  1.10000E+01 -3.27991E-02
  1.11000E+01 -3.27748E-02
  1.12000E+01 -3.27505E-02
  1.13000E+01 -3.27264E-02
  1.14000E+01 -3.27023E-02
  1.15000E+01 -3.26784E-02
  1.16000E+01 -3.26546E-02
  1.17000E+01 -3.26309E-02
  1.18000E+01 -3.26073E-02
  1.19000E+01 -3.25837E-02
  1.20000E+01 -3.25603E-02
  1.21000E+01 -3.25370E-02
  1.22000E+01 -3.25138E-02
  1.23000E+01 -3.24906E-02
  1.24000E+01 -3.24676E-02
  1.25000E+01 -3.24447E-02
  1.26000E+01 -3.24218E-02
  1.27000E+01 -3.23991E-02
  1.28000E+01 -3.23764E-02
  1.29000E+01 -3.23539E-02
  1.30000E+01 -3.23314E-02
  1.31000E+01 -3.23090E-02
  1.32000E+01 -3.22867E-02
  1.33000E+01 -3.22645E-02
  1.34000E+01 -3.22424E-02
  1.35000E+01 -3.22204E-02
  1.36000E+01 -3.21985E-02
  1.37000E+01 -3.21766E-02
  1.38000E+01 -3.21549E-02
  1.39000E+01 -3.21332E-02
  1.40000E+01 -3.21116E-02
  1.41000E+01 -3.20901E-02
  1.42000E+01 -3.20687E-02
  1.43000E+01 -3.20474E-02
  1.44000E+01 -3.20261E-02
  1.45000E+01 -3.20050E-02
  1.46000E+01 -3.19839E-02
  1.47000E+01 -3.19629E-02
  1.48000E+01 -3.19420E-02
  1.49000E+01 -3.19211E-02
  1.50000E+01 -3.19004E-02
  1.51000E+01 -3.18797E-02
  1.52000E+01 -3.18591E-02
  1.53000E+01 -3.18386E-02
  1.54000E+01 -3.18181E-02
  1.55000E+01 -3.17977E-02
  1.56000E+01 -3.17775E-02
  1.57000E+01 -3.17572E-02
  1.58000E+01 -3.17371E-02
  1.59000E+01 -3.17170E-02
  1.60000E+01 -3.16970E-02
  1.61000E+01 -3.16771E-02
  1.62000E+01 -3.16573E-02
  1.63000E+01 -3.16375E-02
  1.64000E+01 -3.16178E-02
  1.65000E+01 -3.15982E-02
  1.66000E+01 -3.15786E-02
  1.67000E+01 -3.15591E-02
  1.68000E+01 -3.15397E-02
  1.69000E+01 -3.15203E-02
  1.70000E+01 -3.15011E-02
  1.71000E+01 -3.14819E-02
  1.72000E+01 -3.14627E-02
  1.73000E+01 -3.14437E-02
  1.74000E+01 -3.14246E-02
  1.75000E+01 -3.14057E-02
  1.76000E+01 -3.13868E-02
  1.77000E+01 -3.13680E-02
  1.78000E+01 -3.13493E-02
  1.79000E+01 -3.13306E-02
  1.80000E+01 -3.13120E-02
  1.81000E+01 -3.12935E-02
  1.82000E+01 -3.12750E-02
  1.83000E+01 -3.12566E-02
  1.84000E+01 -3.12382E-02
  1.85000E+01 -3.12199E-02
  1.86000E+01 -3.12017E-02
  1.87000E+01 -3.11835E-02
  1.88000E+01 -3.11654E-02
  1.89000E+01 -3.11474E-02
  1.90000E+01 -3.11294E-02
  1.91000E+01 -3.11115E-02
  1.92000E+01 -3.10936E-02
  1.93000E+01 -3.10759E-02
  1.94000E+01 -3.10581E-02
  1.95000E+01 -3.10404E-02
  1.96000E+01 -3.10228E-02
  1.97000E+01 -3.10052E-02
  1.98000E+01 -3.09877E-02
  1.99000E+01 -3.09703E-02
  2.00000E+01 -3.09529E-02
  2.01000E+01 -3.09356E-02
  2.02000E+01 -3.09183E-02
  2.03000E+01 -3.09011E-02
  2.04000E+01 -3.08839E-02
  2.05000E+01 -3.08668E-02
  2.06000E+01 -3.08497E-02
  2.07000E+01 -3.08328E-02
  2.08000E+01 -3.08158E-02
  2.09000E+01 -3.07989E-02
  2.10000E+01 -3.07821E-02
  2.11000E+01 -3.07653E-02
  2.12000E+01 -3.07486E-02
  2.13000E+01 -3.07319E-02
  2.14000E+01 -3.07153E-02
  2.15000E+01 -3.06987E-02
  2.16000E+01 -3.06822E-02
  2.17000E+01 -3.06657E-02
  2.18000E+01 -3.06493E-02
  2.19000E+01 -3.06329E-02
  2.20000E+01 -3.06166E-02
  2.21000E+01 -3.06004E-02
  2.22000E+01 -3.05842E-02
  2.23000E+01 -3.05680E-02
  2.24000E+01 -3.05519E-02
  2.25000E+01 -3.05358E-02
  2.26000E+01 -3.05198E-02
  2.27000E+01 -3.05038E-02
  2.28000E+01 -3.04879E-02
  2.29000E+01 -3.04721E-02
  2.30000E+01 -3.04562E-02
  2.31000E+01 -3.04405E-02
  2.32000E+01 -3.04247E-02
  2.33000E+01 -3.04091E-02
  2.34000E+01 -3.03934E-02
  2.35000E+01 -3.03779E-02
  2.36000E+01 -3.03623E-02
  2.37000E+01 -3.03468E-02
  2.38000E+01 -3.03314E-02
  2.39000E+01 -3.03160E-02
  2.40000E+01 -3.03006E-02
  2.41000E+01 -3.02853E-02
  2.42000E+01 -3.02701E-02
  2.43000E+01 -3.02548E-02
  2.44000E+01 -3.02397E-02
  2.45000E+01 -3.02245E-02
  2.46000E+01 -3.02094E-02
  2.47000E+01 -3.01944E-02
  2.48000E+01 -3.01794E-02
  2.49000E+01 -3.01644E-02
  2.50000E+01 -3.01495E-02
  2.51000E+01 -3.01347E-02
  2.52000E+01 -3.01198E-02
  2.53000E+01 -3.01050E-02
  2.54000E+01 -3.00903E-02
  2.55000E+01 -3.00756E-02
  2.56000E+01 -3.00609E-02
  2.57000E+01 -3.00463E-02
  2.58000E+01 -3.00317E-02
  2.59000E+01 -3.00172E-02
  2.60000E+01 -3.00027E-02
  2.61000E+01 -2.99883E-02
  2.62000E+01 -2.99738E-02
  2.63000E+01 -2.99595E-02
  2.64000E+01 -2.99451E-02
  2.65000E+01 -2.99308E-02
  2.66000E+01 -2.99166E-02
  2.67000E+01 -2.99024E-02
  2.68000E+01 -2.98882E-02
  2.69000E+01 -2.98741E-02
  2.70000E+01 -2.98600E-02
  2.71000E+01 -2.98459E-02
  2.72000E+01 -2.98319E-02
  2.73000E+01 -2.98179E-02
  2.74000E+01 -2.98039E-02
  2.75000E+01 -2.97900E-02
  2.76000E+01 -2.97762E-02
  2.77000E+01 -2.97623E-02
  2.78000E+01 -2.97485E-02
  2.79000E+01 -2.97348E-02
  2.80000E+01 -2.97210E-02
  2.81000E+01 -2.97074E-02
  2.82000E+01 -2.96937E-02
  2.83000E+01 -2.96801E-02
  2.84000E+01 -2.96665E-02
  2.85000E+01 -2.96530E-02
  2.86000E+01 -2.96395E-02
  2.87000E+01 -2.96260E-02
  2.88000E+01 -2.96126E-02
  2.89000E+01 -2.95992E-02
  2.90000E+01 -2.95858E-02
  2.91000E+01 -2.95725E-02
  2.92000E+01 -2.95592E-02
  2.93000E+01 -2.95459E-02
  2.94000E+01 -2.95327E-02
  2.95000E+01 -2.95195E-02
  2.96000E+01 -2.95063E-02
  2.97000E+01 -2.94932E-02
  2.98000E+01 -2.94801E-02
  2.99000E+01 -2.94670E-02
  3.00000E+01 -2.94540E-02
  3.01000E+01 -2.94410E-02
  3.02000E+01 -2.94281E-02
  3.03000E+01 -2.94151E-02
  3.04000E+01 -2.94023E-02
  3.05000E+01 -2.93894E-02
  3.06000E+01 -2.93766E-02
  3.07000E+01 -2.93638E-02
  3.08000E+01 -2.93510E-02
  3.09000E+01 -2.93383E-02
  3.10000E+01 -2.93256E-02
  3.11000E+01 -2.93129E-02
  3.12000E+01 -2.93003E-02
  3.13000E+01 -2.92876E-02
  3.14000E+01 -2.92751E-02
  3.15000E+01 -2.92625E-02
  3.16000E+01 -2.92500E-02
  3.17000E+01 -2.92375E-02
  3.18000E+01 -2.92251E-02
  3.19000E+01 -2.92127E-02
  3.20000E+01 -2.92003E-02
  3.21000E+01 -2.91879E-02
  3.22000E+01 -2.91756E-02
  3.23000E+01 -2.91633E-02
  3.24000E+01 -2.91510E-02
  3.25000E+01 -2.91388E-02
  3.26000E+01 -2.91265E-02
  3.27000E+01 -2.91144E-02
  3.28000E+01 -2.91022E-02
  3.29000E+01 -2.90901E-02
  3.30000E+01 -2.90780E-02
  3.31000E+01 -2.90659E-02
  3.32000E+01 -2.90539E-02
  3.33000E+01 -2.90419E-02
  3.34000E+01 -2.90299E-02
  3.35000E+01 -2.90179E-02
  3.36000E+01 -2.90060E-02
  3.37000E+01 -2.89941E-02
  3.38000E+01 -2.89822E-02
  3.39000E+01 -2.89704E-02
  3.40000E+01 -2.89586E-02
  3.41000E+01 -2.89468E-02
  3.42000E+01 -2.89350E-02
  3.43000E+01 -2.89233E-02
  3.44000E+01 -2.89116E-02
  3.45000E+01 -2.88999E-02
  3.46000E+01 -2.88883E-02
  3.47000E+01 -2.88766E-02
  3.48000E+01 -2.88650E-02
  3.49000E+01 -2.88535E-02
  3.50000E+01 -2.88419E-02
  3.51000E+01 -2.88304E-02
  3.52000E+01 -2.88189E-02
  3.53000E+01 -2.88074E-02
  3.54000E+01 -2.87960E-02
  3.55000E+01 -2.87846E-02
  3.56000E+01 -2.87732E-02
  3.57000E+01 -2.87618E-02
  3.58000E+01 -2.87505E-02
  3.59000E+01 -2.87392E-02
  3.60000E+01 -2.87279E-02
  3.61000E+01 -2.87166E-02
  3.62000E+01 -2.87054E-02
  3.63000E+01 -2.86942E-02
  3.64000E+01 -2.86830E-02
  3.65000E+01 -2.86719E-02
  3.66000E+01 -2.86607E-02
  3.67000E+01 -2.86496E-02
  3.68000E+01 -2.86385E-02
  3.69000E+01 -2.86275E-02
  3.70000E+01 -2.86164E-02
  3.71000E+01 -2.86054E-02
  3.72000E+01 -2.85944E-02
  3.73000E+01 -2.85834E-02
  3.74000E+01 -2.85725E-02
  3.75000E+01 -2.85616E-02
  3.76000E+01 -2.85507E-02
  3.77000E+01 -2.85398E-02
  3.78000E+01 -2.85290E-02
  3.79000E+01 -2.85181E-02
  3.80000E+01 -2.85073E-02
  3.81000E+01 -2.84966E-02
  3.82000E+01 -2.84858E-02
  3.83000E+01 -2.84751E-02
  3.84000E+01 -2.84644E-02
  3.85000E+01 -2.84537E-02
  3.86000E+01 -2.84430E-02
  3.87000E+01 -2.84324E-02
  3.88000E+01 -2.84218E-02
  3.89000E+01 -2.84112E-02
  3.90000E+01 -2.84006E-02
  3.91000E+01 -2.83900E-02
  3.92000E+01 -2.83795E-02
  3.93000E+01 -2.83690E-02
  3.94000E+01 -2.83585E-02
  3.95000E+01 -2.83480E-02
  3.96000E+01 -2.83376E-02
  3.97000E+01 -2.83272E-02
  3.98000E+01 -2.83168E-02
  3.99000E+01 -2.83064E-02
  4.00000E+01 -2.82960E-02
  4.01000E+01 -2.82857E-02
  4.02000E+01 -2.82754E-02
  4.03000E+01 -2.82651E-02
  4.04000E+01 -2.82548E-02
  4.05000E+01 -2.82446E-02
  4.06000E+01 -2.82344E-02
  4.07000E+01 -2.82242E-02
  4.08000E+01 -2.82140E-02
  4.09000E+01 -2.82038E-02
  4.10000E+01 -2.81937E-02
  4.11000E+01 -2.81835E-02
  4.12000E+01 -2.81734E-02
  4.13000E+01 -2.81633E-02
  4.14000E+01 -2.81533E-02
  4.15000E+01 -2.81432E-02
  4.16000E+01 -2.81332E-02
  4.17000E+01 -2.81232E-02
  4.18000E+01 -2.81132E-02
  4.19000E+01 -2.81033E-02
  4.20000E+01 -2.80933E-02
  4.21000E+01 -2.80834E-02
  4.22000E+01 -2.80735E-02
  4.23000E+01 -2.80636E-02
  4.24000E+01 -2.80537E-02
  4.25000E+01 -2.80439E-02
  4.26000E+01 -2.80341E-02
  4.27000E+01 -2.80243E-02
  4.28000E+01 -2.80145E-02
  4.29000E+01 -2.80047E-02
  4.30000E+01 -2.79950E-02
  4.31000E+01 -2.79852E-02
  4.32000E+01 -2.79755E-02
  4.33000E+01 -2.79658E-02
  4.34000E+01 -2.79562E-02
  4.35000E+01 -2.79465E-02
  4.36000E+01 -2.79369E-02
  4.37000E+01 -2.79272E-02
  4.38000E+01 -2.79176E-02
  4.39000E+01 -2.79081E-02
  4.40000E+01 -2.78985E-02
  4.41000E+01 -2.78890E-02
  4.42000E+01 -2.78794E-02
  4.43000E+01 -2.78699E-02
  4.44000E+01 -2.78604E-02
  4.45000E+01 -2.78510E-02
  4.46000E+01 -2.78415E-02
  4.47000E+01 -2.78321E-02
  4.48000E+01 -2.78227E-02
  4.49000E+01 -2.78133E-02
  4.50000E+01 -2.78039E-02
  4.51000E+01 -2.77945E-02
  4.52000E+01 -2.77852E-02
  4.53000E+01 -2.77758E-02
  4.54000E+01 -2.77665E-02
  4.55000E+01 -2.77572E-02
  4.56000E+01 -2.77480E-02
  4.57000E+01 -2.77387E-02
  4.58000E+01 -2.77295E-02
  4.59000E+01 -2.77202E-02
  4.60000E+01 -2.77110E-02
  4.61000E+01 -2.77018E-02
  4.62000E+01 -2.76927E-02
  4.63000E+01 -2.76835E-02
  4.64000E+01 -2.76744E-02
  4.65000E+01 -2.76652E-02
  4.66000E+01 -2.76561E-02
  4.67000E+01 -2.76470E-02
  4.68000E+01 -2.76380E-02
  4.69000E+01 -2.76289E-02
  4.70000E+01 -2.76199E-02
  4.71000E+01 -2.76108E-02
  4.72000E+01 -2.76018E-02
  4.73000E+01 -2.75929E-02
  4.74000E+01 -2.75839E-02
  4.75000E+01 -2.75749E-02
  4.76000E+01 -2.75660E-02
  4.77000E+01 -2.75570E-02
  4.78000E+01 -2.75481E-02
  4.79000E+01 -2.75392E-02
  4.80000E+01 -2.75304E-02
  4.81000E+01 -2.75215E-02
  4.82000E+01 -2.75127E-02
  4.83000E+01 -2.75038E-02
  4.84000E+01 -2.74950E-02
  4.85000E+01 -2.74862E-02
  4.86000E+01 -2.74774E-02
  4.87000E+01 -2.74687E-02
  4.88000E+01 -2.74599E-02
  4.89000E+01 -2.74512E-02
  4.90000E+01 -2.74424E-02
  4.91000E+01 -2.74337E-02
  4.92000E+01 -2.74250E-02
  4.93000E+01 -2.74164E-02
  4.94000E+01 -2.74077E-02
  4.95000E+01 -2.73991E-02
  4.96000E+01 -2.73904E-02
  4.97000E+01 -2.73818E-02
  4.98000E+01 -2.73732E-02
  4.99000E+01 -2.73646E-02
  5.00000E+01 -2.73560E-02
