@page size 600,600
@view 0.12,0.1,0.97,0.93
@subtitle "PHOENIX module phox, 01/25/18 at 15:03:03 -08:00"
@xaxes scale Normal
@yaxes scale Normal
@xaxis label "energy (meV)"
@yaxis label "data without elastic peak"
@s0 errorbar size 0.0
@type xydy
 -8.10939E+01 -3.62374E+00  0.00000E+00
 -8.08445E+01 -3.62288E+00  0.00000E+00
 -8.05952E+01  1.00257E+00  5.20372E+00
 -8.03459E+01  3.91702E+00  4.17880E+00
 -8.00965E+01 -3.10779E+00  8.67254E-01
 -7.98472E+01 -1.14532E+00  2.93754E+00
 -7.95979E+01 -1.64171E+00  1.79784E+00
 -7.93485E+01 -9.14772E-01  1.07363E+00
 -7.90992E+01 -2.93686E+00  2.27774E-01
 -7.88499E+01 -1.45780E+00  1.94749E+00
 -7.86005E+01 -9.07640E-01  1.12773E+00
 -7.83512E+01 -1.78490E+00  2.03249E+00
 -7.81019E+01  2.88946E+00  2.40266E+00
 -7.78525E+01  1.53324E+00  1.75690E+00
 -7.76032E+01 -2.42075E-01  1.73965E+00
 -7.73539E+01  6.67841E-01  1.98629E+00
 -7.71045E+01 -5.72787E-02  2.02047E+00
 -7.68552E+01 -5.23060E-01  1.20118E+00
 -7.66059E+01  4.19733E-01  2.56857E+00
 -7.63565E+01  3.20444E+00  2.01492E+00
 -7.61072E+01 -1.15409E+00  1.37590E+00
 -7.58579E+01 -1.35236E+00  1.15611E+00
 -7.56085E+01 -4.67349E-02  1.99730E+00
 -7.53592E+01 -2.69808E-01  2.19810E+00
 -7.51099E+01  1.25985E+00  2.09110E+00
 -7.48605E+01  1.44955E+00  2.19007E+00
 -7.46112E+01  5.33066E-01  1.02429E+00
 -7.43619E+01 -2.76185E+00  1.04940E+00
 -7.41125E+01  1.18803E-01  2.21291E+00
 -7.38632E+01  9.48244E-02  1.77053E+00
 -7.36139E+01 -1.23709E+00  1.04018E+00
 -7.33645E+01 -1.78797E+00  1.73502E+00
 -7.31152E+01  3.85222E-01  1.96042E+00
 -7.28659E+01  2.60910E+00  2.45173E+00
 -7.26165E+01  1.18585E+00  2.01738E+00
 -7.23672E+01  9.41544E-01  1.72248E+00
 -7.21179E+01 -1.26779E+00  2.03444E+00
 -7.18685E+01  2.21761E+00  2.44569E+00
 -7.16192E+01  1.72955E+00  1.48681E+00
 -7.13699E+01 -4.74011E-01  2.23524E+00
 -7.11205E+01  9.65469E-01  1.74842E+00
 -7.08712E+01  5.66000E-01  1.72798E+00
 -7.06219E+01 -1.64872E+00  1.10902E+00
 -7.03725E+01 -1.88496E+00  1.05090E+00
 -7.01232E+01  1.86022E-01  2.56181E+00
 -6.98739E+01  1.01887E-01  5.40400E-01
 -6.96245E+01 -2.19574E+00  1.39421E+00
 -6.93752E+01 -1.63128E+00  1.48467E+00
 -6.91259E+01  8.79060E-01  2.46839E+00
 -6.88765E+01  5.11216E+00  2.62702E+00
 -6.86272E+01  9.43383E-01  1.77963E+00
 -6.83779E+01 -3.76421E-01  2.23126E+00
 -6.81285E+01  6.48045E-01  1.50566E+00
 -6.78792E+01 -5.51266E-01  2.00701E+00
 -6.76299E+01  1.85603E+00  2.17654E+00
 -6.73805E+01 -1.15505E-02  1.40099E+00
 -6.71312E+01 -1.34083E+00  1.74885E+00
 -6.68819E+01  3.88534E-01  2.25971E+00
 -6.66325E+01  8.19929E-01  1.49139E+00
 -6.63832E+01  5.19426E-01  2.29223E+00
 -6.61339E+01  2.73726E+00  2.16670E+00
 -6.58845E+01 -8.96059E-01  1.72081E+00
 -6.56352E+01 -8.72532E-01  1.58684E+00
 -6.53859E+01  3.31939E+00  2.75248E+00
 -6.51366E+01  1.15754E+00  1.47547E+00
 -6.48872E+01  1.44100E+00  2.42480E+00
 -6.46379E+01  6.96487E-01  1.75246E+00
 -6.43886E+01 -4.09130E-02  1.69853E+00
 -6.41392E+01 -1.46847E+00  1.50003E+00
 -6.38899E+01 -9.40914E-01  1.77297E+00
 -6.36406E+01  1.83604E+00  2.73681E+00
 -6.33912E+01  4.54231E+00  2.52134E+00
 -6.31419E+01  1.90652E+00  1.79441E+00
 -6.28926E+01 -3.20918E-01  2.40725E+00
 -6.26432E+01  3.39269E+00  3.00965E+00
 -6.23939E+01  7.60851E+00  2.85287E+00
 -6.21446E+01  2.27769E+00  1.44933E+00
 -6.18952E+01 -2.66495E+00  9.85404E-01
 -6.16459E+01 -2.21944E+00  1.25202E+00
 -6.13966E+01 -1.02744E-01  2.34857E+00
 -6.11472E+01  1.90489E+00  2.00429E+00
 -6.08979E+01  2.04412E+00  2.51064E+00
 -6.06486E+01  1.26779E+00  2.01684E+00
 -6.03992E+01  3.57051E+00  3.10381E+00
 -6.01499E+01  4.69868E+00  2.45663E+00
 -5.99006E+01  2.26211E+00  2.01589E+00
 -5.96512E+01  3.02548E+00  2.39315E+00
 -5.94019E+01 -8.24173E-02  1.73809E+00
 -5.91526E+01  9.43955E-01  2.13052E+00
 -5.89032E+01  1.65414E+00  2.36242E+00
 -5.86539E+01  1.10472E+00  1.87580E+00
 -5.84046E+01 -5.18191E-02  2.21403E+00
 -5.81552E+01  5.00827E+00  2.92394E+00
 -5.79059E+01  3.90957E+00  2.24918E+00
 -5.76566E+01  1.92505E+00  2.67485E+00
 -5.74072E+01  3.98472E+00  2.49399E+00
 -5.71579E+01  2.97488E+00  2.44628E+00
 -5.69086E+01  3.61609E+00  2.21217E+00
 -5.66592E+01  2.28967E-01  2.18944E+00
 -5.64099E+01  1.17275E+00  2.02035E+00
 -5.61606E+01  2.11564E-01  2.04821E+00
 -5.59112E+01  2.61502E+00  2.24740E+00
 -5.56619E+01  4.10981E+00  2.93345E+00
 -5.54126E+01  3.59292E+00  2.78566E+00
 -5.51632E+01  3.71437E+00  2.09249E+00
 -5.49139E+01  5.37601E-01  2.25745E+00
 -5.46646E+01  1.55693E+00  2.03500E+00
 -5.44152E+01  9.80380E-01  2.20886E+00
 -5.41659E+01  5.51560E-01  1.71477E+00
 -5.39166E+01  1.46869E+00  2.56084E+00
 -5.36672E+01  7.49437E+00  3.43754E+00
 -5.34179E+01  6.05134E+00  2.98729E+00
 -5.31686E+01  6.42908E+00  2.86110E+00
 -5.29192E+01  6.41613E+00  3.52973E+00
 -5.26699E+01  9.39129E+00  3.14284E+00
 -5.24206E+01  4.86371E+00  2.45532E+00
 -5.21712E+01  3.67028E+00  3.25483E+00
 -5.19219E+01  1.33252E+01  4.17471E+00
 -5.16726E+01  7.23183E+00  2.46391E+00
 -5.14232E+01  6.74959E+00  4.08588E+00
 -5.11739E+01  1.42294E+01  4.43776E+00
 -5.09246E+01  1.46154E+01  3.74727E+00
 -5.06752E+01  9.44074E+00  3.79643E+00
 -5.04259E+01  1.57044E+01  4.28566E+00
 -5.01766E+01  1.39026E+01  4.67280E+00
 -4.99272E+01  1.55427E+01  2.85968E+00
 -4.96779E+01  7.58637E+00  3.92576E+00
 -4.94286E+01  1.70967E+01  4.72465E+00
 -4.91792E+01  1.84279E+01  4.73791E+00
 -4.89299E+01  1.95850E+01  4.34405E+00
 -4.86806E+01  1.20294E+01  3.73759E+00
 -4.84312E+01  1.41696E+01  4.48406E+00
 -4.81819E+01  1.47210E+01  3.79503E+00
 -4.79326E+01  9.81769E+00  3.57788E+00
 -4.76832E+01  1.26497E+01  4.18123E+00
 -4.74339E+01  1.41657E+01  4.04594E+00
 -4.71846E+01  1.37288E+01  4.17914E+00
 -4.69352E+01  1.16812E+01  3.62629E+00
 -4.66859E+01  1.64131E+01  5.16440E+00
 -4.64366E+01  1.99858E+01  3.97428E+00
 -4.61872E+01  1.71529E+01  4.71409E+00
 -4.59379E+01  1.63481E+01  4.05125E+00
 -4.56886E+01  1.09817E+01  4.06089E+00
 -4.54392E+01  2.05003E+01  5.15191E+00
 -4.51899E+01  1.57897E+01  3.34738E+00
 -4.49406E+01  1.59299E+01  5.12346E+00
 -4.46912E+01  2.06014E+01  4.44572E+00
 -4.44419E+01  1.38843E+01  3.76210E+00
 -4.41926E+01  1.63360E+01  4.71996E+00
 -4.39432E+01  1.97206E+01  5.10332E+00
 -4.36939E+01  2.32771E+01  4.67000E+00
 -4.34446E+01  2.07317E+01  5.05676E+00
 -4.31952E+01  2.03030E+01  4.21246E+00
 -4.29459E+01  1.70262E+01  4.91953E+00
 -4.26966E+01  1.34871E+01  3.98032E+00
 -4.24472E+01  1.72084E+01  4.82497E+00
 -4.21979E+01  2.38249E+01  5.11316E+00
 -4.19486E+01  2.09162E+01  4.56985E+00
 -4.16992E+01  1.79079E+01  4.81211E+00
 -4.14499E+01  2.19903E+01  5.11618E+00
 -4.12006E+01  2.80530E+01  5.31440E+00
 -4.09512E+01  2.05703E+01  4.69309E+00
 -4.07019E+01  1.82144E+01  4.49514E+00
 -4.04526E+01  1.85519E+01  5.41947E+00
 -4.02032E+01  2.73192E+01  5.32034E+00
 -3.99539E+01  2.54924E+01  5.35389E+00
 -3.97046E+01  2.71872E+01  5.56817E+00
 -3.94552E+01  2.89509E+01  5.51740E+00
 -3.92059E+01  2.66410E+01  4.76226E+00
 -3.89566E+01  2.07230E+01  4.98651E+00
 -3.87072E+01  2.30718E+01  5.67745E+00
 -3.84579E+01  2.48172E+01  5.04891E+00
 -3.82086E+01  2.75802E+01  5.57753E+00
 -3.79592E+01  3.41115E+01  6.28181E+00
 -3.77099E+01  2.91004E+01  5.55726E+00
 -3.74606E+01  2.75727E+01  5.96523E+00
 -3.72112E+01  3.35136E+01  5.12549E+00
 -3.69619E+01  2.42757E+01  5.87185E+00
 -3.67126E+01  3.86514E+01  6.49663E+00
 -3.64632E+01  2.83640E+01  4.54391E+00
 -3.62139E+01  2.62984E+01  6.33190E+00
 -3.59646E+01  3.72934E+01  6.24935E+00
 -3.57152E+01  3.02993E+01  5.57510E+00
 -3.54659E+01  3.45218E+01  6.64970E+00
 -3.52166E+01  4.09975E+01  6.27443E+00
 -3.49672E+01  3.86850E+01  6.01856E+00
 -3.47179E+01  3.07218E+01  6.13343E+00
 -3.44686E+01  3.81988E+01  7.03471E+00
 -3.42192E+01  4.00965E+01  5.97419E+00
 -3.39699E+01  4.12541E+01  7.06043E+00
 -3.37206E+01  4.25710E+01  6.05951E+00
 -3.34712E+01  3.76302E+01  6.83770E+00
 -3.32219E+01  4.44580E+01  7.04728E+00
 -3.29726E+01  4.41746E+01  6.38733E+00
 -3.27232E+01  3.39516E+01  6.26947E+00
 -3.24739E+01  4.80524E+01  7.29559E+00
 -3.22246E+01  4.23125E+01  7.19013E+00
 -3.19752E+01  5.57591E+01  7.46737E+00
 -3.17259E+01  5.65594E+01  7.57337E+00
 -3.14766E+01  5.50330E+01  7.62417E+00
 -3.12272E+01  5.69623E+01  7.45440E+00
 -3.09779E+01  5.19976E+01  7.56016E+00
 -3.07286E+01  5.84566E+01  8.35541E+00
 -3.04792E+01  6.26826E+01  8.57612E+00
 -3.02299E+01  8.01218E+01  8.75323E+00
 -2.99806E+01  6.75526E+01  8.25323E+00
 -2.97312E+01  6.67246E+01  8.49384E+00
 -2.94819E+01  6.56357E+01  8.40445E+00
 -2.92326E+01  8.64589E+01  9.63540E+00
 -2.89832E+01  8.16563E+01  8.73935E+00
 -2.87339E+01  8.02222E+01  9.67843E+00
 -2.84846E+01  9.37855E+01  9.17838E+00
 -2.82352E+01  8.79525E+01  1.02390E+01
 -2.79859E+01  9.97711E+01  9.80653E+00
 -2.77366E+01  8.31290E+01  9.28949E+00
 -2.74872E+01  8.03688E+01  8.35146E+00
 -2.72379E+01  8.02432E+01  9.58565E+00
 -2.69886E+01  9.10018E+01  1.03496E+01
 -2.67392E+01  1.00608E+02  9.69496E+00
 -2.64899E+01  9.04454E+01  9.52497E+00
 -2.62406E+01  9.86934E+01  1.03716E+01
 -2.59912E+01  9.74575E+01  1.00253E+01
 -2.57419E+01  1.06365E+02  9.76708E+00
 -2.54926E+01  8.52689E+01  9.59717E+00
 -2.52432E+01  9.09736E+01  9.32306E+00
 -2.49939E+01  8.70016E+01  8.90787E+00
 -2.47446E+01  7.12664E+01  8.80859E+00
 -2.44952E+01  6.83057E+01  9.10893E+00
 -2.42459E+01  7.98806E+01  8.02224E+00
 -2.39966E+01  6.52975E+01  9.07670E+00
 -2.37472E+01  9.15121E+01  9.43528E+00
 -2.34979E+01  8.40736E+01  9.47999E+00
 -2.32486E+01  8.14671E+01  8.77564E+00
 -2.29992E+01  7.04478E+01  8.28743E+00
 -2.27499E+01  6.43258E+01  8.47195E+00
 -2.25006E+01  6.54345E+01  7.91735E+00
 -2.22512E+01  6.79073E+01  9.01280E+00
 -2.20019E+01  6.93370E+01  8.22324E+00
 -2.17526E+01  7.42969E+01  9.23677E+00
 -2.15032E+01  8.23474E+01  8.80013E+00
 -2.12539E+01  7.00853E+01  8.60669E+00
 -2.10046E+01  6.49364E+01  7.57382E+00
 -2.07552E+01  6.68148E+01  8.44908E+00
 -2.05059E+01  6.83895E+01  8.93443E+00
 -2.02566E+01  7.25471E+01  7.58812E+00
 -2.00073E+01  6.01878E+01  8.54227E+00
 -1.97579E+01  6.47986E+01  8.06045E+00
 -1.95086E+01  5.96884E+01  7.62772E+00
 -1.92593E+01  5.37256E+01  7.74188E+00
 -1.90099E+01  6.34623E+01  8.56900E+00
 -1.87606E+01  6.78485E+01  8.16517E+00
 -1.85113E+01  6.18120E+01  7.90924E+00
 -1.82619E+01  6.26671E+01  8.19492E+00
 -1.80126E+01  6.91455E+01  8.46072E+00
 -1.77633E+01  6.43535E+01  8.07824E+00
 -1.75139E+01  6.00606E+01  7.20867E+00
 -1.72646E+01  4.53925E+01  7.39216E+00
 -1.70153E+01  6.21371E+01  8.68796E+00
 -1.67659E+01  6.33127E+01  7.83965E+00
 -1.65166E+01  6.77064E+01  8.73188E+00
 -1.62673E+01  7.23871E+01  8.21012E+00
 -1.60179E+01  5.93222E+01  7.84213E+00
 -1.57686E+01  5.65334E+01  7.44453E+00
 -1.55193E+01  6.49290E+01  8.33968E+00
 -1.52699E+01  5.01963E+01  6.95994E+00
 -1.50206E+01  4.74437E+01  7.21553E+00
 -1.47713E+01  5.55152E+01  8.00412E+00
 -1.45219E+01  5.61897E+01  7.47079E+00
 -1.42726E+01  5.08709E+01  7.13728E+00
 -1.40233E+01  5.46704E+01  8.28191E+00
 -1.37739E+01  6.24800E+01  7.93179E+00
 -1.35246E+01  5.93581E+01  7.81526E+00
 -1.32753E+01  5.59872E+01  7.72858E+00
 -1.30259E+01  6.24975E+01  7.84861E+00
 -1.27766E+01  5.87679E+01  8.08380E+00
 -1.25273E+01  5.81063E+01  7.49109E+00
 -1.22779E+01  4.77620E+01  7.05726E+00
 -1.20286E+01  5.67465E+01  8.21682E+00
 -1.17793E+01  6.39285E+01  8.28275E+00
 -1.15299E+01  6.06798E+01  7.07851E+00
 -1.12806E+01  4.88908E+01  7.96940E+00
 -1.10313E+01  6.88651E+01  8.43529E+00
 -1.07819E+01  6.22404E+01  8.23050E+00
 -1.05326E+01  6.19639E+01  7.57176E+00
 -1.02833E+01  5.38456E+01  7.95234E+00
 -1.00339E+01  6.48447E+01  8.50959E+00
 -9.78459E+00  6.64388E+01  8.23257E+00
 -9.53526E+00  6.70387E+01  8.01619E+00
 -9.28592E+00  6.17087E+01  8.11615E+00
 -9.03659E+00  5.25844E+01  7.19731E+00
 -8.78726E+00  5.01093E+01  7.92074E+00
 -8.53793E+00  6.12786E+01  7.75760E+00
 -8.28859E+00  5.59568E+01  7.88862E+00
 -8.03926E+00  6.15553E+01  8.21410E+00
 -7.78993E+00  6.01827E+01  7.66291E+00
 -7.54059E+00  6.73010E+01  9.01980E+00
 -7.29126E+00  7.54800E+01  8.33286E+00
 -7.04193E+00  5.76756E+01  7.84686E+00
 -6.79259E+00  5.78241E+01  7.90184E+00
 -6.54326E+00  5.63763E+01  7.75718E+00
 -6.29393E+00  5.50846E+01  8.62882E+00
 -6.04459E+00  6.15785E+01  8.29187E+00
 -5.79526E+00  5.64443E+01  8.37761E+00
 -5.54593E+00  6.34632E+01  8.05952E+00
 -5.29659E+00  4.97364E+01  8.26137E+00
 -5.04726E+00  5.73186E+01  7.81753E+00
 -4.79793E+00  5.51390E+01  8.47055E+00
 -4.54859E+00  5.48671E+01  8.82352E+00
 -4.29926E+00  7.22117E+01  9.11655E+00
 -4.04993E+00  6.55909E+01  8.55684E+00
 -3.80060E+00  6.63027E+01  9.79561E+00
 -3.55126E+00  7.69712E+01  1.01038E+01
 -3.30193E+00  7.23218E+01  1.04213E+01
 -3.05260E+00  7.41840E+01  1.02916E+01
 -2.80326E+00  7.64103E+01  1.19058E+01
 -2.55393E+00  7.72907E+01  1.26167E+01
 -2.30460E+00  7.58588E+01  1.31704E+01
 -2.05526E+00  7.32568E+01  1.40443E+01
 -1.80593E+00  7.20044E+01  1.60527E+01
 -1.55660E+00  7.22341E+01  1.96151E+01
 -1.30726E+00  7.12412E+01  2.65833E+01
 -1.05793E+00  6.58615E+01  3.78281E+01
 -8.08598E-01  5.90388E+01  5.56485E+01
 -5.59265E-01  5.63042E+01  7.79125E+01
 -3.09931E-01  6.04158E+01  9.44223E+01
 -6.05982E-02  6.52443E+01  1.00487E+02
  1.88735E-01  6.63372E+01  9.10372E+01
  4.38068E-01  6.56167E+01  7.13653E+01
  6.87401E-01  7.00563E+01  5.01956E+01
  9.36734E-01  7.95365E+01  3.60200E+01
  1.18607E+00  8.75578E+01  2.78475E+01
  1.43540E+00  8.88601E+01  2.23015E+01
  1.68473E+00  8.49119E+01  1.90234E+01
  1.93407E+00  8.00019E+01  1.62137E+01
  2.18340E+00  7.60826E+01  1.41615E+01
  2.43273E+00  7.25960E+01  1.32583E+01
  2.68207E+00  6.94782E+01  1.14774E+01
  2.93140E+00  6.78861E+01  1.03786E+01
  3.18073E+00  6.18521E+01  9.67666E+00
  3.43007E+00  6.98532E+01  1.00467E+01
  3.67940E+00  7.76188E+01  9.64791E+00
  3.92873E+00  7.81911E+01  9.63256E+00
  4.17807E+00  7.27337E+01  9.67296E+00
  4.42740E+00  7.19137E+01  8.92018E+00
  4.67673E+00  7.05287E+01  1.01252E+01
  4.92606E+00  8.22370E+01  9.03225E+00
  5.17540E+00  7.03487E+01  9.50379E+00
  5.42473E+00  8.46253E+01  9.38330E+00
  5.67406E+00  7.97283E+01  9.70778E+00
  5.92340E+00  6.99831E+01  8.63751E+00
  6.17273E+00  6.91387E+01  9.33693E+00
  6.42206E+00  8.07588E+01  9.69696E+00
  6.67140E+00  8.59637E+01  9.79198E+00
  6.92073E+00  8.65422E+01  9.73987E+00
  7.17006E+00  9.21451E+01  1.01071E+01
  7.41940E+00  9.84678E+01  1.02631E+01
  7.66873E+00  9.64015E+01  1.03572E+01
  7.91806E+00  9.26012E+01  9.50646E+00
  8.16740E+00  9.07487E+01  1.08720E+01
  8.41673E+00  9.55218E+01  9.56189E+00
  8.66606E+00  7.62020E+01  8.69365E+00
  8.91540E+00  5.98827E+01  8.14089E+00
  9.16473E+00  7.45123E+01  9.79418E+00
  9.41406E+00  8.58058E+01  9.03072E+00
  9.66339E+00  8.46896E+01  9.89069E+00
  9.91273E+00  8.92306E+01  9.74180E+00
  1.01621E+01  9.36633E+01  9.87664E+00
  1.04114E+01  8.92285E+01  9.71502E+00
  1.06607E+01  9.06371E+01  9.05814E+00
  1.09101E+01  8.59544E+01  1.00434E+01
  1.11594E+01  1.05039E+02  1.06400E+01
  1.14087E+01  9.76377E+01  9.84400E+00
  1.16581E+01  1.05131E+02  1.00988E+01
  1.19074E+01  9.79987E+01  1.00335E+01
  1.21567E+01  8.16568E+01  8.97883E+00
  1.24061E+01  8.39254E+01  9.66138E+00
  1.26554E+01  8.74171E+01  9.90283E+00
  1.29047E+01  9.76312E+01  1.00169E+01
  1.31541E+01  1.12023E+02  1.09483E+01
  1.34034E+01  1.00075E+02  1.00384E+01
  1.36527E+01  9.43780E+01  1.01798E+01
  1.39021E+01  1.03243E+02  1.02997E+01
  1.41514E+01  1.08653E+02  1.07267E+01
  1.44007E+01  1.04319E+02  1.02772E+01
  1.46501E+01  1.07455E+02  1.01839E+01
  1.48994E+01  8.85971E+01  9.70145E+00
  1.51487E+01  9.06307E+01  1.02807E+01
  1.53981E+01  1.06280E+02  1.05470E+01
  1.56474E+01  1.12077E+02  1.08331E+01
  1.58967E+01  1.18141E+02  1.06849E+01
  1.61461E+01  1.10966E+02  1.07892E+01
  1.63954E+01  1.06274E+02  1.04730E+01
  1.66447E+01  1.04048E+02  1.00899E+01
  1.68941E+01  1.07859E+02  1.12880E+01
  1.71434E+01  1.27971E+02  1.16464E+01
  1.73927E+01  1.21770E+02  1.06676E+01
  1.76421E+01  1.13297E+02  1.12449E+01
  1.78914E+01  1.22393E+02  1.13195E+01
  1.81407E+01  1.21715E+02  1.10123E+01
  1.83901E+01  1.14570E+02  1.10820E+01
  1.86394E+01  1.15515E+02  1.06612E+01
  1.88887E+01  1.26534E+02  1.19683E+01
  1.91381E+01  1.45185E+02  1.22499E+01
  1.93874E+01  1.29280E+02  1.15715E+01
  1.96367E+01  1.45303E+02  1.20953E+01
  1.98861E+01  1.22714E+02  1.12183E+01
  2.01354E+01  1.31906E+02  1.19753E+01
  2.03847E+01  1.34503E+02  1.14526E+01
  2.06341E+01  1.29776E+02  1.18629E+01
  2.08834E+01  1.41782E+02  1.24948E+01
  2.11327E+01  1.63985E+02  1.29159E+01
  2.13821E+01  1.39400E+02  1.19206E+01
  2.16314E+01  1.49767E+02  1.24950E+01
  2.18807E+01  1.56568E+02  1.30463E+01
  2.21301E+01  1.71505E+02  1.31193E+01
  2.23794E+01  1.64993E+02  1.29871E+01
  2.26287E+01  1.77293E+02  1.39500E+01
  2.28781E+01  1.84912E+02  1.37239E+01
  2.31274E+01  1.84149E+02  1.35886E+01
  2.33767E+01  1.68312E+02  1.32247E+01
  2.36261E+01  1.93534E+02  1.42742E+01
  2.38754E+01  1.87430E+02  1.38633E+01
  2.41247E+01  1.97588E+02  1.44901E+01
  2.43741E+01  2.11305E+02  1.44563E+01
  2.46234E+01  1.92096E+02  1.42984E+01
  2.48727E+01  1.99205E+02  1.44830E+01
  2.51221E+01  2.15056E+02  1.49196E+01
  2.53714E+01  2.39763E+02  1.62706E+01
  2.56207E+01  2.58077E+02  1.61465E+01
  2.58700E+01  2.30797E+02  1.49928E+01
  2.61194E+01  2.29405E+02  1.58147E+01
  2.63687E+01  2.54428E+02  1.60211E+01
  2.66180E+01  2.58673E+02  1.65063E+01
  2.68674E+01  2.56783E+02  1.60781E+01
  2.71167E+01  2.56265E+02  1.65234E+01
  2.73660E+01  2.57630E+02  1.58393E+01
  2.76154E+01  2.56942E+02  1.61561E+01
  2.78647E+01  2.51472E+02  1.66160E+01
  2.81140E+01  2.67560E+02  1.66954E+01
  2.83634E+01  2.64320E+02  1.53743E+01
  2.86127E+01  2.41767E+02  1.58517E+01
  2.88620E+01  2.32534E+02  1.55421E+01
  2.91114E+01  2.30479E+02  1.58394E+01
  2.93607E+01  2.46853E+02  1.56962E+01
  2.96100E+01  2.37388E+02  1.54215E+01
  2.98594E+01  2.16766E+02  1.47229E+01
  3.01087E+01  1.99329E+02  1.39997E+01
  3.03580E+01  2.05036E+02  1.48285E+01
  3.06074E+01  2.04748E+02  1.39308E+01
  3.08567E+01  1.90079E+02  1.42946E+01
  3.11060E+01  1.95302E+02  1.42704E+01
  3.13554E+01  1.93251E+02  1.38413E+01
  3.16047E+01  1.85753E+02  1.38515E+01
  3.18540E+01  1.82318E+02  1.38121E+01
  3.21034E+01  1.69970E+02  1.27444E+01
  3.23527E+01  1.76603E+02  1.41221E+01
  3.26020E+01  1.80101E+02  1.27015E+01
  3.28514E+01  1.49831E+02  1.25911E+01
  3.31007E+01  1.49949E+02  1.29293E+01
  3.33500E+01  1.75767E+02  1.34233E+01
  3.35994E+01  1.56458E+02  1.27949E+01
  3.38487E+01  1.79322E+02  1.36556E+01
  3.40980E+01  1.49399E+02  1.16291E+01
  3.43474E+01  1.51507E+02  1.27949E+01
  3.45967E+01  1.47481E+02  1.23926E+01
  3.48460E+01  1.38209E+02  1.16598E+01
  3.50954E+01  1.45816E+02  1.27355E+01
  3.53447E+01  1.37897E+02  1.16844E+01
  3.55940E+01  1.34613E+02  1.17740E+01
  3.58434E+01  1.46255E+02  1.24950E+01
  3.60927E+01  1.39423E+02  1.19369E+01
  3.63420E+01  1.43803E+02  1.25639E+01
  3.65914E+01  1.41364E+02  1.23269E+01
  3.68407E+01  1.44764E+02  1.16989E+01
  3.70900E+01  1.41259E+02  1.24896E+01
  3.73394E+01  1.36463E+02  1.15447E+01
  3.75887E+01  1.26727E+02  1.12267E+01
  3.78380E+01  1.17043E+02  1.12051E+01
  3.80874E+01  1.23253E+02  1.14430E+01
  3.83367E+01  1.18880E+02  1.12620E+01
  3.85860E+01  1.25673E+02  1.12949E+01
  3.88354E+01  1.15177E+02  1.06423E+01
  3.90847E+01  1.03689E+02  1.08394E+01
  3.93340E+01  1.20020E+02  1.13591E+01
  3.95834E+01  1.15688E+02  1.09311E+01
  3.98327E+01  1.24411E+02  1.19399E+01
  4.00820E+01  1.14941E+02  1.01105E+01
  4.03314E+01  1.08896E+02  1.09283E+01
  4.05807E+01  1.13583E+02  1.08986E+01
  4.08300E+01  1.01895E+02  9.75066E+00
  4.10794E+01  9.56528E+01  1.04977E+01
  4.13287E+01  9.93002E+01  1.00625E+01
  4.15780E+01  8.89363E+01  9.71882E+00
  4.18274E+01  9.85842E+01  1.05290E+01
  4.20767E+01  1.07221E+02  1.06478E+01
  4.23260E+01  1.09895E+02  1.08007E+01
  4.25754E+01  9.75671E+01  9.80013E+00
  4.28247E+01  1.15005E+02  1.16345E+01
  4.30740E+01  1.14998E+02  1.07113E+01
  4.33234E+01  1.07090E+02  1.02024E+01
  4.35727E+01  9.54660E+01  1.01630E+01
  4.38220E+01  8.78190E+01  9.06557E+00
  4.40714E+01  8.64620E+01  1.02639E+01
  4.43207E+01  9.74095E+01  9.94109E+00
  4.45700E+01  1.00462E+02  1.04612E+01
  4.48194E+01  9.61485E+01  1.00336E+01
  4.50687E+01  9.74834E+01  1.02743E+01
  4.53180E+01  1.01225E+02  9.97749E+00
  4.55674E+01  8.91427E+01  9.36208E+00
  4.58167E+01  9.41957E+01  1.02293E+01
  4.60660E+01  8.88628E+01  9.80385E+00
  4.63154E+01  9.18565E+01  1.01361E+01
  4.65647E+01  1.02063E+02  1.02763E+01
  4.68140E+01  9.58972E+01  1.04645E+01
  4.70634E+01  1.09175E+02  1.04540E+01
  4.73127E+01  9.53232E+01  9.66026E+00
  4.75620E+01  1.05472E+02  1.10182E+01
  4.78114E+01  9.27737E+01  1.00444E+01
  4.80607E+01  9.78812E+01  9.64883E+00
  4.83100E+01  9.03240E+01  9.88033E+00
  4.85594E+01  1.02341E+02  1.08609E+01
  4.88087E+01  1.13600E+02  1.05477E+01
  4.90580E+01  1.01145E+02  1.05241E+01
  4.93074E+01  1.03156E+02  1.02629E+01
  4.95567E+01  8.59183E+01  9.39869E+00
  4.98060E+01  9.48908E+01  1.02276E+01
  5.00554E+01  9.07701E+01  9.72566E+00
  5.03047E+01  8.55411E+01  9.09549E+00
  5.05540E+01  6.91230E+01  8.58611E+00
  5.08034E+01  7.51546E+01  9.75659E+00
  5.10527E+01  8.47684E+01  8.78065E+00
  5.13020E+01  6.81797E+01  8.33262E+00
  5.15514E+01  6.62561E+01  8.45277E+00
  5.18007E+01  6.87117E+01  8.27900E+00
  5.20500E+01  5.35467E+01  7.78369E+00
  5.22994E+01  5.38187E+01  7.62507E+00
  5.25487E+01  5.13507E+01  7.26365E+00
  5.27980E+01  3.63267E+01  6.10694E+00
  5.30474E+01  4.25236E+01  7.02321E+00
  5.32967E+01  3.44462E+01  5.54937E+00
  5.35460E+01  2.98294E+01  5.97020E+00
  5.37954E+01  3.18156E+01  5.86481E+00
  5.40447E+01  2.81281E+01  5.89881E+00
  5.42940E+01  3.03437E+01  6.00842E+00
  5.45434E+01  3.46455E+01  6.19183E+00
  5.47927E+01  2.88895E+01  5.51190E+00
  5.50420E+01  2.64546E+01  5.38447E+00
  5.52914E+01  1.93903E+01  4.71403E+00
  5.55407E+01  2.24436E+01  5.25351E+00
  5.57900E+01  2.20327E+01  5.28828E+00
  5.60394E+01  2.27301E+01  4.56273E+00
  5.62887E+01  1.26963E+01  4.43885E+00
  5.65380E+01  2.62177E+01  5.92764E+00
  5.67874E+01  2.31048E+01  4.56718E+00
  5.70367E+01  1.82412E+01  4.63401E+00
  5.72860E+01  1.73613E+01  4.66091E+00
  5.75354E+01  1.60738E+01  4.62677E+00
  5.77847E+01  2.21484E+01  5.02302E+00
  5.80340E+01  2.29073E+01  5.18410E+00
  5.82834E+01  1.71868E+01  4.21601E+00
  5.85327E+01  1.66067E+01  4.99546E+00
  5.87820E+01  2.79316E+01  5.52576E+00
  5.90314E+01  1.68808E+01  4.59788E+00
  5.92807E+01  1.20373E+01  3.62900E+00
  5.95300E+01  1.57963E+01  4.87523E+00
  5.97794E+01  2.10113E+01  4.55172E+00
  6.00287E+01  1.44070E+01  4.33947E+00
  6.02780E+01  1.08311E+01  3.55469E+00
  6.05274E+01  1.48850E+01  4.42249E+00
  6.07767E+01  1.42430E+01  4.52860E+00
  6.10260E+01  1.32042E+01  3.56452E+00
  6.12754E+01  1.23939E+01  4.21892E+00
  6.15247E+01  1.34807E+01  4.35224E+00
  6.17740E+01  1.38288E+01  3.83517E+00
  6.20234E+01  1.11396E+01  3.80302E+00
  6.22727E+01  1.35938E+01  4.39899E+00
  6.25220E+01  1.19967E+01  4.06421E+00
  6.27714E+01  9.05132E+00  3.04285E+00
  6.30207E+01  1.75913E+01  5.05353E+00
  6.32700E+01  1.45846E+01  3.84902E+00
  6.35194E+01  1.02404E+01  3.27199E+00
  6.37687E+01  5.50941E+00  3.09666E+00
  6.40180E+01  5.65610E+00  2.89587E+00
  6.42674E+01  7.36592E+00  3.85983E+00
  6.45167E+01  7.85110E+00  2.98108E+00
  6.47660E+01  6.86545E+00  3.05802E+00
  6.50154E+01  1.01293E+01  3.99363E+00
  6.52647E+01  1.53208E+01  4.59742E+00
  6.55140E+01  1.10042E+01  3.35569E+00
  6.57634E+01  1.09097E+01  3.87202E+00
  6.60127E+01  6.89339E+00  3.52408E+00
  6.62620E+01  8.51228E+00  3.01249E+00
  6.65114E+01  3.76211E+00  2.85762E+00
  6.67607E+01  8.58673E+00  3.43696E+00
  6.70100E+01  1.11780E+01  4.01931E+00
  6.72594E+01  8.58288E+00  3.01190E+00
  6.75087E+01  4.65516E+00  2.57366E+00
  6.77580E+01  6.24985E+00  3.48514E+00
  6.80074E+01  6.45817E+00  3.10161E+00
  6.82567E+01  9.58682E+00  3.61317E+00
  6.85060E+01  5.59340E+00  3.02754E+00
  6.87554E+01  5.47106E+00  3.06034E+00
  6.90047E+01  8.60060E+00  3.77184E+00
  6.92540E+01  6.55560E+00  2.90434E+00
  6.95034E+01  6.27112E+00  2.87338E+00
  6.97527E+01  4.22420E+00  3.14544E+00
  7.00020E+01  8.26351E+00  3.26976E+00
  7.02514E+01  1.05055E+01  4.07505E+00
  7.05007E+01  8.34931E+00  3.02177E+00
  7.07500E+01  6.08853E+00  2.87712E+00
  7.09993E+01  7.95797E+00  3.94284E+00
  7.12487E+01  9.78074E+00  3.49676E+00
  7.14980E+01  6.30006E+00  2.72560E+00
  7.17473E+01  3.38834E+00  2.86073E+00
  7.19967E+01  5.43631E+00  2.68052E+00
  7.22460E+01  2.80961E+00  2.66194E+00
  7.24953E+01  1.55720E+00  1.71591E+00
  7.27447E+01  2.06135E+00  2.99556E+00
  7.29940E+01  6.04608E+00  2.69328E+00
  7.32433E+01  5.08085E+00  2.82853E+00
  7.34927E+01  2.11922E+00  2.53534E+00
  7.37420E+01  3.95201E+00  2.80811E+00
  7.39913E+01  2.54329E+00  1.79555E+00
  7.42407E+01  4.10718E+00  3.02572E+00
  7.44900E+01  6.56521E+00  3.05386E+00
  7.47393E+01  4.57040E+00  2.97680E+00
  7.49887E+01  2.98833E+00  2.27198E+00
  7.52380E+01  3.15444E+00  2.98283E+00
  7.54873E+01  4.36353E+00  2.29906E+00
  7.57367E+01  1.00044E+00  2.06591E+00
  7.59860E+01  3.11072E+00  2.86240E+00
  7.62353E+01  4.25146E+00  2.72167E+00
  7.64847E+01  2.63066E+00  2.33567E+00
  7.67340E+01  7.52756E+00  3.75810E+00
  7.69833E+01  4.68112E+00  2.18653E+00
  7.72327E+01  6.38228E+00  3.57112E+00
  7.74820E+01  6.49903E+00  2.80384E+00
  7.77313E+01  3.50512E+00  3.17751E+00
  7.79807E+01  5.87986E+00  2.34242E+00
  7.82300E+01  2.24861E+00  2.48387E+00
  7.84793E+01  3.27497E+00  2.46923E+00
  7.87287E+01  2.29245E+00  2.69546E+00
  7.89780E+01  4.29601E+00  2.59743E+00
  7.92273E+01  2.42141E+00  2.12680E+00
  7.94767E+01  2.84416E+00  2.87120E+00
  7.97260E+01  4.07403E+00  2.62317E+00
  7.99753E+01  3.26889E+00  2.60154E+00
  8.02247E+01  4.70583E+00  2.98081E+00
  8.04740E+01  3.60507E+00  1.86574E+00
  8.07233E+01  1.31019E+00  2.84375E+00
  8.09727E+01  5.62127E+00  2.91844E+00
  8.12220E+01  4.72034E+00  2.51754E+00
  8.14713E+01  1.77105E+00  2.48829E+00
  8.17207E+01  4.03418E+00  2.66461E+00
  8.19700E+01  3.33473E+00  2.69567E+00
  8.22193E+01  2.57190E+00  2.31321E+00
  8.24687E+01  7.88971E-01  1.84766E+00
  8.27180E+01  2.82046E+00  2.74356E+00
  8.29673E+01  4.63558E+00  3.16778E+00
  8.32167E+01  4.00306E+00  2.09250E+00
  8.34660E+01  8.46506E-01  2.29492E+00
  8.37153E+01  3.25253E+00  2.85845E+00
  8.39647E+01  5.10520E+00  2.49539E+00
  8.42140E+01  5.15691E-01  2.23807E+00
  8.44633E+01  3.57551E+00  2.49710E+00
  8.47127E+01  2.05653E+00  2.65677E+00
  8.49620E+01  5.34720E+00  2.49522E+00
  8.52113E+01 -1.07192E-01  1.50348E+00
  8.54607E+01  8.43363E-01  2.63203E+00
  8.57100E+01  3.39818E+00  2.32887E+00
  8.59593E+01  8.97753E-01  2.23469E+00
  8.62087E+01  1.76112E+00  2.01636E+00
  8.64580E+01  3.87948E-01  2.22913E+00
  8.67073E+01  6.45091E-01  1.56167E+00
  8.69567E+01  7.47950E-01  2.78892E+00
  8.72060E+01  3.28518E+00  1.85116E+00
  8.74553E+01 -5.58428E-01  1.87814E+00
  8.77047E+01  1.33037E+00  2.24961E+00
  8.79540E+01 -4.90823E-01  1.77748E+00
  8.82033E+01  1.91561E+00  2.25376E+00
  8.84527E+01  1.26830E+00  2.05444E+00
  8.87020E+01  1.00473E+00  2.00901E+00
  8.89513E+01  1.08393E+00  2.63786E+00
  8.92007E+01  3.47216E+00  2.21519E+00
  8.94500E+01  2.74574E+00  2.72321E+00
  8.96993E+01  2.28032E+00  2.24800E+00
  8.99487E+01  1.49724E+00  2.02979E+00
  9.01980E+01  1.25015E+00  2.24121E+00
  9.04473E+01  9.89073E-01  2.42705E+00
  9.06967E+01  4.15398E+00  2.67452E+00
  9.09460E+01  1.62073E+00  1.99939E+00
  9.11953E+01  3.84392E+00  3.12031E+00
  9.14447E+01  1.52600E+00  1.07732E+00
  9.16940E+01 -1.95331E+00  1.45425E+00
  9.19433E+01  7.95527E-01  2.20659E+00
  9.21927E+01  1.51859E+00  2.14970E+00
  9.24420E+01  1.99516E+00  2.54837E+00
  9.26913E+01  1.17415E+00  2.01757E+00
  9.29407E+01  2.21960E+00  2.03735E+00
  9.31900E+01  3.17766E-01  2.07656E+00
  9.34393E+01 -2.52269E-02  1.74117E+00
  9.36887E+01 -1.07869E+00  1.77157E+00
  9.39380E+01  1.41739E+00  2.30954E+00
  9.41873E+01 -7.04472E-02  1.48838E+00
  9.44367E+01 -2.33456E-01  1.43061E+00
  9.46860E+01  4.98629E-01  2.68020E+00
  9.49353E+01  2.45136E+00  2.04598E+00
  9.51847E+01  8.85862E-01  1.71509E+00
  9.54340E+01  2.67450E+00  2.77325E+00
  9.56833E+01  6.16262E-01  2.00486E+00
  9.59327E+01  2.87697E-01  1.75362E+00
  9.61820E+01  2.12558E+00  2.54301E+00
  9.64313E+01  2.80192E+00  2.44601E+00
  9.66807E+01  1.18955E+00  2.01762E+00
  9.69300E+01 -1.09399E-01  1.47588E+00
  9.71793E+01 -5.93813E-01  2.35515E+00
  9.74287E+01  6.03754E+00  3.48739E+00
  9.76780E+01  6.21401E+00  2.29127E+00
  9.79273E+01 -6.65101E-02  1.12650E+00
  9.81767E+01 -8.16136E-01  2.01054E+00
  9.84260E+01  3.55085E-01  2.34171E+00
  9.86753E+01  2.46279E+00  2.03108E+00
  9.89247E+01  6.58646E-01  2.10675E+00
  9.91740E+01  1.20755E+00  2.28302E+00
  9.94233E+01 -7.01759E-01  1.43176E+00
  9.96727E+01 -3.37649E+00  0.00000E+00
  9.99220E+01 -3.37515E+00  9.98384E-02
  1.00171E+02 -6.97156E-01  3.55338E+00
  1.00421E+02 -3.35755E+00  1.65441E-01
  1.00670E+02  7.99940E+00  2.22127E+01
  1.00919E+02 -3.37626E+00  0.00000E+00
