@page size 600,600
@view 0.12,0.1,0.97,0.93
@subtitle "PHOENIX module phox, 01/24/18 at 17:21:00 -08:00"
@xaxes scale Normal
@yaxes scale Normal
@xaxis label "energy (meV)"
@yaxis label "one-phonon contribution (1/eV)"
@type xy
 -6.97499E+01 -3.83594E-02
 -6.95017E+01 -3.51636E-02
 -6.92535E+01 -7.67642E-03
 -6.90053E+01  2.67632E-04
 -6.87570E+01 -1.40948E-02
 -6.85088E+01 -2.28507E-02
 -6.82606E+01 -1.68147E-02
 -6.80124E+01 -1.17492E-02
 -6.77642E+01 -1.49647E-03
 -6.75159E+01  1.79710E-02
 -6.72677E+01  1.66452E-02
 -6.70195E+01 -7.49207E-03
 -6.67713E+01 -1.11787E-02
 -6.65231E+01 -2.71039E-03
 -6.62748E+01 -5.98102E-03
 -6.60266E+01 -9.95418E-03
 -6.57784E+01 -1.47361E-02
 -6.55302E+01 -1.09701E-02
 -6.52820E+01 -6.64896E-04
 -6.50337E+01  8.90422E-03
 -6.47855E+01  1.49079E-02
 -6.45373E+01  1.29252E-02
 -6.42891E+01  4.19927E-04
 -6.40409E+01 -1.15476E-02
 -6.37926E+01 -1.84738E-02
 -6.35444E+01 -2.02596E-02
 -6.32962E+01 -2.36731E-02
 -6.30480E+01 -3.80197E-02
 -6.27998E+01 -4.86924E-02
 -6.25515E+01 -4.23477E-02
 -6.23033E+01 -2.41208E-02
 -6.20551E+01 -1.46083E-02
 -6.18069E+01 -2.59718E-02
 -6.15587E+01 -3.79962E-02
 -6.13104E+01 -4.08398E-02
 -6.10622E+01 -3.92295E-02
 -6.08140E+01 -3.06920E-02
 -6.05658E+01 -2.13458E-02
 -6.03176E+01 -2.14751E-02
 -6.00693E+01 -7.93826E-03
 -5.98211E+01  2.03721E-02
 -5.95729E+01  2.41837E-02
 -5.93247E+01 -1.26703E-03
 -5.90764E+01 -2.37548E-02
 -5.88282E+01 -1.68624E-02
 -5.85800E+01  9.72140E-03
 -5.83318E+01  3.43084E-02
 -5.80836E+01  4.42390E-02
 -5.78353E+01  2.97110E-02
 -5.75871E+01  1.96572E-02
 -5.73389E+01  2.14453E-02
 -5.70907E+01  8.56278E-03
 -5.68425E+01  2.04046E-03
 -5.65942E+01  1.42747E-02
 -5.63460E+01  1.68625E-02
 -5.60978E+01  2.58796E-02
 -5.58496E+01  4.41509E-02
 -5.56014E+01  3.90436E-02
 -5.53531E+01  1.90932E-02
 -5.51049E+01  3.55906E-03
 -5.48567E+01 -2.28621E-04
 -5.46085E+01  1.15275E-02
 -5.43603E+01  1.75643E-02
 -5.41120E+01  1.12021E-02
 -5.38638E+01  2.50083E-02
 -5.36156E+01  6.00851E-02
 -5.33674E+01  9.39262E-02
 -5.31192E+01  1.03188E-01
 -5.28709E+01  7.95700E-02
 -5.26227E+01  4.28058E-02
 -5.23745E+01  2.70622E-02
 -5.21263E+01  4.07334E-02
 -5.18781E+01  5.86870E-02
 -5.16298E+01  8.38274E-02
 -5.13816E+01  1.10413E-01
 -5.11334E+01  1.03511E-01
 -5.08852E+01  1.04481E-01
 -5.06370E+01  1.52037E-01
 -5.03887E+01  1.72443E-01
 -5.01405E+01  1.60615E-01
 -4.98923E+01  1.78576E-01
 -4.96441E+01  2.07512E-01
 -4.93959E+01  2.23446E-01
 -4.91476E+01  2.51400E-01
 -4.88994E+01  2.67432E-01
 -4.86512E+01  2.46320E-01
 -4.84030E+01  2.35429E-01
 -4.81548E+01  2.49303E-01
 -4.79065E+01  2.53935E-01
 -4.76583E+01  2.37431E-01
 -4.74101E+01  2.45470E-01
 -4.71619E+01  3.00796E-01
 -4.69137E+01  3.33090E-01
 -4.66654E+01  3.20593E-01
 -4.64172E+01  3.12566E-01
 -4.61690E+01  2.96116E-01
 -4.59208E+01  2.35301E-01
 -4.56725E+01  1.90030E-01
 -4.54243E+01  1.86354E-01
 -4.51761E+01  1.83615E-01
 -4.49279E+01  1.87669E-01
 -4.46797E+01  2.00086E-01
 -4.44314E+01  2.01698E-01
 -4.41832E+01  1.93965E-01
 -4.39350E+01  2.12584E-01
 -4.36868E+01  2.43195E-01
 -4.34386E+01  2.58896E-01
 -4.31903E+01  2.55221E-01
 -4.29421E+01  2.21586E-01
 -4.26939E+01  1.97404E-01
 -4.24457E+01  2.15756E-01
 -4.21975E+01  2.49888E-01
 -4.19492E+01  2.78644E-01
 -4.17010E+01  2.80333E-01
 -4.14528E+01  2.63614E-01
 -4.12046E+01  2.84541E-01
 -4.09564E+01  3.17877E-01
 -4.07081E+01  2.93499E-01
 -4.04599E+01  2.65252E-01
 -4.02117E+01  2.89066E-01
 -3.99635E+01  3.45391E-01
 -3.97153E+01  3.90928E-01
 -3.94670E+01  3.97769E-01
 -3.92188E+01  3.96983E-01
 -3.89706E+01  4.03804E-01
 -3.87224E+01  3.86945E-01
 -3.84742E+01  3.61330E-01
 -3.82259E+01  3.59538E-01
 -3.79777E+01  3.59916E-01
 -3.77295E+01  3.64975E-01
 -3.74813E+01  3.88331E-01
 -3.72331E+01  4.04023E-01
 -3.69848E+01  4.15931E-01
 -3.67366E+01  4.39811E-01
 -3.64884E+01  4.65900E-01
 -3.62402E+01  4.56500E-01
 -3.59920E+01  4.26623E-01
 -3.57437E+01  4.13024E-01
 -3.54955E+01  3.99690E-01
 -3.52473E+01  4.11188E-01
 -3.49991E+01  4.62336E-01
 -3.47509E+01  5.07162E-01
 -3.45026E+01  5.18375E-01
 -3.42544E+01  4.84174E-01
 -3.40062E+01  4.51046E-01
 -3.37580E+01  4.63253E-01
 -3.35098E+01  4.76732E-01
 -3.32615E+01  5.31656E-01
 -3.30133E+01  6.55933E-01
 -3.27651E+01  7.09998E-01
 -3.25169E+01  6.75902E-01
 -3.22686E+01  6.65038E-01
 -3.20204E+01  6.88765E-01
 -3.17722E+01  6.88340E-01
 -3.15240E+01  6.73342E-01
 -3.12758E+01  7.00238E-01
 -3.10275E+01  7.56467E-01
 -3.07793E+01  8.17022E-01
 -3.05311E+01  8.79098E-01
 -3.02829E+01  8.67916E-01
 -3.00347E+01  8.25453E-01
 -2.97864E+01  8.52043E-01
 -2.95382E+01  9.25775E-01
 -2.92900E+01  1.01378E+00
 -2.90418E+01  1.08790E+00
 -2.87936E+01  1.08620E+00
 -2.85453E+01  1.03118E+00
 -2.82971E+01  1.02024E+00
 -2.80489E+01  1.09035E+00
 -2.78007E+01  1.18746E+00
 -2.75525E+01  1.27697E+00
 -2.73042E+01  1.34985E+00
 -2.70560E+01  1.37561E+00
 -2.68078E+01  1.41221E+00
 -2.65596E+01  1.47270E+00
 -2.63114E+01  1.47610E+00
 -2.60631E+01  1.45942E+00
 -2.58149E+01  1.49490E+00
 -2.55667E+01  1.49238E+00
 -2.53185E+01  1.36101E+00
 -2.50703E+01  1.16766E+00
 -2.48220E+01  1.01981E+00
 -2.45738E+01  9.82115E-01
 -2.43256E+01  1.04175E+00
 -2.40774E+01  1.13190E+00
 -2.38292E+01  1.19161E+00
 -2.35809E+01  1.18702E+00
 -2.33327E+01  1.08293E+00
 -2.30845E+01  9.28536E-01
 -2.28363E+01  8.65148E-01
 -2.25881E+01  8.88111E-01
 -2.23398E+01  8.81254E-01
 -2.20916E+01  8.34994E-01
 -2.18434E+01  7.69835E-01
 -2.15952E+01  7.36898E-01
 -2.13470E+01  8.26401E-01
 -2.10987E+01  9.02997E-01
 -2.08505E+01  8.41604E-01
 -2.06023E+01  7.42415E-01
 -2.03541E+01  6.95638E-01
 -2.01059E+01  7.10971E-01
 -1.98576E+01  7.47847E-01
 -1.96094E+01  7.64945E-01
 -1.93612E+01  7.45709E-01
 -1.91130E+01  6.99058E-01
 -1.88647E+01  6.90616E-01
 -1.86165E+01  7.36609E-01
 -1.83683E+01  7.54466E-01
 -1.81201E+01  7.05220E-01
 -1.78719E+01  6.47998E-01
 -1.76236E+01  6.36099E-01
 -1.73754E+01  6.61984E-01
 -1.71272E+01  6.90011E-01
 -1.68790E+01  6.84700E-01
 -1.66308E+01  6.34203E-01
 -1.63825E+01  5.63330E-01
 -1.61343E+01  5.64661E-01
 -1.58861E+01  6.38374E-01
 -1.56379E+01  6.77377E-01
 -1.53897E+01  6.43280E-01
 -1.51414E+01  5.87729E-01
 -1.48932E+01  5.64406E-01
 -1.46450E+01  5.81642E-01
 -1.43968E+01  6.07798E-01
 -1.41486E+01  6.30636E-01
 -1.39003E+01  6.70627E-01
 -1.36521E+01  7.06625E-01
 -1.34039E+01  7.26471E-01
 -1.31557E+01  7.11626E-01
 -1.29075E+01  6.50135E-01
 -1.26592E+01  6.00503E-01
 -1.24110E+01  6.13525E-01
 -1.21628E+01  6.58657E-01
 -1.19146E+01  6.65563E-01
 -1.16664E+01  6.08136E-01
 -1.14181E+01  5.57139E-01
 -1.11699E+01  5.63646E-01
 -1.09217E+01  6.09388E-01
 -1.06735E+01  6.53589E-01
 -1.04253E+01  6.73885E-01
 -1.01770E+01  6.60316E-01
 -9.92882E+00  6.26595E-01
 -9.68059E+00  6.06558E-01
 -9.43237E+00  6.18879E-01
 -9.18415E+00  6.55401E-01
 -8.93593E+00  6.45677E-01
 -8.68771E+00  5.72497E-01
 -8.43949E+00  5.50195E-01
 -8.19127E+00  6.11290E-01
 -7.94305E+00  6.85892E-01
 -7.69483E+00  7.17501E-01
 -7.44661E+00  7.10365E-01
 -7.19839E+00  6.97881E-01
 -6.95017E+00  7.02697E-01
 -6.70195E+00  7.46091E-01
 -6.45373E+00  7.88165E-01
 -6.20551E+00  7.71220E-01
 -5.95729E+00  7.33845E-01
 -5.70907E+00  7.13283E-01
 -5.46085E+00  6.69618E-01
 -5.21263E+00  6.32934E-01
 -4.96441E+00  6.36909E-01
 -4.71619E+00  6.51368E-01
 -4.46797E+00  6.45447E-01
 -4.21975E+00  6.39431E-01
 -3.97153E+00  6.71921E-01
 -3.72331E+00  6.66423E-01
 -3.47509E+00  6.05585E-01
 -3.22686E+00  5.97317E-01
 -2.97864E+00  6.37755E-01
 -2.73042E+00  6.79633E-01
 -2.48220E+00  7.32954E-01
 -2.23398E+00  7.77215E-01
 -1.98576E+00  7.90118E-01
 -1.73754E+00  7.83117E-01
 -1.48932E+00  7.55673E-01
 -1.24110E+00  6.89288E-01
 -9.92882E-01  6.10445E-01
 -7.44661E-01  5.80246E-01
 -4.96441E-01  6.16098E-01
 -2.48220E-01  6.72719E-01
  0.00000E+00  7.15978E-01
  2.48220E-01  7.44858E-01
  4.96441E-01  7.47170E-01
  7.44661E-01  7.31528E-01
  9.92882E-01  7.57788E-01
  1.24110E+00  8.14228E-01
  1.48932E+00  8.30952E-01
  1.73754E+00  7.95759E-01
  1.98576E+00  7.48393E-01
  2.23398E+00  7.11644E-01
  2.48220E+00  6.81288E-01
  2.73042E+00  6.60598E-01
  2.97864E+00  6.36932E-01
  3.22686E+00  6.26644E-01
  3.47509E+00  6.89949E-01
  3.72331E+00  7.81840E-01
  3.97153E+00  8.22902E-01
  4.21975E+00  8.10429E-01
  4.46797E+00  8.21623E-01
  4.71619E+00  8.58489E-01
  4.96441E+00  8.35394E-01
  5.21263E+00  8.02774E-01
  5.46085E+00  8.53073E-01
  5.70907E+00  9.19325E-01
  5.95729E+00  9.94477E-01
  6.20551E+00  1.09979E+00
  6.45373E+00  1.10368E+00
  6.70195E+00  1.00826E+00
  6.95017E+00  9.20275E-01
  7.19839E+00  8.21085E-01
  7.44661E+00  7.24282E-01
  7.69483E+00  7.04491E-01
  7.94305E+00  7.53921E-01
  8.19127E+00  8.35811E-01
  8.43949E+00  8.77624E-01
  8.68771E+00  8.65791E-01
  8.93593E+00  8.56499E-01
  9.18415E+00  8.20711E-01
  9.43237E+00  7.94189E-01
  9.68059E+00  8.38643E-01
  9.92882E+00  8.96232E-01
  1.01770E+01  9.11281E-01
  1.04253E+01  8.96338E-01
  1.06735E+01  8.81003E-01
  1.09217E+01  9.23764E-01
  1.11699E+01  9.87902E-01
  1.14181E+01  9.68983E-01
  1.16664E+01  9.32441E-01
  1.19146E+01  9.47551E-01
  1.21628E+01  9.73934E-01
  1.24110E+01  1.01363E+00
  1.26592E+01  1.05485E+00
  1.29075E+01  1.12684E+00
  1.31557E+01  1.23717E+00
  1.34039E+01  1.29319E+00
  1.36521E+01  1.29822E+00
  1.39003E+01  1.26373E+00
  1.41486E+01  1.16768E+00
  1.43968E+01  1.09410E+00
  1.46450E+01  1.06090E+00
  1.48932E+01  1.04238E+00
  1.51414E+01  1.09553E+00
  1.53897E+01  1.17590E+00
  1.56379E+01  1.22403E+00
  1.58861E+01  1.26139E+00
  1.61343E+01  1.25154E+00
  1.63825E+01  1.19655E+00
  1.66308E+01  1.15942E+00
  1.68790E+01  1.18133E+00
  1.71272E+01  1.26415E+00
  1.73754E+01  1.30741E+00
  1.76236E+01  1.28399E+00
  1.78719E+01  1.29891E+00
  1.81201E+01  1.36618E+00
  1.83683E+01  1.40928E+00
  1.86165E+01  1.43447E+00
  1.88647E+01  1.48655E+00
  1.91130E+01  1.48580E+00
  1.93612E+01  1.42151E+00
  1.96094E+01  1.38576E+00
  1.98576E+01  1.39058E+00
  2.01059E+01  1.43704E+00
  2.03541E+01  1.49065E+00
  2.06023E+01  1.53296E+00
  2.08505E+01  1.59030E+00
  2.10987E+01  1.69776E+00
  2.13470E+01  1.89024E+00
  2.15952E+01  2.04352E+00
  2.18434E+01  2.12408E+00
  2.20916E+01  2.27923E+00
  2.23398E+01  2.36630E+00
  2.25881E+01  2.21924E+00
  2.28363E+01  2.04445E+00
  2.30845E+01  2.07306E+00
  2.33327E+01  2.30603E+00
  2.35809E+01  2.59316E+00
  2.38292E+01  2.75627E+00
  2.40774E+01  2.80077E+00
  2.43256E+01  2.87859E+00
  2.45738E+01  2.94137E+00
  2.48220E+01  2.91428E+00
  2.50703E+01  2.93118E+00
  2.53185E+01  3.02968E+00
  2.55667E+01  3.19861E+00
  2.58149E+01  3.42501E+00
  2.60631E+01  3.59005E+00
  2.63114E+01  3.59748E+00
  2.65596E+01  3.54721E+00
  2.68078E+01  3.57104E+00
  2.70560E+01  3.67572E+00
  2.73042E+01  3.78827E+00
  2.75525E+01  3.79184E+00
  2.78007E+01  3.68117E+00
  2.80489E+01  3.59869E+00
  2.82971E+01  3.54504E+00
  2.85453E+01  3.47080E+00
  2.87936E+01  3.43009E+00
  2.90418E+01  3.43937E+00
  2.92900E+01  3.36769E+00
  2.95382E+01  3.10325E+00
  2.97864E+01  2.77646E+00
  3.00347E+01  2.62793E+00
  3.02829E+01  2.64791E+00
  3.05311E+01  2.65937E+00
  3.07793E+01  2.65056E+00
  3.10275E+01  2.65678E+00
  3.12758E+01  2.61132E+00
  3.15240E+01  2.48841E+00
  3.17722E+01  2.30231E+00
  3.20204E+01  2.12995E+00
  3.22686E+01  2.08648E+00
  3.25169E+01  2.12831E+00
  3.27651E+01  2.16533E+00
  3.30133E+01  2.19769E+00
  3.32615E+01  2.19028E+00
  3.35098E+01  2.11278E+00
  3.37580E+01  2.03583E+00
  3.40062E+01  2.03035E+00
  3.42544E+01  2.09484E+00
  3.45026E+01  2.04103E+00
  3.47509E+01  1.81018E+00
  3.49991E+01  1.67166E+00
  3.52473E+01  1.76558E+00
  3.54955E+01  1.90920E+00
  3.57437E+01  1.96186E+00
  3.59920E+01  1.93466E+00
  3.62402E+01  1.85112E+00
  3.64884E+01  1.73115E+00
  3.67366E+01  1.66115E+00
  3.69848E+01  1.68403E+00
  3.72331E+01  1.75974E+00
  3.74813E+01  1.79689E+00
  3.77295E+01  1.74222E+00
  3.79777E+01  1.72156E+00
  3.82259E+01  1.82393E+00
  3.84742E+01  1.88352E+00
  3.87224E+01  1.77069E+00
  3.89706E+01  1.63610E+00
  3.92188E+01  1.57656E+00
  3.94670E+01  1.52191E+00
  3.97153E+01  1.45224E+00
  3.99635E+01  1.45559E+00
  4.02117E+01  1.51663E+00
  4.04599E+01  1.46591E+00
  4.07081E+01  1.30692E+00
  4.09564E+01  1.21705E+00
  4.12046E+01  1.27075E+00
  4.14528E+01  1.39545E+00
  4.17010E+01  1.45573E+00
  4.19492E+01  1.40302E+00
  4.21975E+01  1.32597E+00
  4.24457E+01  1.33770E+00
  4.26939E+01  1.37081E+00
  4.29421E+01  1.30946E+00
  4.31903E+01  1.23393E+00
  4.34386E+01  1.19948E+00
  4.36868E+01  1.17058E+00
  4.39350E+01  1.18131E+00
  4.41832E+01  1.20753E+00
  4.44314E+01  1.22599E+00
  4.46797E+01  1.28547E+00
  4.49279E+01  1.31252E+00
  4.51761E+01  1.21648E+00
  4.54243E+01  1.05252E+00
  4.56725E+01  9.85962E-01
  4.59208E+01  1.06424E+00
  4.61690E+01  1.25976E+00
  4.64172E+01  1.52899E+00
  4.66654E+01  1.64983E+00
  4.69137E+01  1.54807E+00
  4.71619E+01  1.48123E+00
  4.74101E+01  1.54789E+00
  4.76583E+01  1.53787E+00
  4.79065E+01  1.50196E+00
  4.81548E+01  1.56962E+00
  4.84030E+01  1.66824E+00
  4.86512E+01  1.78473E+00
  4.88994E+01  1.87263E+00
  4.91476E+01  1.76624E+00
  4.93959E+01  1.56008E+00
  4.96441E+01  1.46119E+00
  4.98923E+01  1.41191E+00
  5.01405E+01  1.33082E+00
  5.03887E+01  1.22530E+00
  5.06370E+01  1.11122E+00
  5.08852E+01  1.00578E+00
  5.11334E+01  9.09864E-01
  5.13816E+01  8.09155E-01
  5.16298E+01  6.79197E-01
  5.18781E+01  5.69430E-01
  5.21263E+01  5.15843E-01
  5.23745E+01  4.55803E-01
  5.26227E+01  3.76256E-01
  5.28709E+01  2.91085E-01
  5.31192E+01  2.33482E-01
  5.33674E+01  2.38524E-01
  5.36156E+01  2.57167E-01
  5.38638E+01  2.33088E-01
  5.41120E+01  1.75990E-01
  5.43603E+01  1.27334E-01
  5.46085E+01  1.04995E-01
  5.48567E+01  9.29560E-02
  5.51049E+01  6.32611E-02
  5.53531E+01  5.48257E-02
  5.56014E+01  8.16079E-02
  5.58496E+01  8.70314E-02
  5.60978E+01  6.71294E-02
  5.63460E+01  5.49156E-02
  5.65942E+01  4.93639E-02
  5.68425E+01  4.97436E-02
  5.70907E+01  7.15441E-02
  5.73389E+01  7.38994E-02
  5.75871E+01  2.93458E-02
  5.78353E+01  3.17161E-04
  5.80836E+01  5.68057E-03
  5.83318E+01  2.53346E-02
  5.85800E+01  5.21374E-02
  5.88282E+01  6.34316E-02
  5.90764E+01  3.77775E-02
  5.93247E+01 -5.28183E-03
  5.95729E+01 -3.12687E-02
  5.98211E+01 -3.12508E-02
  6.00693E+01 -1.25989E-02
  6.03176E+01  1.58125E-02
  6.05658E+01  1.93376E-02
  6.08140E+01 -4.45924E-03
  6.10622E+01 -9.15899E-03
  6.13104E+01  1.58232E-02
  6.15587E+01  3.48197E-02
  6.18069E+01  4.73072E-02
  6.20551E+01  5.47730E-02
  6.23033E+01  3.03938E-02
  6.25515E+01 -2.91751E-03
  6.27998E+01  2.37155E-03
  6.30480E+01  2.80262E-02
  6.32962E+01  3.24967E-02
  6.35444E+01  3.57338E-03
  6.37926E+01 -3.45218E-02
  6.40409E+01 -3.82794E-02
  6.42891E+01 -1.59136E-02
  6.45373E+01  1.06439E-03
  6.47855E+01  9.92119E-03
  6.50337E+01  1.82305E-02
  6.52820E+01  2.36494E-02
  6.55302E+01  6.55166E-03
  6.57784E+01 -1.87048E-02
  6.60266E+01 -2.60359E-02
  6.62748E+01 -2.45666E-02
  6.65231E+01 -2.80294E-02
  6.67713E+01 -1.19187E-02
  6.70195E+01  2.55698E-02
  6.72677E+01  3.88981E-02
  6.75159E+01  1.70263E-02
  6.77642E+01  8.63282E-03
  6.80124E+01  6.08210E-03
  6.82606E+01 -7.87125E-03
  6.85088E+01 -1.39910E-03
  6.87570E+01  1.54429E-02
  6.90053E+01  4.14163E-03
  6.92535E+01 -9.82283E-03
  6.95017E+01  7.57125E-03
  6.97499E+01  1.52330E-02
  6.99981E+01 -9.30773E-03
  7.02464E+01 -3.27568E-02
  7.04946E+01 -3.50605E-02
  7.07428E+01 -1.29054E-02
  7.09910E+01  3.66229E-02
  7.12392E+01  6.37264E-02
  7.14875E+01  2.91024E-02
  7.17357E+01 -1.91606E-02
  7.19839E+01 -3.65076E-02
  7.22321E+01 -2.48677E-02
  7.24803E+01 -1.04020E-02
  7.27286E+01 -5.35882E-03
  7.29768E+01 -2.71825E-03
  7.32250E+01 -9.58834E-03
  7.34732E+01 -2.34160E-02
  7.37215E+01 -2.09670E-02
  7.39697E+01  3.61187E-03
  7.42179E+01  1.90854E-02
  7.44661E+01  1.57376E-02
  7.47143E+01  1.03150E-02
  7.49626E+01  1.86304E-02
  7.52108E+01  2.17956E-02
  7.54590E+01 -1.23897E-02
  7.57072E+01 -4.58520E-02
  7.59554E+01 -4.08575E-02
  7.62037E+01 -2.11164E-02
  7.64519E+01 -8.71507E-03
  7.67001E+01  2.18858E-05
  7.69483E+01 -5.73647E-03
  7.71965E+01 -1.67676E-02
  7.74448E+01 -2.06650E-02
  7.76930E+01 -1.82672E-03
  7.79412E+01  3.32496E-02
  7.81894E+01  4.13057E-02
  7.84376E+01  1.59585E-02
  7.86859E+01 -1.40413E-02
  7.89341E+01 -2.20265E-02
  7.91823E+01 -2.52518E-02
  7.94305E+01 -1.88874E-02
  7.96787E+01  8.28149E-03
  7.99270E+01  2.34378E-02
  8.01752E+01  1.19179E-03
  8.04234E+01 -1.08306E-02
  8.06716E+01  1.36110E-02
  8.09198E+01  2.78164E-02
  8.11681E+01  2.26475E-02
  8.14163E+01  1.21381E-02
  8.16645E+01  1.04604E-02
  8.19127E+01  3.24640E-02
  8.21609E+01  3.82254E-02
  8.24092E+01 -7.41974E-03
  8.26574E+01 -4.43123E-02
  8.29056E+01 -4.02957E-02
  8.31538E+01 -3.26100E-02
  8.34020E+01 -3.73759E-02
  8.36503E+01 -3.56492E-02
  8.38985E+01 -2.59607E-02
  8.41467E+01 -1.10371E-02
  8.43949E+01  6.77887E-04
  8.46431E+01 -6.96890E-03
  8.48914E+01 -2.46297E-02
  8.51396E+01 -3.61253E-02
  8.53878E+01 -2.19836E-02
  8.56360E+01  2.19811E-02
  8.58843E+01  6.35683E-02
  8.61325E+01  5.84699E-02
  8.63807E+01  2.59622E-02
  8.66289E+01  4.81456E-03
  8.68771E+01  6.95977E-03
  8.71254E+01  2.69245E-02
  8.73736E+01  5.55266E-02
  8.76218E+01  6.97285E-02
  8.78700E+01  4.91305E-02
  8.81182E+01  3.89590E-02
  8.83665E+01  4.57780E-02
  8.86147E+01  4.21167E-02
  8.88629E+01  2.11558E-02
  8.91111E+01 -1.12551E-02
  8.93593E+01 -2.85132E-02
  8.96076E+01 -5.76636E-03
  8.98558E+01  3.77177E-02
  9.01040E+01  4.61024E-02
  9.03522E+01  1.64966E-02
  9.06004E+01 -1.31912E-02
  9.08487E+01 -2.95118E-02
  9.10969E+01 -3.44036E-02
  9.13451E+01 -2.28614E-02
  9.15933E+01  1.23533E-02
  9.18415E+01  3.83619E-02
  9.20898E+01  2.37600E-02
  9.23380E+01  1.27442E-02
  9.25862E+01  2.27079E-02
  9.28344E+01  2.26044E-02
  9.30826E+01  2.78358E-02
  9.33309E+01  2.94867E-02
  9.35791E+01  1.35414E-03
  9.38273E+01 -2.51689E-02
  9.40755E+01 -2.26775E-02
  9.43237E+01 -9.17813E-03
  9.45720E+01  2.31212E-03
  9.48202E+01  7.76062E-03
  9.50684E+01  2.73759E-03
  9.53166E+01 -5.27327E-03
  9.55648E+01 -9.90013E-03
  9.58131E+01 -8.58295E-03
  9.60613E+01 -2.95219E-03
  9.63095E+01 -4.53632E-03
  9.65577E+01 -1.42555E-02
  9.68059E+01 -1.80623E-02
  9.70542E+01 -1.22715E-02
  9.73024E+01 -1.10855E-02
  9.75506E+01 -1.38659E-02
  9.77988E+01 -1.67653E-02
  9.80470E+01 -1.91201E-02
  9.82953E+01 -1.55042E-02
  9.85435E+01  8.14023E-03
  9.87917E+01  3.65702E-02
  9.90399E+01  4.84415E-02
  9.92882E+01  5.11660E-02
  9.95364E+01  3.24956E-02
  9.97846E+01 -3.05877E-03
  1.00033E+02 -1.59001E-02
  1.00281E+02  4.04059E-03
  1.00529E+02  2.68100E-02
  1.00777E+02  9.10858E-03
  1.01026E+02 -2.95438E-02
  1.01274E+02 -4.26967E-02
  1.01522E+02 -3.83751E-02
  1.01770E+02 -3.98056E-02
  1.02019E+02 -3.34548E-02
