@page size 600,600
@view 0.12,0.1,0.97,0.93
@subtitle "PHOENIX module phox, 04/18/18 at 11:01:53 -07:00"
@xaxes scale Normal
@yaxes scale Normal
@xaxis label "energy (meV)"
@yaxis label "data without elastic peak"
@s0 errorbar size 0.0
@type xydy
 -6.46223E+01 -1.07638E-01  1.36228E+00
 -6.43731E+01 -1.78400E+00  0.00000E+00
 -6.41239E+01 -1.68709E+00  1.44184E+00
 -6.38747E+01  1.54450E+00  2.24591E+00
 -6.36256E+01 -1.79242E+00  1.17120E+00
 -6.33764E+01  8.32690E-02  1.86269E+00
 -6.31272E+01 -7.40100E-01  1.58522E+00
 -6.28780E+01  3.68083E-01  2.20149E+00
 -6.26288E+01  2.39832E+00  2.22596E+00
 -6.23796E+01  5.92337E-01  1.47431E+00
 -6.21305E+01 -4.60607E-02  1.71506E+00
 -6.18813E+01 -2.27172E+00  1.05764E+00
 -6.16321E+01  9.04404E-01  2.22240E+00
 -6.13829E+01  1.93169E+00  2.23879E+00
 -6.11337E+01  1.11320E+00  2.01195E+00
 -6.08845E+01  7.64475E-02  1.76083E+00
 -6.06354E+01  1.26596E-01  1.73733E+00
 -6.03862E+01  4.10237E-01  1.93094E+00
 -6.01370E+01  5.22435E-01  2.39567E+00
 -5.98878E+01  1.50252E+00  1.66772E+00
 -5.96386E+01  3.31585E-01  1.48100E+00
 -5.93894E+01 -1.24652E+00  1.34495E+00
 -5.91403E+01 -1.90736E+00  1.45958E+00
 -5.88911E+01  3.97153E-01  2.45290E+00
 -5.86419E+01  4.52774E+00  2.45217E+00
 -5.83927E+01  2.13621E+00  2.20566E+00
 -5.81435E+01 -7.34818E-02  1.72412E+00
 -5.78943E+01  2.31356E+00  2.10320E+00
 -5.76452E+01  1.39617E+00  2.77584E+00
 -5.73960E+01  6.05751E+00  2.53100E+00
 -5.71468E+01  2.70270E+00  2.43736E+00
 -5.68976E+01  3.08743E+00  2.25488E+00
 -5.66484E+01 -3.79200E-01  2.55393E+00
 -5.63992E+01  8.82883E+00  3.04931E+00
 -5.61501E+01  4.30023E+00  3.28018E+00
 -5.59009E+01  6.95110E+00  3.02507E+00
 -5.56517E+01  8.42402E+00  3.09023E+00
 -5.54025E+01  5.60374E+00  3.40889E+00
 -5.51533E+01  1.06958E+01  3.38499E+00
 -5.49041E+01  9.30899E+00  3.86046E+00
 -5.46550E+01  1.30300E+01  4.12148E+00
 -5.44058E+01  1.16617E+01  3.44131E+00
 -5.41566E+01  1.11798E+01  4.02095E+00
 -5.39074E+01  1.78471E+01  4.91839E+00
 -5.36582E+01  1.76266E+01  4.16973E+00
 -5.34090E+01  1.53864E+01  4.44789E+00
 -5.31599E+01  1.55209E+01  3.30264E+00
 -5.29107E+01  8.58079E+00  3.43563E+00
 -5.26615E+01  1.12111E+01  3.90380E+00
 -5.24123E+01  1.13135E+01  4.05511E+00
 -5.21631E+01  1.30449E+01  4.01225E+00
 -5.19139E+01  1.38986E+01  4.30267E+00
 -5.16648E+01  1.99349E+01  4.37746E+00
 -5.14156E+01  1.63476E+01  4.69595E+00
 -5.11664E+01  1.66131E+01  3.62338E+00
 -5.09172E+01  1.34260E+01  4.07765E+00
 -5.06680E+01  1.62109E+01  4.15359E+00
 -5.04188E+01  9.95533E+00  3.93767E+00
 -5.01697E+01  1.15697E+01  3.79590E+00
 -4.99205E+01  1.06557E+01  3.69746E+00
 -4.96713E+01  1.27821E+01  3.75653E+00
 -4.94221E+01  1.11887E+01  4.07173E+00
 -4.91729E+01  1.35086E+01  3.72215E+00
 -4.89237E+01  1.38761E+01  4.23294E+00
 -4.86746E+01  1.38497E+01  4.20831E+00
 -4.84254E+01  1.13167E+01  3.74011E+00
 -4.81762E+01  8.71136E+00  3.14307E+00
 -4.79270E+01  9.24447E+00  3.83824E+00
 -4.76778E+01  1.27692E+01  3.85762E+00
 -4.74286E+01  1.40449E+01  4.16683E+00
 -4.71795E+01  2.12599E+01  4.94868E+00
 -4.69303E+01  1.72076E+01  4.46920E+00
 -4.66811E+01  1.80852E+01  4.09385E+00
 -4.64319E+01  1.39046E+01  4.04172E+00
 -4.61827E+01  1.46384E+01  4.53587E+00
 -4.59335E+01  1.49867E+01  3.86698E+00
 -4.56844E+01  1.53496E+01  4.49016E+00
 -4.54352E+01  1.57605E+01  4.25818E+00
 -4.51860E+01  1.29161E+01  3.98541E+00
 -4.49368E+01  1.87995E+01  4.71594E+00
 -4.46876E+01  2.32287E+01  4.71694E+00
 -4.44384E+01  1.68394E+01  4.68110E+00
 -4.41893E+01  2.21702E+01  5.07938E+00
 -4.39401E+01  2.49407E+01  4.94135E+00
 -4.36909E+01  1.42686E+01  4.45726E+00
 -4.34417E+01  2.33628E+01  4.89772E+00
 -4.31925E+01  1.95561E+01  4.72840E+00
 -4.29433E+01  1.97961E+01  5.14819E+00
 -4.26942E+01  2.29360E+01  4.80600E+00
 -4.24450E+01  3.04386E+01  5.63708E+00
 -4.21958E+01  2.38984E+01  4.74162E+00
 -4.19466E+01  1.87285E+01  5.06568E+00
 -4.16974E+01  2.21852E+01  4.68213E+00
 -4.14482E+01  2.03817E+01  5.08894E+00
 -4.11991E+01  2.67494E+01  5.14174E+00
 -4.09499E+01  2.07105E+01  4.81448E+00
 -4.07007E+01  1.88849E+01  4.91005E+00
 -4.04515E+01  2.80823E+01  5.35592E+00
 -4.02023E+01  2.68844E+01  5.35212E+00
 -3.99531E+01  2.45748E+01  5.24578E+00
 -3.97040E+01  2.11124E+01  4.63197E+00
 -3.94548E+01  2.64055E+01  5.55888E+00
 -3.92056E+01  3.87153E+01  6.33191E+00
 -3.89564E+01  2.72361E+01  5.44113E+00
 -3.87072E+01  2.04056E+01  4.56993E+00
 -3.84580E+01  1.42109E+01  3.85685E+00
 -3.82089E+01  2.80702E+01  5.97600E+00
 -3.79597E+01  2.86975E+01  5.31263E+00
 -3.77105E+01  2.70428E+01  5.36787E+00
 -3.74613E+01  3.19301E+01  6.17924E+00
 -3.72121E+01  3.13077E+01  5.43973E+00
 -3.69629E+01  3.20004E+01  6.18210E+00
 -3.67138E+01  3.02389E+01  5.40630E+00
 -3.64646E+01  2.75916E+01  5.65141E+00
 -3.62154E+01  2.82894E+01  5.36490E+00
 -3.59662E+01  2.87037E+01  6.03420E+00
 -3.57170E+01  3.51587E+01  6.10972E+00
 -3.54678E+01  4.64501E+01  7.30420E+00
 -3.52187E+01  5.04261E+01  6.75876E+00
 -3.49695E+01  3.93469E+01  7.02789E+00
 -3.47203E+01  5.19277E+01  6.84091E+00
 -3.44711E+01  4.18436E+01  6.32495E+00
 -3.42219E+01  4.21200E+01  7.16685E+00
 -3.39727E+01  4.87334E+01  6.96726E+00
 -3.37236E+01  6.34616E+01  8.03929E+00
 -3.34744E+01  4.95300E+01  7.04093E+00
 -3.32252E+01  5.84298E+01  8.07865E+00
 -3.29760E+01  5.13475E+01  6.97458E+00
 -3.27268E+01  5.78534E+01  8.10205E+00
 -3.24776E+01  5.78309E+01  7.57188E+00
 -3.22285E+01  5.76720E+01  7.47069E+00
 -3.19793E+01  6.41058E+01  8.21449E+00
 -3.17301E+01  6.41811E+01  8.05265E+00
 -3.14809E+01  6.72175E+01  8.61860E+00
 -3.12317E+01  7.28757E+01  8.38965E+00
 -3.09825E+01  7.03369E+01  8.29585E+00
 -3.07334E+01  7.25778E+01  8.91969E+00
 -3.04842E+01  8.15811E+01  9.22503E+00
 -3.02350E+01  9.08694E+01  9.27532E+00
 -2.99858E+01  7.89205E+01  9.27896E+00
 -2.97366E+01  8.69279E+01  9.24363E+00
 -2.94874E+01  8.32219E+01  8.96143E+00
 -2.92383E+01  8.27473E+01  9.39986E+00
 -2.89891E+01  9.47675E+01  9.47136E+00
 -2.87399E+01  7.88933E+01  9.26100E+00
 -2.84907E+01  8.12397E+01  8.77107E+00
 -2.82415E+01  7.91769E+01  9.19271E+00
 -2.79923E+01  8.69781E+01  9.01513E+00
 -2.77432E+01  7.02962E+01  8.30164E+00
 -2.74940E+01  6.52909E+01  8.13947E+00
 -2.72448E+01  6.15577E+01  8.05981E+00
 -2.69956E+01  6.20959E+01  7.77853E+00
 -2.67464E+01  6.76377E+01  8.23076E+00
 -2.64972E+01  5.96480E+01  8.05740E+00
 -2.62480E+01  6.54167E+01  8.46885E+00
 -2.59989E+01  6.25400E+01  7.50651E+00
 -2.57497E+01  4.68860E+01  6.68662E+00
 -2.55005E+01  5.02826E+01  7.62860E+00
 -2.52513E+01  5.82583E+01  7.49951E+00
 -2.50021E+01  5.28602E+01  7.14612E+00
 -2.47529E+01  4.92696E+01  7.47570E+00
 -2.45038E+01  5.09281E+01  7.16779E+00
 -2.42546E+01  4.77316E+01  7.08219E+00
 -2.40054E+01  5.21243E+01  7.43253E+00
 -2.37562E+01  5.24899E+01  7.37954E+00
 -2.35070E+01  5.11619E+01  7.22154E+00
 -2.32578E+01  5.04594E+01  6.90729E+00
 -2.30087E+01  4.30720E+01  6.76508E+00
 -2.27595E+01  3.97383E+01  6.42870E+00
 -2.25103E+01  4.57830E+01  7.34823E+00
 -2.22611E+01  5.08575E+01  6.88689E+00
 -2.20119E+01  3.94302E+01  6.45290E+00
 -2.17627E+01  4.04412E+01  6.37357E+00
 -2.15136E+01  4.09076E+01  6.47386E+00
 -2.12644E+01  4.13456E+01  6.84254E+00
 -2.10152E+01  3.18951E+01  5.40737E+00
 -2.07660E+01  2.83347E+01  6.13179E+00
 -2.05168E+01  4.65980E+01  6.99856E+00
 -2.02676E+01  5.03557E+01  7.27282E+00
 -2.00185E+01  4.16386E+01  6.39396E+00
 -1.97693E+01  4.03905E+01  6.55968E+00
 -1.95201E+01  3.69566E+01  6.14102E+00
 -1.92709E+01  4.38835E+01  6.93741E+00
 -1.90217E+01  4.42843E+01  6.86324E+00
 -1.87725E+01  3.70524E+01  5.67533E+00
 -1.85234E+01  3.16047E+01  6.20976E+00
 -1.82742E+01  4.41962E+01  7.31887E+00
 -1.80250E+01  4.03540E+01  5.72282E+00
 -1.77758E+01  3.13242E+01  5.74176E+00
 -1.75266E+01  3.29111E+01  6.39715E+00
 -1.72774E+01  4.52362E+01  7.24801E+00
 -1.70283E+01  4.71079E+01  6.64600E+00
 -1.67791E+01  3.81250E+01  6.51343E+00
 -1.65299E+01  3.79859E+01  6.56206E+00
 -1.62807E+01  4.59531E+01  7.10069E+00
 -1.60315E+01  4.07318E+01  5.81954E+00
 -1.57823E+01  3.12816E+01  5.74264E+00
 -1.55332E+01  3.92514E+01  6.86612E+00
 -1.52840E+01  4.29621E+01  6.84623E+00
 -1.50348E+01  4.20208E+01  6.41057E+00
 -1.47856E+01  3.56970E+01  6.24369E+00
 -1.45364E+01  3.86182E+01  6.49750E+00
 -1.42872E+01  3.91915E+01  6.55992E+00
 -1.40381E+01  4.09229E+01  5.96108E+00
 -1.37889E+01  3.29607E+01  6.44704E+00
 -1.35397E+01  4.63794E+01  6.77820E+00
 -1.32905E+01  4.02750E+01  6.72680E+00
 -1.30413E+01  3.69423E+01  6.26559E+00
 -1.27921E+01  4.00228E+01  6.26213E+00
 -1.25430E+01  3.27017E+01  6.35344E+00
 -1.22938E+01  3.68686E+01  6.12759E+00
 -1.20446E+01  3.66164E+01  6.21401E+00
 -1.17954E+01  4.07424E+01  6.37304E+00
 -1.15462E+01  3.56555E+01  6.01542E+00
 -1.12970E+01  2.95130E+01  5.74110E+00
 -1.10479E+01  4.02973E+01  7.18565E+00
 -1.07987E+01  4.89519E+01  6.93881E+00
 -1.05495E+01  4.61526E+01  6.94646E+00
 -1.03003E+01  4.10068E+01  6.33140E+00
 -1.00511E+01  3.71697E+01  6.45429E+00
 -9.80194E+00  3.98008E+01  6.59418E+00
 -9.55276E+00  4.70354E+01  7.15307E+00
 -9.30358E+00  4.13814E+01  6.40219E+00
 -9.05439E+00  4.02387E+01  6.69870E+00
 -8.80521E+00  4.83291E+01  7.24590E+00
 -8.55603E+00  3.92010E+01  5.98286E+00
 -8.30684E+00  3.85162E+01  7.01055E+00
 -8.05766E+00  4.58683E+01  6.39703E+00
 -7.80848E+00  3.64708E+01  6.41933E+00
 -7.55929E+00  4.15969E+01  6.76494E+00
 -7.31011E+00  4.72177E+01  7.38731E+00
 -7.06093E+00  4.19259E+01  6.15230E+00
 -6.81174E+00  3.59278E+01  6.57223E+00
 -6.56256E+00  4.64121E+01  6.88049E+00
 -6.31338E+00  4.21155E+01  6.67086E+00
 -6.06419E+00  4.08450E+01  6.49378E+00
 -5.81501E+00  3.67372E+01  6.07675E+00
 -5.56583E+00  3.93765E+01  6.89114E+00
 -5.31664E+00  5.08385E+01  7.76118E+00
 -5.06746E+00  5.46503E+01  6.58569E+00
 -4.81828E+00  3.25513E+01  6.00238E+00
 -4.56909E+00  4.58795E+01  7.70197E+00
 -4.31991E+00  5.45827E+01  7.44800E+00
 -4.07073E+00  5.61707E+01  7.90112E+00
 -3.82154E+00  6.14525E+01  8.03715E+00
 -3.57236E+00  4.41781E+01  7.73438E+00
 -3.32318E+00  4.82447E+01  8.41300E+00
 -3.07399E+00  5.07176E+01  8.12032E+00
 -2.82481E+00  5.24048E+01  8.60210E+00
 -2.57563E+00  5.45308E+01  9.88246E+00
 -2.32644E+00  5.62612E+01  1.09531E+01
 -2.07726E+00  5.66291E+01  1.28907E+01
 -1.82807E+00  5.48016E+01  1.54410E+01
 -1.57889E+00  5.06723E+01  1.94920E+01
 -1.32971E+00  4.49242E+01  2.81154E+01
 -1.08052E+00  3.99718E+01  4.01722E+01
 -8.31341E-01  3.94292E+01  5.69984E+01
 -5.82158E-01  4.46753E+01  7.27728E+01
 -3.32974E-01  5.23867E+01  8.57323E+01
 -8.37910E-02  5.70083E+01  8.87830E+01
  1.65392E-01  5.54475E+01  8.17174E+01
  4.14576E-01  5.03059E+01  6.78262E+01
  6.63759E-01  4.69221E+01  5.20519E+01
  9.12943E-01  4.75991E+01  3.67370E+01
  1.16213E+00  5.05460E+01  2.53375E+01
  1.41131E+00  5.27254E+01  1.87053E+01
  1.66049E+00  5.26205E+01  1.43027E+01
  1.90968E+00  5.09907E+01  1.09901E+01
  2.15886E+00  4.95309E+01  9.08528E+00
  2.40804E+00  4.90504E+01  8.88353E+00
  2.65723E+00  4.93578E+01  6.90374E+00
  2.90641E+00  5.01839E+01  7.41523E+00
  3.15559E+00  4.67248E+01  7.98503E+00
  3.40478E+00  6.10684E+01  8.17381E+00
  3.65396E+00  5.93004E+01  7.19898E+00
  3.90314E+00  4.71981E+01  7.21672E+00
  4.15233E+00  5.08868E+01  7.46697E+00
  4.40151E+00  4.73191E+01  7.21650E+00
  4.65069E+00  5.02774E+01  6.89891E+00
  4.89988E+00  4.63577E+01  7.67048E+00
  5.14906E+00  5.13306E+01  7.10129E+00
  5.39824E+00  4.60984E+01  7.10017E+00
  5.64743E+00  5.36488E+01  7.89002E+00
  5.89661E+00  5.67616E+01  6.86712E+00
  6.14579E+00  4.28171E+01  7.71214E+00
  6.39498E+00  6.07871E+01  7.68597E+00
  6.64416E+00  4.94351E+01  7.21866E+00
  6.89334E+00  5.37896E+01  8.03919E+00
  7.14253E+00  6.19001E+01  7.11576E+00
  7.39171E+00  4.68857E+01  7.90257E+00
  7.64089E+00  5.83919E+01  7.50049E+00
  7.89008E+00  5.57226E+01  8.07427E+00
  8.13926E+00  5.61576E+01  7.50198E+00
  8.38845E+00  5.58721E+01  7.51828E+00
  8.63763E+00  5.22633E+01  7.73014E+00
  8.88681E+00  5.75403E+01  8.27206E+00
  9.13600E+00  6.48421E+01  7.96284E+00
  9.38518E+00  5.41498E+01  7.27120E+00
  9.63436E+00  5.81306E+01  8.40389E+00
  9.88355E+00  7.08503E+01  8.91511E+00
  1.01327E+01  7.26359E+01  7.84064E+00
  1.03819E+01  4.98870E+01  7.14265E+00
  1.06311E+01  5.45477E+01  8.30652E+00
  1.08803E+01  6.69456E+01  7.68506E+00
  1.11295E+01  5.43702E+01  7.38840E+00
  1.13786E+01  4.45996E+01  7.43766E+00
  1.16278E+01  5.92747E+01  8.23686E+00
  1.18770E+01  6.73833E+01  8.14968E+00
  1.21262E+01  6.09662E+01  8.33499E+00
  1.23754E+01  7.21316E+01  8.53093E+00
  1.26246E+01  5.89428E+01  7.41083E+00
  1.28737E+01  5.05469E+01  8.41992E+00
  1.31229E+01  7.16528E+01  8.12832E+00
  1.33721E+01  6.48198E+01  8.29560E+00
  1.36213E+01  7.13330E+01  8.87434E+00
  1.38705E+01  7.52386E+01  9.16455E+00
  1.41197E+01  7.12884E+01  9.01235E+00
  1.43688E+01  7.66088E+01  8.37680E+00
  1.46180E+01  6.38626E+01  7.54969E+00
  1.48672E+01  6.25031E+01  8.80951E+00
  1.51164E+01  6.60088E+01  8.41472E+00
  1.53656E+01  7.48280E+01  8.75376E+00
  1.56148E+01  6.96716E+01  8.41867E+00
  1.58639E+01  5.79759E+01  8.16269E+00
  1.61131E+01  7.89919E+01  9.31148E+00
  1.63623E+01  7.43262E+01  8.42951E+00
  1.66115E+01  7.05182E+01  8.78414E+00
  1.68607E+01  7.00239E+01  8.78108E+00
  1.71099E+01  6.89727E+01  8.31894E+00
  1.73590E+01  6.81243E+01  8.79981E+00
  1.76082E+01  6.90376E+01  8.37813E+00
  1.78574E+01  7.00563E+01  8.43444E+00
  1.81066E+01  6.81390E+01  8.37155E+00
  1.83558E+01  6.54123E+01  8.76055E+00
  1.86050E+01  7.69018E+01  9.21972E+00
  1.88541E+01  8.28074E+01  9.06124E+00
  1.91033E+01  8.42262E+01  9.72770E+00
  1.93525E+01  9.52023E+01  9.82353E+00
  1.96017E+01  9.44955E+01  1.00841E+01
  1.98509E+01  7.66007E+01  8.38508E+00
  2.01001E+01  7.50911E+01  9.22952E+00
  2.03492E+01  8.47606E+01  9.74811E+00
  2.05984E+01  1.00425E+02  1.03961E+01
  2.08476E+01  1.02949E+02  1.07094E+01
  2.10968E+01  1.03202E+02  1.03662E+01
  2.13460E+01  1.00217E+02  1.00972E+01
  2.15952E+01  1.08191E+02  1.05993E+01
  2.18443E+01  1.03491E+02  1.00174E+01
  2.20935E+01  9.56260E+01  1.01748E+01
  2.23427E+01  1.02284E+02  1.03773E+01
  2.25919E+01  1.01549E+02  1.03119E+01
  2.28411E+01  1.05204E+02  1.04482E+01
  2.30903E+01  1.02221E+02  1.02299E+01
  2.33395E+01  9.95617E+01  1.05637E+01
  2.35886E+01  1.07276E+02  1.10488E+01
  2.38378E+01  1.24519E+02  1.19186E+01
  2.40870E+01  1.44510E+02  1.19282E+01
  2.43362E+01  1.33097E+02  1.15703E+01
  2.45854E+01  1.27670E+02  1.21138E+01
  2.48346E+01  1.43089E+02  1.23575E+01
  2.50837E+01  1.66828E+02  1.29681E+01
  2.53329E+01  1.54977E+02  1.27651E+01
  2.55821E+01  1.57876E+02  1.30434E+01
  2.58313E+01  1.62217E+02  1.36981E+01
  2.60805E+01  1.70695E+02  1.25351E+01
  2.63297E+01  1.66581E+02  1.37897E+01
  2.65788E+01  1.86373E+02  1.45134E+01
  2.68280E+01  2.15374E+02  1.50987E+01
  2.70772E+01  2.08760E+02  1.46370E+01
  2.73264E+01  2.16587E+02  1.49411E+01
  2.75756E+01  2.19972E+02  1.51515E+01
  2.78248E+01  2.35561E+02  1.59452E+01
  2.80739E+01  2.44487E+02  1.58791E+01
  2.83231E+01  2.47969E+02  1.58146E+01
  2.85723E+01  2.34886E+02  1.56824E+01
  2.88215E+01  2.53558E+02  1.65553E+01
  2.90707E+01  2.44056E+02  1.58162E+01
  2.93199E+01  2.55278E+02  1.60237E+01
  2.95690E+01  2.37193E+02  1.57479E+01
  2.98182E+01  2.43695E+02  1.62192E+01
  3.00674E+01  2.64858E+02  1.62828E+01
  3.03166E+01  2.41949E+02  1.57901E+01
  3.05658E+01  2.46287E+02  1.59750E+01
  3.08150E+01  2.46611E+02  1.56549E+01
  3.10641E+01  2.15760E+02  1.51254E+01
  3.13133E+01  2.26304E+02  1.55417E+01
  3.15625E+01  2.35101E+02  1.54447E+01
  3.18117E+01  2.03946E+02  1.42796E+01
  3.20609E+01  1.96844E+02  1.42238E+01
  3.23101E+01  2.00577E+02  1.45840E+01
  3.25592E+01  1.93230E+02  1.39630E+01
  3.28084E+01  1.78684E+02  1.36455E+01
  3.30576E+01  1.81694E+02  1.36567E+01
  3.33068E+01  1.91594E+02  1.45461E+01
  3.35560E+01  1.78263E+02  1.31994E+01
  3.38052E+01  1.65167E+02  1.32060E+01
  3.40543E+01  1.65532E+02  1.29326E+01
  3.43035E+01  1.64737E+02  1.31560E+01
  3.45527E+01  1.69257E+02  1.33660E+01
  3.48019E+01  1.64772E+02  1.31080E+01
  3.50511E+01  1.59013E+02  1.28321E+01
  3.53003E+01  1.49491E+02  1.27084E+01
  3.55494E+01  1.44443E+02  1.22614E+01
  3.57986E+01  1.42498E+02  1.20737E+01
  3.60478E+01  1.44149E+02  1.21713E+01
  3.62970E+01  1.35896E+02  1.21662E+01
  3.65462E+01  1.48072E+02  1.22138E+01
  3.67954E+01  1.35729E+02  1.20634E+01
  3.70445E+01  1.28510E+02  1.11956E+01
  3.72937E+01  1.22923E+02  1.14404E+01
  3.75429E+01  1.19247E+02  1.15254E+01
  3.77921E+01  1.29666E+02  1.14926E+01
  3.80413E+01  1.14099E+02  1.09502E+01
  3.82905E+01  1.22188E+02  1.15508E+01
  3.85396E+01  1.23431E+02  1.10923E+01
  3.87888E+01  1.16408E+02  1.13055E+01
  3.90380E+01  1.36825E+02  1.27083E+01
  3.92872E+01  1.56602E+02  1.23427E+01
  3.95364E+01  1.21540E+02  1.11464E+01
  3.97856E+01  1.25971E+02  1.17767E+01
  4.00347E+01  1.26814E+02  1.15135E+01
  4.02839E+01  1.32791E+02  1.16363E+01
  4.05331E+01  1.25909E+02  1.19664E+01
  4.07823E+01  1.27906E+02  1.15071E+01
  4.10315E+01  1.16729E+02  1.10764E+01
  4.12807E+01  1.18109E+02  1.11826E+01
  4.15298E+01  1.09842E+02  1.11354E+01
  4.17790E+01  1.21983E+02  1.13082E+01
  4.20282E+01  1.24976E+02  1.12469E+01
  4.22774E+01  1.10245E+02  1.06779E+01
  4.25266E+01  1.06449E+02  1.04544E+01
  4.27758E+01  9.25791E+01  1.00971E+01
  4.30249E+01  1.10936E+02  1.12578E+01
  4.32741E+01  1.10837E+02  1.07379E+01
  4.35233E+01  9.81398E+01  9.96659E+00
  4.37725E+01  1.06088E+02  1.08989E+01
  4.40217E+01  1.03617E+02  1.03114E+01
  4.42709E+01  1.02766E+02  1.04475E+01
  4.45200E+01  9.85960E+01  1.06892E+01
  4.47692E+01  1.11200E+02  1.07242E+01
  4.50184E+01  1.00521E+02  1.00848E+01
  4.52676E+01  8.32153E+01  8.93922E+00
  4.55168E+01  8.33514E+01  9.68889E+00
  4.57660E+01  8.56408E+01  1.01631E+01
  4.60151E+01  9.29739E+01  9.59732E+00
  4.62643E+01  8.90436E+01  9.76428E+00
  4.65135E+01  7.34652E+01  8.72392E+00
  4.67627E+01  7.54697E+01  9.06967E+00
  4.70119E+01  6.91903E+01  8.90094E+00
  4.72611E+01  9.02817E+01  1.01148E+01
  4.75102E+01  7.54239E+01  8.49191E+00
  4.77594E+01  7.48386E+01  9.18814E+00
  4.80086E+01  7.79745E+01  9.43898E+00
  4.82578E+01  8.57234E+01  9.75010E+00
  4.85070E+01  8.18434E+01  8.75861E+00
  4.87562E+01  7.52955E+01  9.44921E+00
  4.90053E+01  8.09494E+01  9.75132E+00
  4.92545E+01  8.47512E+01  9.19523E+00
  4.95037E+01  7.96056E+01  9.46130E+00
  4.97529E+01  8.96214E+01  1.04731E+01
  5.00021E+01  9.79786E+01  9.84625E+00
  5.02513E+01  1.04801E+02  1.07099E+01
  5.05004E+01  9.53360E+01  1.04824E+01
  5.07496E+01  1.03349E+02  1.03305E+01
  5.09988E+01  1.09633E+02  1.13027E+01
  5.12480E+01  1.26988E+02  1.17421E+01
  5.14972E+01  1.17958E+02  1.10648E+01
  5.17464E+01  1.16843E+02  1.12764E+01
  5.19955E+01  1.19783E+02  1.14454E+01
  5.22447E+01  1.30616E+02  1.21546E+01
  5.24939E+01  1.41349E+02  1.21243E+01
  5.27431E+01  1.17596E+02  1.07905E+01
  5.29923E+01  1.13922E+02  1.14919E+01
  5.32415E+01  1.07543E+02  1.02830E+01
  5.34906E+01  1.07337E+02  1.09249E+01
  5.37398E+01  1.05468E+02  1.01916E+01
  5.39890E+01  1.03701E+02  1.08767E+01
  5.42382E+01  9.25173E+01  9.83075E+00
  5.44874E+01  8.69861E+01  9.31979E+00
  5.47366E+01  7.55028E+01  9.20669E+00
  5.49857E+01  7.54447E+01  8.70433E+00
  5.52349E+01  5.85065E+01  7.40790E+00
  5.54841E+01  6.06884E+01  8.49106E+00
  5.57333E+01  5.94970E+01  7.72747E+00
  5.59825E+01  5.27475E+01  7.31291E+00
  5.62317E+01  3.72489E+01  6.20795E+00
  5.64808E+01  3.36254E+01  6.73892E+00
  5.67300E+01  3.64293E+01  5.88176E+00
  5.69792E+01  2.31002E+01  5.40678E+00
  5.72284E+01  2.88218E+01  5.76677E+00
  5.74776E+01  2.93013E+01  5.72571E+00
  5.77268E+01  1.74984E+01  4.32700E+00
  5.79759E+01  1.00260E+01  3.44881E+00
  5.82251E+01  1.38688E+01  4.41598E+00
  5.84743E+01  1.58137E+01  4.58426E+00
  5.87235E+01  1.25522E+01  3.44017E+00
  5.89727E+01  5.62742E+00  3.00183E+00
  5.92219E+01  8.05998E+00  3.68385E+00
  5.94710E+01  1.15039E+01  4.28321E+00
  5.97202E+01  9.13708E+00  2.75777E+00
  5.99694E+01  7.87928E+00  4.11600E+00
  6.02186E+01  1.50584E+01  3.67521E+00
  6.04678E+01  6.16195E+00  3.45330E+00
  6.07170E+01  1.03851E+01  3.61339E+00
  6.09661E+01  8.52982E+00  3.73327E+00
  6.12153E+01  9.47009E+00  3.34058E+00
  6.14645E+01  7.76780E+00  3.38420E+00
  6.17137E+01  8.25724E+00  3.53883E+00
  6.19629E+01  7.82281E+00  3.20414E+00
  6.22121E+01  5.52108E+00  3.62149E+00
  6.24612E+01  1.28491E+01  3.84996E+00
  6.27104E+01  1.22005E+01  3.89536E+00
  6.29596E+01  3.52651E+00  2.26937E+00
  6.32088E+01  4.17866E+00  2.98571E+00
  6.34580E+01  4.08418E+00  2.28233E+00
  6.37072E+01  2.95234E+00  2.63718E+00
  6.39563E+01  4.94586E+00  2.96518E+00
  6.42055E+01  2.42348E+00  2.36423E+00
  6.44547E+01  5.51026E+00  3.50918E+00
  6.47039E+01  1.06664E+01  3.67547E+00
  6.49531E+01  9.03055E+00  3.58814E+00
  6.52023E+01  8.05902E+00  3.30741E+00
  6.54514E+01  7.42388E+00  2.97282E+00
  6.57006E+01  5.05992E+00  3.14324E+00
  6.59498E+01  6.00973E+00  2.99110E+00
  6.61990E+01  4.57171E+00  2.71398E+00
  6.64482E+01  4.24820E+00  2.97449E+00
  6.66974E+01  2.41990E+00  1.74875E+00
  6.69465E+01  1.55021E+00  2.65339E+00
  6.71957E+01  3.94708E+00  2.30906E+00
  6.74449E+01  4.96572E+00  3.51263E+00
  6.76941E+01  6.35917E+00  2.93166E+00
  6.79433E+01  3.30295E+00  1.86123E+00
  6.81925E+01  1.84409E+00  2.69214E+00
  6.84416E+01  5.79685E+00  3.31659E+00
  6.86908E+01  9.46060E+00  3.67349E+00
  6.89400E+01  7.56791E+00  3.24837E+00
  6.91892E+01  6.94242E+00  3.22869E+00
  6.94384E+01  5.75707E+00  2.86230E+00
  6.96876E+01  7.73102E+00  3.74720E+00
  6.99367E+01  6.86968E+00  2.82926E+00
  7.01859E+01  4.85565E+00  2.79754E+00
  7.04351E+01  5.95583E+00  3.27082E+00
  7.06843E+01  3.11717E+00  1.60749E+00
  7.09335E+01  2.25500E+00  3.07017E+00
  7.11827E+01  5.38927E+00  3.37009E+00
  7.14318E+01  6.72272E+00  2.71756E+00
  7.16810E+01  3.67771E+00  2.50979E+00
  7.19302E+01  1.37691E+00  2.44359E+00
  7.21794E+01  3.68883E+00  2.75893E+00
  7.24286E+01  2.64217E+00  2.81089E+00
  7.26778E+01  3.77008E+00  2.36397E+00
  7.29270E+01  5.01765E+00  3.31808E+00
  7.31761E+01  4.05685E+00  2.37489E+00
  7.34253E+01  4.05339E+00  3.20617E+00
  7.36745E+01  3.97868E+00  2.21259E+00
  7.39237E+01  4.93582E+00  2.49799E+00
  7.41729E+01  1.45443E+00  2.54982E+00
  7.44221E+01  2.86166E+00  2.27410E+00
  7.46712E+01  2.88071E+00  2.69068E+00
  7.49204E+01  3.00669E+00  2.79804E+00
  7.51696E+01  3.18161E+00  2.53007E+00
  7.54188E+01  2.61028E+00  1.88233E+00
  7.56680E+01  2.25062E+00  2.84108E+00
  7.59172E+01  3.13276E+00  2.46950E+00
  7.61663E+01  3.18749E+00  2.99337E+00
  7.64155E+01  7.48028E+00  2.79657E+00
  7.66647E+01  2.37013E+00  2.68878E+00
  7.69139E+01  2.71486E+00  2.57657E+00
  7.71631E+01  2.95381E+00  1.81099E+00
  7.74123E+01  2.02271E+00  2.28377E+00
  7.76614E+01  3.24271E+00  2.99434E+00
  7.79106E+01  1.41287E+00  2.33204E+00
  7.81598E+01  4.70811E+00  3.23177E+00
  7.84090E+01  5.38082E+00  2.34219E+00
  7.86582E+01  2.13379E+00  2.00281E+00
  7.89074E+01  9.79115E-01  2.06992E+00
  7.91565E+01  1.61922E+00  2.04252E+00
  7.94057E+01  1.95876E+00  2.27381E+00
  7.96549E+01  4.01009E+00  3.26628E+00
  7.99041E+01  8.46988E+00  3.49349E+00
  8.01533E+01  4.83163E+00  2.96187E+00
  8.04025E+01  4.05320E+00  2.71362E+00
  8.06516E+01  4.12785E+00  2.42634E+00
  8.09008E+01  1.33919E+00  2.29237E+00
  8.11500E+01  7.41881E-01  2.15198E+00
  8.13992E+01  2.61322E+00  3.17714E+00
  8.16484E+01  6.25761E+00  2.98113E+00
  8.18976E+01  6.32325E+00  2.75393E+00
  8.21467E+01  8.29250E+00  3.45129E+00
  8.23959E+01  4.16491E+00  2.58105E+00
  8.26451E+01  3.92208E+00  3.23255E+00
