@page size 600,600
@view 0.12,0.1,0.97,0.93
@subtitle "PHOENIX module phox, 04/18/18 at 10:48:34 -07:00"
@xaxes scale Normal
@yaxes scale Normal
@xaxis label "energy (meV)"
@yaxis label "partial phonon DOS (1/eV)"
@s0 errorbar size 0.0
@type xydy
  0.00000E+00  0.00000E+00  0.00000E+00
  2.48950E-01  3.17924E-03  7.29556E-03
  4.97900E-01  1.18492E-02  2.32804E-02
  7.46850E-01  2.42663E-02  3.67075E-02
  9.95800E-01  4.30496E-02  4.35340E-02
  1.24475E+00  7.43177E-02  4.18234E-02
  1.49370E+00  1.17476E-01  3.86954E-02
  1.74265E+00  1.67389E-01  4.41018E-02
  1.99160E+00  2.23035E-01  5.48146E-02
  2.24055E+00  2.82439E-01  5.56402E-02
  2.48950E+00  3.41975E-01  7.03019E-02
  2.73845E+00  3.99713E-01  9.63341E-02
  2.98740E+00  4.57435E-01  1.19060E-01
  3.23635E+00  5.30230E-01  1.22018E-01
  3.48530E+00  6.34452E-01  1.40507E-01
  3.73425E+00  7.35118E-01  1.71155E-01
  3.98320E+00  7.77611E-01  1.76203E-01
  4.23215E+00  8.07528E-01  2.03323E-01
  4.48110E+00  9.45625E-01  2.31918E-01
  4.73005E+00  1.16723E+00  2.63780E-01
  4.97900E+00  1.33203E+00  2.86933E-01
  5.22795E+00  1.38227E+00  3.30296E-01
  5.47690E+00  1.41237E+00  3.16026E-01
  5.72585E+00  1.54945E+00  3.01861E-01
  5.97480E+00  1.79770E+00  3.89665E-01
  6.22375E+00  2.07511E+00  4.42745E-01
  6.47270E+00  2.28500E+00  5.11590E-01
  6.72165E+00  2.31829E+00  4.69305E-01
  6.97060E+00  2.26645E+00  4.79302E-01
  7.21955E+00  2.50467E+00  6.53628E-01
  7.46850E+00  3.06203E+00  7.04393E-01
  7.71745E+00  3.38304E+00  6.54351E-01
  7.96640E+00  3.22554E+00  5.91482E-01
  8.21535E+00  3.17542E+00  6.88711E-01
  8.46430E+00  3.55063E+00  7.48450E-01
  8.71325E+00  3.84666E+00  8.16001E-01
  8.96220E+00  3.87936E+00  7.67442E-01
  9.21115E+00  4.11691E+00  8.52501E-01
  9.46010E+00  4.75528E+00  9.78493E-01
  9.70905E+00  5.24842E+00  9.87433E-01
  9.95800E+00  5.14747E+00  8.15738E-01
  1.02070E+01  4.81591E+00  1.07634E+00
  1.04559E+01  4.83346E+00  1.15040E+00
  1.07049E+01  5.32625E+00  1.29542E+00
  1.09538E+01  6.16293E+00  1.39018E+00
  1.12028E+01  6.99645E+00  1.33284E+00
  1.14517E+01  7.51335E+00  1.40813E+00
  1.17007E+01  7.86102E+00  1.58557E+00
  1.19496E+01  8.33431E+00  1.64399E+00
  1.21986E+01  8.61243E+00  1.72628E+00
  1.24475E+01  8.04931E+00  1.58963E+00
  1.26965E+01  7.18858E+00  1.59188E+00
  1.29454E+01  7.50955E+00  1.84341E+00
  1.31944E+01  9.02556E+00  1.89818E+00
  1.34433E+01  1.04006E+01  2.15056E+00
  1.36923E+01  1.09933E+01  2.28151E+00
  1.39412E+01  1.07633E+01  2.05394E+00
  1.41902E+01  9.96443E+00  1.71365E+00
  1.44391E+01  9.62019E+00  2.03260E+00
  1.46881E+01  1.03572E+01  2.07773E+00
  1.49370E+01  1.14111E+01  1.74516E+00
  1.51860E+01  1.18233E+01  2.23723E+00
  1.54349E+01  1.15918E+01  2.36330E+00
  1.56839E+01  1.17357E+01  2.46086E+00
  1.59328E+01  1.29484E+01  2.63448E+00
  1.61818E+01  1.42992E+01  3.01224E+00
  1.64307E+01  1.47879E+01  3.01607E+00
  1.66797E+01  1.51326E+01  2.86651E+00
  1.69286E+01  1.56996E+01  2.90230E+00
  1.71776E+01  1.59225E+01  2.77876E+00
  1.74265E+01  1.61789E+01  2.91751E+00
  1.76755E+01  1.73225E+01  3.32419E+00
  1.79244E+01  1.86497E+01  3.15719E+00
  1.81734E+01  1.94122E+01  3.59453E+00
  1.84223E+01  2.08654E+01  3.69297E+00
  1.86713E+01  2.33767E+01  4.00594E+00
  1.89202E+01  2.44265E+01  3.94878E+00
  1.91692E+01  2.32083E+01  3.93974E+00
  1.94181E+01  2.28786E+01  3.91764E+00
  1.96671E+01  2.51096E+01  4.54821E+00
  1.99160E+01  2.80021E+01  4.66764E+00
  2.01650E+01  2.97347E+01  4.74073E+00
  2.04139E+01  3.01421E+01  4.83761E+00
  2.06629E+01  3.05175E+01  4.84598E+00
  2.09118E+01  3.27774E+01  5.04095E+00
  2.11608E+01  3.55064E+01  5.80266E+00
  2.14097E+01  3.52904E+01  5.66230E+00
  2.16587E+01  3.34451E+01  5.39707E+00
  2.19076E+01  3.38828E+01  5.31716E+00
  2.21566E+01  3.59838E+01  5.21009E+00
  2.24055E+01  3.80322E+01  5.80210E+00
  2.26545E+01  4.19533E+01  6.37301E+00
  2.29034E+01  4.86961E+01  6.42920E+00
  2.31524E+01  5.52350E+01  7.17578E+00
  2.34013E+01  5.77966E+01  7.17160E+00
  2.36503E+01  5.62596E+01  6.83982E+00
  2.38992E+01  5.49905E+01  6.81386E+00
  2.41482E+01  5.79317E+01  7.75563E+00
  2.43971E+01  6.32646E+01  7.45024E+00
  2.46461E+01  6.73004E+01  8.00750E+00
  2.48950E+01  7.02308E+01  8.54098E+00
  2.51440E+01  7.46071E+01  8.80491E+00
  2.53929E+01  7.95514E+01  8.88299E+00
  2.56419E+01  8.42310E+01  9.20131E+00
  2.58908E+01  8.95438E+01  9.54638E+00
  2.61398E+01  9.35512E+01  1.03942E+01
  2.63887E+01  9.35758E+01  9.50343E+00
  2.66377E+01  9.41683E+01  1.01454E+01
  2.68866E+01  9.94425E+01  1.08098E+01
  2.71356E+01  1.05500E+02  1.09810E+01
  2.73845E+01  1.08077E+02  1.15961E+01
  2.76335E+01  1.09349E+02  1.12573E+01
  2.78824E+01  1.10317E+02  1.13230E+01
  2.81314E+01  1.08143E+02  1.09691E+01
  2.83803E+01  1.04882E+02  1.09098E+01
  2.86293E+01  1.07821E+02  1.15413E+01
  2.88782E+01  1.15961E+02  1.23096E+01
  2.91272E+01  1.21189E+02  1.19713E+01
  2.93761E+01  1.20135E+02  1.21268E+01
  2.96251E+01  1.15350E+02  1.23104E+01
  2.98740E+01  1.10657E+02  1.17012E+01
  3.01230E+01  1.10777E+02  1.21208E+01
  3.03719E+01  1.14368E+02  1.19525E+01
  3.06209E+01  1.14148E+02  1.20027E+01
  3.08698E+01  1.08615E+02  1.24064E+01
  3.11188E+01  1.02510E+02  1.18734E+01
  3.13677E+01  9.83346E+01  1.13725E+01
  3.16167E+01  9.49552E+01  1.18012E+01
  3.18656E+01  9.05262E+01  1.12989E+01
  3.21146E+01  8.58272E+01  1.12892E+01
  3.23635E+01  8.44774E+01  1.14588E+01
  3.26125E+01  8.81978E+01  1.21209E+01
  3.28614E+01  9.40025E+01  1.21397E+01
  3.31104E+01  9.53775E+01  1.23058E+01
  3.33593E+01  9.01613E+01  1.20711E+01
  3.36083E+01  8.44737E+01  1.15277E+01
  3.38572E+01  8.48024E+01  1.18383E+01
  3.41062E+01  8.87882E+01  1.18685E+01
  3.43551E+01  9.30156E+01  1.32074E+01
  3.46041E+01  9.80122E+01  1.29359E+01
  3.48530E+01  1.00864E+02  1.24835E+01
  3.51020E+01  9.75358E+01  1.29849E+01
  3.53509E+01  9.23578E+01  1.30216E+01
  3.55999E+01  8.97196E+01  1.22397E+01
  3.58488E+01  8.96837E+01  1.20992E+01
  3.60978E+01  9.33945E+01  1.34400E+01
  3.63467E+01  9.83457E+01  1.34269E+01
  3.65957E+01  9.78745E+01  1.27053E+01
  3.68446E+01  9.11152E+01  1.18588E+01
  3.70936E+01  8.70914E+01  1.28439E+01
  3.73425E+01  9.10226E+01  1.43116E+01
  3.75915E+01  9.64174E+01  1.35174E+01
  3.78404E+01  9.76395E+01  1.36563E+01
  3.80894E+01  9.50372E+01  1.33869E+01
  3.83383E+01  9.11596E+01  1.35187E+01
  3.85873E+01  8.88644E+01  1.32705E+01
  3.88362E+01  9.27643E+01  1.44225E+01
  3.90852E+01  1.01929E+02  1.49179E+01
  3.93341E+01  1.06038E+02  1.42758E+01
  3.95831E+01  1.02291E+02  1.37566E+01
  3.98320E+01  9.81686E+01  1.51526E+01
  4.00810E+01  9.43149E+01  1.47793E+01
  4.03299E+01  8.97368E+01  1.35891E+01
  4.05789E+01  8.96105E+01  1.48008E+01
  4.08278E+01  9.08830E+01  1.47003E+01
  4.10768E+01  8.57559E+01  1.23079E+01
  4.13257E+01  7.68499E+01  1.27226E+01
  4.15747E+01  7.00142E+01  1.24880E+01
  4.18236E+01  6.62437E+01  1.27996E+01
  4.20726E+01  6.68995E+01  1.32716E+01
  4.23215E+01  6.96836E+01  1.31052E+01
  4.25705E+01  7.06355E+01  1.34692E+01
  4.28194E+01  7.31948E+01  1.31412E+01
  4.30684E+01  8.23883E+01  1.57912E+01
  4.33173E+01  9.07705E+01  1.52522E+01
  4.35663E+01  9.11560E+01  1.33733E+01
  4.38152E+01  8.71756E+01  1.44089E+01
  4.40642E+01  8.26460E+01  1.47865E+01
  4.43131E+01  8.08037E+01  1.39782E+01
  4.45621E+01  8.56935E+01  1.48318E+01
  4.48110E+01  9.02302E+01  1.48952E+01
  4.50600E+01  8.67043E+01  1.49528E+01
  4.53089E+01  7.99211E+01  1.42219E+01
  4.55579E+01  7.97508E+01  1.48514E+01
  4.58068E+01  8.60278E+01  1.68102E+01
  4.60558E+01  8.99348E+01  1.57075E+01
  4.63047E+01  8.85271E+01  1.62132E+01
  4.65537E+01  8.82872E+01  1.57088E+01
  4.68026E+01  9.62908E+01  1.61301E+01
  4.70516E+01  1.09883E+02  1.75200E+01
  4.73005E+01  1.19800E+02  1.79088E+01
  4.75495E+01  1.23262E+02  1.75064E+01
  4.77984E+01  1.22139E+02  1.83678E+01
  4.80474E+01  1.16776E+02  1.86446E+01
  4.82963E+01  1.13025E+02  1.75505E+01
  4.85453E+01  1.16555E+02  1.98165E+01
  4.87942E+01  1.19699E+02  1.98671E+01
  4.90432E+01  1.18049E+02  1.76308E+01
  4.92921E+01  1.19330E+02  2.01346E+01
  4.95411E+01  1.20998E+02  1.86169E+01
  4.97900E+01  1.13505E+02  1.66479E+01
  5.00390E+01  9.82773E+01  1.63990E+01
  5.02879E+01  8.22817E+01  1.52471E+01
  5.05369E+01  7.21523E+01  1.62663E+01
  5.07858E+01  6.99073E+01  1.57270E+01
  5.10348E+01  7.38855E+01  1.56477E+01
  5.12837E+01  7.86037E+01  1.59788E+01
  5.15327E+01  7.64078E+01  1.53231E+01
  5.17816E+01  6.44441E+01  1.32784E+01
  5.20306E+01  5.12967E+01  1.44265E+01
  5.22795E+01  4.25585E+01  1.40169E+01
  5.25285E+01  3.52246E+01  1.27195E+01
  5.27774E+01  2.76034E+01  9.34111E+00
  5.30264E+01  2.16852E+01  9.47979E+00
  5.32753E+01  1.70051E+01  8.35544E+00
  5.35243E+01  1.37185E+01  9.08417E+00
  5.37732E+01  1.55045E+01  9.63457E+00
  5.40222E+01  2.01073E+01  9.68264E+00
  5.42711E+01  2.11640E+01  7.78717E+00
  5.45201E+01  1.94765E+01  9.60377E+00
  5.47690E+01  1.69080E+01  1.06894E+01
  5.50180E+01  1.19021E+01  9.34920E+00
  5.52669E+01  6.15720E+00  8.09659E+00
  5.55159E+01  3.99567E+00  7.36500E+00
  5.57648E+01  5.05777E+00  8.14976E+00
  5.60138E+01  6.03610E+00  8.80222E+00
  5.62627E+01  5.65341E+00  8.23687E+00
  5.65117E+01  6.03540E+00  8.89338E+00
  5.67606E+01  7.82116E+00  8.40115E+00
  5.70096E+01  7.13307E+00  9.02414E+00
  5.72585E+01  1.81145E+00  6.92179E+00
  5.75075E+01 -1.67432E+00  6.06817E+00
  5.77564E+01  1.78941E-01  6.10206E+00
  5.80054E+01  1.98372E+00  7.97597E+00
  5.82543E+01  2.41113E+00  7.84343E+00
  5.85033E+01  5.72526E+00  8.14850E+00
  5.87522E+01  8.77817E+00  1.01353E+01
  5.90012E+01  6.71759E+00  7.90364E+00
  5.92501E+01  4.79290E+00  7.26802E+00
  5.94991E+01  6.38006E+00  8.52338E+00
  5.97480E+01  5.06204E+00  7.86376E+00
  5.99970E+01 -4.45526E-01  6.98634E+00
  6.02459E+01 -1.09167E+00  7.54298E+00
  6.04949E+01  3.73099E+00  9.90234E+00
  6.07438E+01  3.10278E+00  8.86420E+00
  6.09928E+01 -5.39311E+00  5.51700E+00
  6.12417E+01 -1.13989E+01  5.68437E+00
  6.14907E+01 -9.33558E+00  4.07720E+00
  6.17396E+01 -4.98845E+00  7.84919E+00
  6.19886E+01 -3.19626E+00  7.69949E+00
  6.22375E+01 -1.93133E+00  6.99564E+00
  6.24865E+01  2.17851E+00  1.06677E+01
  6.27354E+01  4.79374E+00  9.20783E+00
  6.29844E+01  1.46851E+00  8.14350E+00
  6.32333E+01 -3.41698E+00  6.76980E+00
  6.34823E+01 -5.88509E+00  5.94411E+00
  6.37312E+01 -7.15423E+00  8.99391E+00
  6.39802E+01 -5.93199E+00  8.73833E+00
  6.42291E+01 -1.30213E+00  7.35782E+00
  6.44781E+01  1.76901E+00  7.83958E+00
  6.47270E+01 -9.98710E-01  7.03335E+00
  6.49760E+01 -3.53655E+00  6.86324E+00
  6.52249E+01  3.50370E+00  9.90750E+00
  6.54739E+01  9.51113E+00  1.07508E+01
  6.57228E+01  1.04205E+01  1.04160E+01
  6.59718E+01  7.59593E+00  9.54049E+00
  6.62207E+01  4.63031E+00  9.42949E+00
  6.64697E+01  1.51046E+00  8.33473E+00
  6.67186E+01 -9.17518E-01  7.93610E+00
  6.69676E+01  2.55392E-02  8.21719E+00
  6.72165E+01  2.75896E+00  9.82034E+00
  6.74655E+01  2.65365E+00  8.91399E+00
  6.77144E+01  5.39301E-01  8.48184E+00
  6.79634E+01  1.27272E-01  9.71458E+00
  6.82123E+01  4.95410E-01  7.32209E+00
  6.84613E+01 -1.47170E+00  7.79791E+00
  6.87102E+01 -4.52042E+00  6.79687E+00
  6.89592E+01 -6.22355E+00  6.89982E+00
  6.92081E+01 -4.91327E+00  8.04888E+00
  6.94571E+01 -1.45004E+00  7.83488E+00
  6.97060E+01  1.18306E+00  9.44650E+00
  6.99550E+01  9.11317E-01  7.68736E+00
  7.02039E+01 -6.56330E-01  9.40613E+00
  7.04529E+01 -2.40741E+00  8.22158E+00
  7.07018E+01 -3.35319E+00  7.66121E+00
  7.09508E+01 -2.04999E+00  9.24153E+00
  7.11997E+01  7.86557E-01  9.47421E+00
  7.14487E+01  3.48815E+00  1.04366E+01
  7.16976E+01  4.45151E+00  9.06187E+00
  7.19466E+01  3.30548E+00  1.01129E+01
  7.21955E+01  2.84480E+00  8.69736E+00
  7.24445E+01  4.17237E+00  1.14413E+01
  7.26934E+01  3.54439E+00  9.28170E+00
  7.29424E+01 -1.93686E-01  8.63569E+00
  7.31913E+01 -3.11856E+00  8.04822E+00
  7.34403E+01 -3.47579E+00  7.81343E+00
  7.36892E+01 -3.23815E+00  9.21353E+00
  7.39382E+01 -3.14563E+00  7.45119E+00
  7.41871E+01 -1.88093E+00  8.88893E+00
  7.44361E+01 -9.01509E-01  9.34840E+00
  7.46850E+01 -2.70691E+00  7.72320E+00
  7.49340E+01 -4.04226E+00  8.27948E+00
  7.51829E+01 -1.75154E+00  9.25774E+00
  7.54319E+01  1.48265E+00  9.63862E+00
  7.56808E+01  2.23545E+00  1.09565E+01
  7.59298E+01  7.82718E-01  9.25365E+00
  7.61787E+01 -3.29640E+00  6.89617E+00
  7.64277E+01 -9.46424E+00  5.18559E+00
  7.66766E+01 -1.24228E+01  4.80833E+00
  7.69256E+01 -6.87690E+00  7.50768E+00
  7.71745E+01  2.07148E+00  1.10697E+01
  7.74235E+01  4.14626E+00  1.10569E+01
  7.76724E+01  3.64533E-01  8.51472E+00
  7.79214E+01 -2.46616E-01  9.04804E+00
  7.81703E+01  2.10448E+00  1.14748E+01
  7.84193E+01 -4.47764E-01  7.30923E+00
  7.86682E+01 -5.03443E+00  6.58174E+00
  7.89172E+01 -4.67578E+00  9.45510E+00
  7.91661E+01 -3.36888E+00  8.21127E+00
  7.94151E+01 -3.80451E+00  6.91202E+00
  7.96640E+01 -7.79784E-02  1.05555E+01
  7.99130E+01  8.40448E+00  1.22083E+01
  8.01619E+01  1.26648E+01  1.24502E+01
  8.04109E+01  6.59591E+00  1.04329E+01
  8.06598E+01 -1.85066E+00  4.89003E+00
  8.09088E+01 -2.39160E+00  9.76585E+00
  8.11577E+01  2.27862E+00  1.08036E+01
  8.14067E+01  4.53914E+00  9.72878E+00
  8.16556E+01  3.83042E+00  1.12013E+01
  8.19046E+01  1.10720E+00  8.41870E+00
  8.21535E+01 -2.36375E+00  8.53250E+00
  8.24025E+01 -3.22834E+00  8.32217E+00
  8.26514E+01 -5.98494E-01  8.96630E+00
  8.29004E+01  1.47668E+00  1.09068E+01
  8.31493E+01 -1.47809E+00  8.61060E+00
