@page size 600,600
@view 0.12,0.1,0.97,0.93
@subtitle "PHOENIX module phox, 01/26/18 at 13:51:23 -08:00"
@xaxes scale Normal
@yaxes scale Normal
@xaxis label "energy (meV)"
@yaxis label "fitted resolution function"
@type xy
 -6.51476E+01  0.00000E+00
 -6.49000E+01  0.00000E+00
 -6.46523E+01  0.00000E+00
 -6.44047E+01  0.00000E+00
 -6.41571E+01  0.00000E+00
 -6.39094E+01  0.00000E+00
 -6.36618E+01  0.00000E+00
 -6.34142E+01  0.00000E+00
 -6.31665E+01  0.00000E+00
 -6.29189E+01  0.00000E+00
 -6.26713E+01  0.00000E+00
 -6.24236E+01  0.00000E+00
 -6.21760E+01  0.00000E+00
 -6.19284E+01  0.00000E+00
 -6.16807E+01  0.00000E+00
 -6.14331E+01  0.00000E+00
 -6.11855E+01  0.00000E+00
 -6.09378E+01  0.00000E+00
 -6.06902E+01  0.00000E+00
 -6.04426E+01  0.00000E+00
 -6.01949E+01  0.00000E+00
 -5.99473E+01  0.00000E+00
 -5.96997E+01  0.00000E+00
 -5.94520E+01  0.00000E+00
 -5.92044E+01  0.00000E+00
 -5.89568E+01  0.00000E+00
 -5.87091E+01  0.00000E+00
 -5.84615E+01  0.00000E+00
 -5.82139E+01  0.00000E+00
 -5.79662E+01  0.00000E+00
 -5.77186E+01  0.00000E+00
 -5.74710E+01  0.00000E+00
 -5.72233E+01  0.00000E+00
 -5.69757E+01  0.00000E+00
 -5.67281E+01  0.00000E+00
 -5.64804E+01  0.00000E+00
 -5.62328E+01  0.00000E+00
 -5.59852E+01  0.00000E+00
 -5.57375E+01  0.00000E+00
 -5.54899E+01  0.00000E+00
 -5.52423E+01  0.00000E+00
 -5.49946E+01  0.00000E+00
 -5.47470E+01  0.00000E+00
 -5.44994E+01  0.00000E+00
 -5.42517E+01  0.00000E+00
 -5.40041E+01  0.00000E+00
 -5.37565E+01  0.00000E+00
 -5.35088E+01  0.00000E+00
 -5.32612E+01  0.00000E+00
 -5.30136E+01  0.00000E+00
 -5.27659E+01  0.00000E+00
 -5.25183E+01  0.00000E+00
 -5.22707E+01  0.00000E+00
 -5.20230E+01  0.00000E+00
 -5.17754E+01  0.00000E+00
 -5.15278E+01  0.00000E+00
 -5.12801E+01  0.00000E+00
 -5.10325E+01  0.00000E+00
 -5.07849E+01  0.00000E+00
 -5.05372E+01  0.00000E+00
 -5.02896E+01  0.00000E+00
 -5.00420E+01  0.00000E+00
 -4.97943E+01  0.00000E+00
 -4.95467E+01  0.00000E+00
 -4.92991E+01  0.00000E+00
 -4.90514E+01  0.00000E+00
 -4.88038E+01  0.00000E+00
 -4.85562E+01  0.00000E+00
 -4.83085E+01  0.00000E+00
 -4.80609E+01  0.00000E+00
 -4.78133E+01  0.00000E+00
 -4.75656E+01  0.00000E+00
 -4.73180E+01  0.00000E+00
 -4.70704E+01  0.00000E+00
 -4.68227E+01  0.00000E+00
 -4.65751E+01  0.00000E+00
 -4.63275E+01  0.00000E+00
 -4.60798E+01  0.00000E+00
 -4.58322E+01  0.00000E+00
 -4.55846E+01  0.00000E+00
 -4.53369E+01  0.00000E+00
 -4.50893E+01  0.00000E+00
 -4.48417E+01  0.00000E+00
 -4.45940E+01  0.00000E+00
 -4.43464E+01  0.00000E+00
 -4.40988E+01  0.00000E+00
 -4.38511E+01  0.00000E+00
 -4.36035E+01  0.00000E+00
 -4.33559E+01  0.00000E+00
 -4.31082E+01  0.00000E+00
 -4.28606E+01  0.00000E+00
 -4.26130E+01  0.00000E+00
 -4.23653E+01  0.00000E+00
 -4.21177E+01  0.00000E+00
 -4.18701E+01  0.00000E+00
 -4.16224E+01  0.00000E+00
 -4.13748E+01  0.00000E+00
 -4.11272E+01  0.00000E+00
 -4.08795E+01  0.00000E+00
 -4.06319E+01  0.00000E+00
 -4.03843E+01  0.00000E+00
 -4.01366E+01  0.00000E+00
 -3.98890E+01  0.00000E+00
 -3.96414E+01  0.00000E+00
 -3.93937E+01  0.00000E+00
 -3.91461E+01  0.00000E+00
 -3.88985E+01  0.00000E+00
 -3.86508E+01  0.00000E+00
 -3.84032E+01  0.00000E+00
 -3.81556E+01  0.00000E+00
 -3.79079E+01  0.00000E+00
 -3.76603E+01  0.00000E+00
 -3.74127E+01  0.00000E+00
 -3.71650E+01  0.00000E+00
 -3.69174E+01  0.00000E+00
 -3.66698E+01  0.00000E+00
 -3.64221E+01  0.00000E+00
 -3.61745E+01  0.00000E+00
 -3.59269E+01  0.00000E+00
 -3.56792E+01  0.00000E+00
 -3.54316E+01  0.00000E+00
 -3.51840E+01  0.00000E+00
 -3.49363E+01  0.00000E+00
 -3.46887E+01  0.00000E+00
 -3.44411E+01  0.00000E+00
 -3.41934E+01  0.00000E+00
 -3.39458E+01  0.00000E+00
 -3.36982E+01  0.00000E+00
 -3.34505E+01  0.00000E+00
 -3.32029E+01  0.00000E+00
 -3.29553E+01  0.00000E+00
 -3.27076E+01  0.00000E+00
 -3.24600E+01  0.00000E+00
 -3.22124E+01  0.00000E+00
 -3.19647E+01  0.00000E+00
 -3.17171E+01  0.00000E+00
 -3.14695E+01  0.00000E+00
 -3.12218E+01  0.00000E+00
 -3.09742E+01  0.00000E+00
 -3.07266E+01  0.00000E+00
 -3.04789E+01  0.00000E+00
 -3.02313E+01  0.00000E+00
 -2.99837E+01  0.00000E+00
 -2.97360E+01  0.00000E+00
 -2.94884E+01  0.00000E+00
 -2.92408E+01  0.00000E+00
 -2.89931E+01  0.00000E+00
 -2.87455E+01  0.00000E+00
 -2.84979E+01  0.00000E+00
 -2.82502E+01  0.00000E+00
 -2.80026E+01  0.00000E+00
 -2.77550E+01  0.00000E+00
 -2.75073E+01  0.00000E+00
 -2.72597E+01  0.00000E+00
 -2.70121E+01  0.00000E+00
 -2.67644E+01  0.00000E+00
 -2.65168E+01  0.00000E+00
 -2.62692E+01  0.00000E+00
 -2.60215E+01  0.00000E+00
 -2.57739E+01  0.00000E+00
 -2.55263E+01  0.00000E+00
 -2.52786E+01  0.00000E+00
 -2.50310E+01  0.00000E+00
 -2.47834E+01  0.00000E+00
 -2.45357E+01  0.00000E+00
 -2.42881E+01  0.00000E+00
 -2.40405E+01  0.00000E+00
 -2.37928E+01  0.00000E+00
 -2.35452E+01  0.00000E+00
 -2.32976E+01  0.00000E+00
 -2.30499E+01  0.00000E+00
 -2.28023E+01  0.00000E+00
 -2.25547E+01  0.00000E+00
 -2.23070E+01  0.00000E+00
 -2.20594E+01  0.00000E+00
 -2.18118E+01  0.00000E+00
 -2.15641E+01  0.00000E+00
 -2.13165E+01  0.00000E+00
 -2.10689E+01  0.00000E+00
 -2.08212E+01  0.00000E+00
 -2.05736E+01  0.00000E+00
 -2.03260E+01  0.00000E+00
 -2.00783E+01  0.00000E+00
 -1.98307E+01  0.00000E+00
 -1.95831E+01  0.00000E+00
 -1.93354E+01  0.00000E+00
 -1.90878E+01  0.00000E+00
 -1.88402E+01  0.00000E+00
 -1.85925E+01  0.00000E+00
 -1.83449E+01  0.00000E+00
 -1.80973E+01  0.00000E+00
 -1.78496E+01  0.00000E+00
 -1.76020E+01  0.00000E+00
 -1.73544E+01  0.00000E+00
 -1.71067E+01  0.00000E+00
 -1.68591E+01  0.00000E+00
 -1.66115E+01  0.00000E+00
 -1.63638E+01  0.00000E+00
 -1.61162E+01  0.00000E+00
 -1.58686E+01  0.00000E+00
 -1.56209E+01  0.00000E+00
 -1.53733E+01  0.00000E+00
 -1.51257E+01  0.00000E+00
 -1.48780E+01  0.00000E+00
 -1.46304E+01  0.00000E+00
 -1.43828E+01  0.00000E+00
 -1.41351E+01  0.00000E+00
 -1.38875E+01  0.00000E+00
 -1.36399E+01  0.00000E+00
 -1.33922E+01  0.00000E+00
 -1.31446E+01  0.00000E+00
 -1.28970E+01  0.00000E+00
 -1.26493E+01  0.00000E+00
 -1.24017E+01  0.00000E+00
 -1.21541E+01  0.00000E+00
 -1.19064E+01  0.00000E+00
 -1.16588E+01  0.00000E+00
 -1.14112E+01  0.00000E+00
 -1.11635E+01  0.00000E+00
 -1.09159E+01  0.00000E+00
 -1.06683E+01  0.00000E+00
 -1.04206E+01  0.00000E+00
 -1.01730E+01  0.00000E+00
 -9.92538E+00  0.00000E+00
 -9.67775E+00  0.00000E+00
 -9.43011E+00  0.00000E+00
 -9.18248E+00  0.00000E+00
 -8.93485E+00  0.00000E+00
 -8.68721E+00  0.00000E+00
 -8.43958E+00  0.00000E+00
 -8.19195E+00  0.00000E+00
 -7.94431E+00  0.00000E+00
 -7.69668E+00  0.00000E+00
 -7.44905E+00  0.00000E+00
 -7.20141E+00  0.00000E+00
 -6.95378E+00  0.00000E+00
 -6.70615E+00  0.00000E+00
 -6.45851E+00  0.00000E+00
 -6.21088E+00  0.00000E+00
 -5.96325E+00  0.00000E+00
 -5.71561E+00  1.13253E+00
 -5.46798E+00  6.69189E-01
 -5.22035E+00  1.53388E+00
 -4.97271E+00  1.87251E+00
 -4.72508E+00  1.23599E+00
 -4.47745E+00  2.29624E+00
 -4.22981E+00  3.02171E+00
 -3.98218E+00  1.37315E+00
 -3.73455E+00  1.35513E+00
 -3.48691E+00  4.34579E+00
 -3.23928E+00  7.50398E+00
 -2.99165E+00  9.42817E+00
 -2.74401E+00  1.05081E+01
 -2.49638E+00  1.54287E+01
 -2.24875E+00  2.21511E+01
 -2.00111E+00  4.18506E+01
 -1.75348E+00  7.78104E+01
 -1.50585E+00  1.40939E+02
 -1.25821E+00  2.77994E+02
 -1.01058E+00  6.86361E+02
 -7.62947E-01  1.50780E+03
 -5.15314E-01  2.79012E+03
 -2.67680E-01  4.03448E+03
 -2.00471E-02  4.60974E+03
  2.27586E-01  4.25846E+03
  4.75220E-01  3.13072E+03
  7.22853E-01  1.86809E+03
  9.70486E-01  9.14278E+02
  1.21812E+00  4.40818E+02
  1.46575E+00  2.28523E+02
  1.71339E+00  1.38612E+02
  1.96102E+00  7.78183E+01
  2.20865E+00  4.69630E+01
  2.45629E+00  2.43700E+01
  2.70392E+00  8.39809E+00
  2.95155E+00  4.84740E+00
  3.19919E+00  4.16152E+00
  3.44682E+00  2.69963E+00
  3.69445E+00  9.41181E-01
  3.94209E+00  1.02217E+00
  4.18972E+00  1.44022E+00
  4.43735E+00  1.66277E+00
  4.68499E+00  8.08635E-01
  4.93262E+00  0.00000E+00
  5.18025E+00  0.00000E+00
  5.42789E+00  0.00000E+00
  5.67552E+00  0.00000E+00
  5.92315E+00  0.00000E+00
  6.17079E+00  0.00000E+00
  6.41842E+00  0.00000E+00
  6.66605E+00  0.00000E+00
  6.91369E+00  0.00000E+00
  7.16132E+00  0.00000E+00
  7.40895E+00  0.00000E+00
  7.65659E+00  0.00000E+00
  7.90422E+00  0.00000E+00
  8.15185E+00  0.00000E+00
  8.39949E+00  0.00000E+00
  8.64712E+00  0.00000E+00
  8.89475E+00  0.00000E+00
  9.14239E+00  0.00000E+00
  9.39002E+00  0.00000E+00
  9.63765E+00  0.00000E+00
  9.88529E+00  0.00000E+00
  1.01329E+01  0.00000E+00
  1.03806E+01  0.00000E+00
  1.06282E+01  0.00000E+00
  1.08758E+01  0.00000E+00
  1.11235E+01  0.00000E+00
  1.13711E+01  0.00000E+00
  1.16187E+01  0.00000E+00
  1.18664E+01  0.00000E+00
  1.21140E+01  0.00000E+00
  1.23616E+01  0.00000E+00
  1.26093E+01  0.00000E+00
  1.28569E+01  0.00000E+00
  1.31045E+01  0.00000E+00
  1.33522E+01  0.00000E+00
  1.35998E+01  0.00000E+00
  1.38474E+01  0.00000E+00
  1.40951E+01  0.00000E+00
  1.43427E+01  0.00000E+00
  1.45903E+01  0.00000E+00
  1.48380E+01  0.00000E+00
  1.50856E+01  0.00000E+00
  1.53332E+01  0.00000E+00
  1.55809E+01  0.00000E+00
  1.58285E+01  0.00000E+00
  1.60761E+01  0.00000E+00
  1.63238E+01  0.00000E+00
  1.65714E+01  0.00000E+00
  1.68190E+01  0.00000E+00
  1.70667E+01  0.00000E+00
  1.73143E+01  0.00000E+00
  1.75619E+01  0.00000E+00
  1.78096E+01  0.00000E+00
  1.80572E+01  0.00000E+00
  1.83048E+01  0.00000E+00
  1.85525E+01  0.00000E+00
  1.88001E+01  0.00000E+00
  1.90477E+01  0.00000E+00
  1.92954E+01  0.00000E+00
  1.95430E+01  0.00000E+00
  1.97906E+01  0.00000E+00
  2.00383E+01  0.00000E+00
  2.02859E+01  0.00000E+00
  2.05335E+01  0.00000E+00
  2.07812E+01  0.00000E+00
  2.10288E+01  0.00000E+00
  2.12764E+01  0.00000E+00
  2.15241E+01  0.00000E+00
  2.17717E+01  0.00000E+00
  2.20193E+01  0.00000E+00
  2.22670E+01  0.00000E+00
  2.25146E+01  0.00000E+00
  2.27622E+01  0.00000E+00
  2.30099E+01  0.00000E+00
  2.32575E+01  0.00000E+00
  2.35051E+01  0.00000E+00
  2.37528E+01  0.00000E+00
  2.40004E+01  0.00000E+00
  2.42480E+01  0.00000E+00
  2.44957E+01  0.00000E+00
  2.47433E+01  0.00000E+00
  2.49909E+01  0.00000E+00
  2.52386E+01  0.00000E+00
  2.54862E+01  0.00000E+00
  2.57338E+01  0.00000E+00
  2.59815E+01  0.00000E+00
  2.62291E+01  0.00000E+00
  2.64767E+01  0.00000E+00
  2.67244E+01  0.00000E+00
  2.69720E+01  0.00000E+00
  2.72196E+01  0.00000E+00
  2.74673E+01  0.00000E+00
  2.77149E+01  0.00000E+00
  2.79625E+01  0.00000E+00
  2.82102E+01  0.00000E+00
  2.84578E+01  0.00000E+00
  2.87054E+01  0.00000E+00
  2.89531E+01  0.00000E+00
  2.92007E+01  0.00000E+00
  2.94483E+01  0.00000E+00
  2.96960E+01  0.00000E+00
  2.99436E+01  0.00000E+00
  3.01912E+01  0.00000E+00
  3.04389E+01  0.00000E+00
  3.06865E+01  0.00000E+00
  3.09341E+01  0.00000E+00
  3.11818E+01  0.00000E+00
  3.14294E+01  0.00000E+00
  3.16770E+01  0.00000E+00
  3.19247E+01  0.00000E+00
  3.21723E+01  0.00000E+00
  3.24199E+01  0.00000E+00
  3.26676E+01  0.00000E+00
  3.29152E+01  0.00000E+00
  3.31628E+01  0.00000E+00
  3.34105E+01  0.00000E+00
  3.36581E+01  0.00000E+00
  3.39057E+01  0.00000E+00
  3.41534E+01  0.00000E+00
  3.44010E+01  0.00000E+00
  3.46486E+01  0.00000E+00
  3.48963E+01  0.00000E+00
  3.51439E+01  0.00000E+00
  3.53915E+01  0.00000E+00
  3.56392E+01  0.00000E+00
  3.58868E+01  0.00000E+00
  3.61344E+01  0.00000E+00
  3.63821E+01  0.00000E+00
  3.66297E+01  0.00000E+00
  3.68773E+01  0.00000E+00
  3.71250E+01  0.00000E+00
  3.73726E+01  0.00000E+00
  3.76202E+01  0.00000E+00
  3.78679E+01  0.00000E+00
  3.81155E+01  0.00000E+00
  3.83631E+01  0.00000E+00
  3.86108E+01  0.00000E+00
  3.88584E+01  0.00000E+00
  3.91060E+01  0.00000E+00
  3.93537E+01  0.00000E+00
  3.96013E+01  0.00000E+00
  3.98489E+01  0.00000E+00
  4.00966E+01  0.00000E+00
  4.03442E+01  0.00000E+00
  4.05918E+01  0.00000E+00
  4.08395E+01  0.00000E+00
  4.10871E+01  0.00000E+00
  4.13347E+01  0.00000E+00
  4.15824E+01  0.00000E+00
  4.18300E+01  0.00000E+00
  4.20776E+01  0.00000E+00
  4.23253E+01  0.00000E+00
  4.25729E+01  0.00000E+00
  4.28205E+01  0.00000E+00
  4.30682E+01  0.00000E+00
  4.33158E+01  0.00000E+00
  4.35634E+01  0.00000E+00
  4.38111E+01  0.00000E+00
  4.40587E+01  0.00000E+00
  4.43063E+01  0.00000E+00
  4.45540E+01  0.00000E+00
  4.48016E+01  0.00000E+00
  4.50492E+01  0.00000E+00
  4.52969E+01  0.00000E+00
  4.55445E+01  0.00000E+00
  4.57921E+01  0.00000E+00
  4.60398E+01  0.00000E+00
  4.62874E+01  0.00000E+00
  4.65350E+01  0.00000E+00
  4.67827E+01  0.00000E+00
  4.70303E+01  0.00000E+00
  4.72779E+01  0.00000E+00
  4.75256E+01  0.00000E+00
  4.77732E+01  0.00000E+00
  4.80208E+01  0.00000E+00
  4.82685E+01  0.00000E+00
  4.85161E+01  0.00000E+00
  4.87637E+01  0.00000E+00
  4.90114E+01  0.00000E+00
  4.92590E+01  0.00000E+00
  4.95066E+01  0.00000E+00
  4.97543E+01  0.00000E+00
  5.00019E+01  0.00000E+00
  5.02495E+01  0.00000E+00
  5.04972E+01  0.00000E+00
  5.07448E+01  0.00000E+00
  5.09924E+01  0.00000E+00
  5.12401E+01  0.00000E+00
  5.14877E+01  0.00000E+00
  5.17353E+01  0.00000E+00
  5.19830E+01  0.00000E+00
  5.22306E+01  0.00000E+00
  5.24782E+01  0.00000E+00
  5.27259E+01  0.00000E+00
  5.29735E+01  0.00000E+00
  5.32211E+01  0.00000E+00
  5.34688E+01  0.00000E+00
  5.37164E+01  0.00000E+00
  5.39640E+01  0.00000E+00
  5.42117E+01  0.00000E+00
  5.44593E+01  0.00000E+00
  5.47069E+01  0.00000E+00
  5.49546E+01  0.00000E+00
  5.52022E+01  0.00000E+00
  5.54498E+01  0.00000E+00
  5.56975E+01  0.00000E+00
  5.59451E+01  0.00000E+00
  5.61927E+01  0.00000E+00
  5.64404E+01  0.00000E+00
  5.66880E+01  0.00000E+00
  5.69356E+01  0.00000E+00
  5.71833E+01  0.00000E+00
  5.74309E+01  0.00000E+00
  5.76785E+01  0.00000E+00
  5.79262E+01  0.00000E+00
  5.81738E+01  0.00000E+00
  5.84214E+01  0.00000E+00
  5.86691E+01  0.00000E+00
  5.89167E+01  0.00000E+00
  5.91643E+01  0.00000E+00
  5.94120E+01  0.00000E+00
  5.96596E+01  0.00000E+00
  5.99072E+01  0.00000E+00
  6.01549E+01  0.00000E+00
  6.04025E+01  0.00000E+00
  6.06501E+01  0.00000E+00
  6.08978E+01  0.00000E+00
  6.11454E+01  0.00000E+00
  6.13930E+01  0.00000E+00
  6.16407E+01  0.00000E+00
  6.18883E+01  0.00000E+00
  6.21359E+01  0.00000E+00
  6.23836E+01  0.00000E+00
  6.26312E+01  0.00000E+00
  6.28788E+01  0.00000E+00
  6.31265E+01  0.00000E+00
  6.33741E+01  0.00000E+00
  6.36217E+01  0.00000E+00
  6.38694E+01  0.00000E+00
  6.41170E+01  0.00000E+00
  6.43646E+01  0.00000E+00
  6.46123E+01  0.00000E+00
  6.48599E+01  0.00000E+00
  6.51075E+01  0.00000E+00
  6.53552E+01  0.00000E+00
  6.56028E+01  0.00000E+00
  6.58504E+01  0.00000E+00
  6.60981E+01  0.00000E+00
  6.63457E+01  0.00000E+00
  6.65933E+01  0.00000E+00
  6.68410E+01  0.00000E+00
  6.70886E+01  0.00000E+00
  6.73362E+01  0.00000E+00
  6.75839E+01  0.00000E+00
  6.78315E+01  0.00000E+00
  6.80791E+01  0.00000E+00
  6.83268E+01  0.00000E+00
  6.85744E+01  0.00000E+00
  6.88220E+01  0.00000E+00
  6.90697E+01  0.00000E+00
  6.93173E+01  0.00000E+00
  6.95649E+01  0.00000E+00
  6.98126E+01  0.00000E+00
  7.00602E+01  0.00000E+00
  7.03078E+01  0.00000E+00
  7.05555E+01  0.00000E+00
  7.08031E+01  0.00000E+00
  7.10507E+01  0.00000E+00
  7.12984E+01  0.00000E+00
  7.15460E+01  0.00000E+00
  7.17936E+01  0.00000E+00
  7.20413E+01  0.00000E+00
  7.22889E+01  0.00000E+00
  7.25365E+01  0.00000E+00
  7.27842E+01  0.00000E+00
  7.30318E+01  0.00000E+00
  7.32794E+01  0.00000E+00
  7.35271E+01  0.00000E+00
  7.37747E+01  0.00000E+00
  7.40223E+01  0.00000E+00
  7.42700E+01  0.00000E+00
  7.45176E+01  0.00000E+00
  7.47652E+01  0.00000E+00
  7.50129E+01  0.00000E+00
  7.52605E+01  0.00000E+00
  7.55081E+01  0.00000E+00
  7.57558E+01  0.00000E+00
  7.60034E+01  0.00000E+00
  7.62510E+01  0.00000E+00
  7.64987E+01  0.00000E+00
  7.67463E+01  0.00000E+00
  7.69939E+01  0.00000E+00
  7.72416E+01  0.00000E+00
  7.74892E+01  0.00000E+00
  7.77368E+01  0.00000E+00
  7.79845E+01  0.00000E+00
  7.82321E+01  0.00000E+00
  7.84797E+01  0.00000E+00
  7.87274E+01  0.00000E+00
  7.89750E+01  0.00000E+00
  7.92226E+01  0.00000E+00
  7.94703E+01  0.00000E+00
  7.97179E+01  0.00000E+00
  7.99655E+01  0.00000E+00
  8.02132E+01  0.00000E+00
  8.04608E+01  0.00000E+00
  8.07084E+01  0.00000E+00
  8.09561E+01  0.00000E+00
  8.12037E+01  0.00000E+00
  8.14513E+01  0.00000E+00
  8.16990E+01  0.00000E+00
  8.19466E+01  0.00000E+00
  8.21942E+01  0.00000E+00
  8.24419E+01  0.00000E+00
  8.26895E+01  0.00000E+00
  8.29371E+01  0.00000E+00
  8.31848E+01  0.00000E+00
  8.34324E+01  0.00000E+00
  8.36800E+01  0.00000E+00
  8.39277E+01  0.00000E+00
  8.41753E+01  0.00000E+00
  8.44229E+01  0.00000E+00
  8.46706E+01  0.00000E+00
  8.49182E+01  0.00000E+00
