@page size 600,600
@view 0.12,0.1,0.97,0.93
@subtitle "PHOENIX module phox, 01/26/18 at 13:58:12 -08:00"
@xaxes scale Normal
@yaxes scale Normal
@xaxis label "energy (meV)"
@yaxis label "data without elastic peak"
@s0 errorbar size 0.0
@type xydy
 -7.92685E+01 -2.22904E+00  0.00000E+00
 -7.90219E+01 -3.24406E-01  8.96981E-02
 -7.87753E+01  1.65634E+00  8.10848E+00
 -7.85287E+01  2.24108E+00  1.65822E+00
 -7.82821E+01 -2.07044E+00  0.00000E+00
 -7.80355E+01 -2.23071E+00  0.00000E+00
 -7.77889E+01 -2.22998E+00  0.00000E+00
 -7.75424E+01  2.00340E+00  8.07383E+00
 -7.72958E+01  1.96451E+00  2.27946E+00
 -7.70492E+01 -2.50414E-01  4.18230E+00
 -7.68026E+01  5.26839E+00  5.44082E+00
 -7.65560E+01  3.77898E-01  8.04147E-01
 -7.63094E+01 -2.20812E+00  0.00000E+00
 -7.60628E+01 -2.09442E+00  1.11258E+00
 -7.58162E+01  7.35027E-01  3.39561E+00
 -7.55696E+01  5.58740E-01  1.60881E+00
 -7.53230E+01 -1.64184E+00  6.28831E-01
 -7.50764E+01  1.35782E+00  2.33586E+00
 -7.48299E+01  5.68956E-01  1.01938E+00
 -7.45833E+01 -4.38621E-01  1.48696E+00
 -7.43367E+01 -1.08456E+00  0.00000E+00
 -7.40901E+01 -1.24261E+00  1.06211E+00
 -7.38435E+01 -7.02851E-01  1.60841E+00
 -7.35969E+01  1.70951E+00  2.30241E+00
 -7.33503E+01  1.79335E+00  1.43059E+00
 -7.31037E+01 -7.04725E-01  1.51005E+00
 -7.28571E+01  3.08725E+00  2.62097E+00
 -7.26105E+01  1.35252E+00  1.41675E+00
 -7.23639E+01 -4.63476E-01  1.20656E+00
 -7.21174E+01  4.23066E-01  1.80147E+00
 -7.18708E+01  1.08424E+00  1.78641E+00
 -7.16242E+01  2.71199E-01  2.01111E+00
 -7.13776E+01  2.65155E+00  1.93389E+00
 -7.11310E+01  8.95724E-01  1.87208E+00
 -7.08844E+01  1.07072E+00  1.82363E+00
 -7.06378E+01  1.56517E+00  1.94231E+00
 -7.03912E+01 -8.49527E-01  1.03065E+00
 -7.01446E+01  8.95844E-02  1.37310E+00
 -6.98980E+01 -7.62772E-01  1.28562E+00
 -6.96514E+01 -1.75980E-01  1.39025E+00
 -6.94049E+01 -1.30964E+00  3.71557E-01
 -6.91583E+01 -1.34075E+00  1.65764E+00
 -6.89117E+01  1.71964E+00  2.10768E+00
 -6.86651E+01  1.94688E+00  1.92472E+00
 -6.84185E+01  1.04419E+00  1.88787E+00
 -6.81719E+01  2.52964E+00  2.48728E+00
 -6.79253E+01  2.63173E+00  1.91952E+00
 -6.76787E+01  1.67922E+00  2.13541E+00
 -6.74321E+01  2.43544E+00  1.86271E+00
 -6.71855E+01  1.22238E+00  1.94728E+00
 -6.69389E+01  1.87529E+00  2.13438E+00
 -6.66924E+01  1.57711E+00  1.48254E+00
 -6.64458E+01 -6.85630E-01  1.83549E+00
 -6.61992E+01  1.11039E+00  1.64086E+00
 -6.59526E+01  4.39222E-01  1.43615E+00
 -6.57060E+01  2.71468E+00  2.33667E+00
 -6.54594E+01  1.14913E+00  1.69138E+00
 -6.52128E+01  7.47555E-01  1.59747E+00
 -6.49662E+01  3.01367E+00  2.65216E+00
 -6.47196E+01  3.33808E+00  2.90014E+00
 -6.44730E+01  4.06273E+00  2.01025E+00
 -6.42264E+01  1.44170E+00  1.42738E+00
 -6.39799E+01 -3.12728E-01  1.77703E+00
 -6.37333E+01  5.26573E-01  1.36847E+00
 -6.34867E+01  2.60190E+00  2.54570E+00
 -6.32401E+01  1.42211E+00  9.92218E-01
 -6.29935E+01 -2.03884E+00  1.08796E+00
 -6.27469E+01  6.67914E-01  2.26354E+00
 -6.25003E+01  3.16088E+00  2.23686E+00
 -6.22537E+01  1.97480E+00  1.46118E+00
 -6.20071E+01  1.66055E-01  1.89708E+00
 -6.17605E+01  2.75550E+00  2.29801E+00
 -6.15139E+01  2.06825E+00  1.48717E+00
 -6.12674E+01 -3.48176E-01  1.56188E+00
 -6.10208E+01  1.36192E+00  2.12258E+00
 -6.07742E+01  2.81772E+00  2.17278E+00
 -6.05276E+01  2.14222E+00  1.82192E+00
 -6.02810E+01 -4.00121E-01  1.19736E+00
 -6.00344E+01 -2.61403E-01  1.76727E+00
 -5.97878E+01  3.19607E+00  2.74046E+00
 -5.95412E+01  3.91203E+00  2.18336E+00
 -5.92946E+01  2.73345E+00  1.87981E+00
 -5.90480E+01  9.19396E-02  1.05189E+00
 -5.88014E+01  3.24825E-01  1.72168E+00
 -5.85549E+01 -1.92989E-01  1.94792E+00
 -5.83083E+01  2.96734E+00  2.27267E+00
 -5.80617E+01  1.99694E+00  2.08514E+00
 -5.78151E+01  2.57994E+00  1.96557E+00
 -5.75685E+01  7.68075E-01  1.49483E+00
 -5.73219E+01 -5.44901E-03  2.33304E+00
 -5.70753E+01  6.46587E+00  3.07041E+00
 -5.68287E+01  2.90817E+00  2.07672E+00
 -5.65821E+01  4.72707E+00  2.59909E+00
 -5.63355E+01  3.11828E+00  2.61798E+00
 -5.60889E+01  3.53020E+00  2.11365E+00
 -5.58424E+01  2.21181E+00  1.87838E+00
 -5.55958E+01  1.02803E-01  1.09614E+00
 -5.53492E+01  2.62110E-01  1.88109E+00
 -5.51026E+01  2.23950E+00  2.09027E+00
 -5.48560E+01  1.08403E+00  1.95187E+00
 -5.46094E+01  1.84313E+00  2.47976E+00
 -5.43628E+01  4.22818E+00  2.43764E+00
 -5.41162E+01  1.27196E+00  1.47562E+00
 -5.38696E+01  1.81578E+00  2.33100E+00
 -5.36230E+01  2.19703E+00  2.17813E+00
 -5.33764E+01  1.36233E+00  2.03248E+00
 -5.31299E+01  2.66134E+00  2.41885E+00
 -5.28833E+01  2.67017E+00  2.31863E+00
 -5.26367E+01  3.07950E+00  2.28159E+00
 -5.23901E+01  3.29090E+00  2.53736E+00
 -5.21435E+01  2.67358E+00  1.32732E+00
 -5.18969E+01 -1.07448E+00  1.52322E+00
 -5.16503E+01  2.39821E+00  2.92509E+00
 -5.14037E+01  9.13546E+00  3.31507E+00
 -5.11571E+01  6.24944E+00  2.49543E+00
 -5.09105E+01  3.49883E+00  2.33207E+00
 -5.06639E+01  2.84965E+00  2.77247E+00
 -5.04174E+01  7.72312E+00  2.74426E+00
 -5.01708E+01  1.35888E+00  1.52905E+00
 -4.99242E+01 -3.77511E-02  2.19075E+00
 -4.96776E+01  3.72500E+00  2.93265E+00
 -4.94310E+01  8.40729E+00  3.51491E+00
 -4.91844E+01  9.10360E+00  2.25931E+00
 -4.89378E+01  9.64520E-01  2.02058E+00
 -4.86912E+01  1.23906E+00  2.08401E+00
 -4.84446E+01  3.39102E+00  2.19911E+00
 -4.81980E+01  3.22325E+00  2.91725E+00
 -4.79514E+01  4.32840E+00  1.93156E+00
 -4.77049E+01  3.00769E+00  2.48120E+00
 -4.74583E+01  3.27067E+00  2.11128E+00
 -4.72117E+01  3.67160E+00  2.84479E+00
 -4.69651E+01  3.81601E+00  2.22927E+00
 -4.67185E+01  4.04337E+00  2.67069E+00
 -4.64719E+01  5.26591E+00  2.19406E+00
 -4.62253E+01  1.27072E+00  2.42472E+00
 -4.59787E+01  6.25103E+00  3.64673E+00
 -4.57321E+01  1.19534E+01  3.43906E+00
 -4.54855E+01  6.68178E+00  1.61509E+00
 -4.52389E+01  2.63709E+00  3.13612E+00
 -4.49924E+01  5.64540E+00  2.96264E+00
 -4.47458E+01  6.64526E+00  2.88382E+00
 -4.44992E+01  7.44485E+00  3.09317E+00
 -4.42526E+01  4.48177E+00  2.71612E+00
 -4.40060E+01  5.10051E+00  2.57666E+00
 -4.37594E+01  6.41706E+00  3.21852E+00
 -4.35128E+01  8.93744E+00  3.42567E+00
 -4.32662E+01  8.41203E+00  2.98986E+00
 -4.30196E+01  8.30728E+00  3.69304E+00
 -4.27730E+01  8.30907E+00  2.54772E+00
 -4.25264E+01  3.41340E+00  2.26591E+00
 -4.22799E+01  3.79486E+00  2.43245E+00
 -4.20333E+01  8.51389E+00  3.80197E+00
 -4.17867E+01  1.00382E+01  3.13858E+00
 -4.15401E+01  5.92898E+00  2.80472E+00
 -4.12935E+01  7.20278E+00  3.56492E+00
 -4.10469E+01  8.36822E+00  2.77230E+00
 -4.08003E+01  7.77448E+00  3.83976E+00
 -4.05537E+01  1.21661E+01  3.47080E+00
 -4.03071E+01  6.67929E+00  2.45941E+00
 -4.00605E+01  6.23165E+00  3.41492E+00
 -3.98139E+01  7.64942E+00  2.73026E+00
 -3.95674E+01  5.77438E+00  3.15534E+00
 -3.93208E+01  9.48135E+00  3.63923E+00
 -3.90742E+01  8.93346E+00  3.51889E+00
 -3.88276E+01  1.06304E+01  3.90988E+00
 -3.85810E+01  1.14851E+01  2.98901E+00
 -3.83344E+01  1.11813E+01  3.67100E+00
 -3.80878E+01  9.41528E+00  3.03351E+00
 -3.78412E+01  4.82054E+00  3.68391E+00
 -3.75946E+01  1.54271E+01  4.12429E+00
 -3.73480E+01  1.21423E+01  3.89576E+00
 -3.71014E+01  1.56230E+01  3.76112E+00
 -3.68549E+01  1.08554E+01  3.70569E+00
 -3.66083E+01  1.37838E+01  3.79202E+00
 -3.63617E+01  1.03169E+01  3.55067E+00
 -3.61151E+01  1.05955E+01  4.04458E+00
 -3.58685E+01  2.25513E+01  4.87049E+00
 -3.56219E+01  1.80221E+01  4.40105E+00
 -3.53753E+01  1.39897E+01  4.20463E+00
 -3.51287E+01  1.43668E+01  4.01609E+00
 -3.48821E+01  1.85224E+01  4.65220E+00
 -3.46355E+01  1.23459E+01  4.07126E+00
 -3.43889E+01  1.77592E+01  4.47717E+00
 -3.41424E+01  1.63755E+01  3.46768E+00
 -3.38958E+01  5.90564E+00  3.00163E+00
 -3.36492E+01  1.38117E+01  4.33427E+00
 -3.34026E+01  1.12678E+01  3.37030E+00
 -3.31560E+01  1.20488E+01  4.08045E+00
 -3.29094E+01  1.35879E+01  3.91243E+00
 -3.26628E+01  1.30369E+01  4.23792E+00
 -3.24162E+01  1.45133E+01  3.90949E+00
 -3.21696E+01  1.26393E+01  3.33471E+00
 -3.19230E+01  6.27978E+00  2.91976E+00
 -3.16764E+01  9.57159E+00  3.78808E+00
 -3.14299E+01  1.52866E+01  4.45943E+00
 -3.11833E+01  1.65356E+01  3.92667E+00
 -3.09367E+01  1.01015E+01  3.47596E+00
 -3.06901E+01  9.73884E+00  3.67454E+00
 -3.04435E+01  1.04333E+01  3.61451E+00
 -3.01969E+01  8.71810E+00  3.21460E+00
 -2.99503E+01  6.25751E+00  3.09983E+00
 -2.97037E+01  9.55520E+00  3.52988E+00
 -2.94571E+01  8.80973E+00  3.48971E+00
 -2.92105E+01  9.79117E+00  2.82303E+00
 -2.89639E+01  5.98487E+00  2.99856E+00
 -2.87174E+01  7.59935E+00  3.71102E+00
 -2.84708E+01  9.52710E+00  3.05723E+00
 -2.82242E+01  7.74996E+00  3.45259E+00
 -2.79776E+01  7.61893E+00  3.33412E+00
 -2.77310E+01  1.38667E+01  3.91060E+00
 -2.74844E+01  8.35508E+00  2.66427E+00
 -2.72378E+01  3.74753E+00  2.67080E+00
 -2.69912E+01  4.51525E+00  2.59028E+00
 -2.67446E+01  4.99167E+00  2.95148E+00
 -2.64980E+01  1.00142E+01  3.66807E+00
 -2.62514E+01  6.43583E+00  2.68511E+00
 -2.60049E+01  7.89984E+00  3.41574E+00
 -2.57583E+01  9.27140E+00  3.03444E+00
 -2.55117E+01  6.60135E+00  3.40847E+00
 -2.52651E+01  3.30352E+00  1.76253E+00
 -2.50185E+01  8.98217E+00  3.38845E+00
 -2.47719E+01  7.06758E+00  2.89959E+00
 -2.45253E+01  5.55107E+00  2.95012E+00
 -2.42787E+01  5.36631E+00  2.41407E+00
 -2.40321E+01  6.34572E+00  3.21077E+00
 -2.37855E+01  5.35278E+00  3.13256E+00
 -2.35389E+01  9.97982E+00  3.46904E+00
 -2.32924E+01  7.95303E+00  3.31933E+00
 -2.30458E+01  9.90434E+00  3.17231E+00
 -2.27992E+01  8.12186E+00  3.04466E+00
 -2.25526E+01  7.28742E+00  3.35815E+00
 -2.23060E+01  9.82058E+00  3.30190E+00
 -2.20594E+01  6.79546E+00  2.92678E+00
 -2.18128E+01  1.51941E+00  1.61445E+00
 -2.15662E+01  5.73717E+00  3.19230E+00
 -2.13196E+01  9.90068E+00  3.48165E+00
 -2.10730E+01  1.09517E+01  3.67474E+00
 -2.08264E+01  6.32547E+00  2.58353E+00
 -2.05799E+01  4.63355E+00  2.67956E+00
 -2.03333E+01  8.02791E+00  3.32627E+00
 -2.00867E+01  6.13892E+00  2.40521E+00
 -1.98401E+01  3.98465E+00  2.86678E+00
 -1.95935E+01  8.69762E+00  3.49455E+00
 -1.93469E+01  7.06914E+00  2.69483E+00
 -1.91003E+01  6.59935E+00  3.39705E+00
 -1.88537E+01  7.04532E+00  2.53962E+00
 -1.86071E+01  7.48791E+00  3.46108E+00
 -1.83605E+01  9.89400E+00  3.58986E+00
 -1.81139E+01  1.00479E+01  3.17373E+00
 -1.78674E+01  5.34278E+00  2.88288E+00
 -1.76208E+01  5.00868E+00  2.63883E+00
 -1.73742E+01  5.99775E+00  3.05706E+00
 -1.71276E+01  7.75260E+00  3.31687E+00
 -1.68810E+01  1.26651E+01  3.95546E+00
 -1.66344E+01  1.02074E+01  3.27054E+00
 -1.63878E+01  2.03671E+00  2.18951E+00
 -1.61412E+01  3.14349E+00  2.45034E+00
 -1.58946E+01  4.12121E+00  2.22908E+00
 -1.56480E+01  5.46106E+00  2.95021E+00
 -1.54015E+01  6.79259E+00  3.15355E+00
 -1.51549E+01  1.01380E+01  3.55037E+00
 -1.49083E+01  1.12185E+01  3.75712E+00
 -1.46617E+01  7.06971E+00  2.84346E+00
 -1.44151E+01  6.93391E+00  2.97535E+00
 -1.41685E+01  3.52751E+00  2.70696E+00
 -1.39219E+01  1.24345E+01  4.23425E+00
 -1.36753E+01  1.19788E+01  2.88294E+00
 -1.34287E+01  2.45866E+00  2.24577E+00
 -1.31821E+01  6.67420E+00  3.16741E+00
 -1.29355E+01  8.16247E+00  3.20679E+00
 -1.26890E+01  7.11769E+00  2.97770E+00
 -1.24424E+01  4.41518E+00  2.54613E+00
 -1.21958E+01  5.81405E+00  3.15027E+00
 -1.19492E+01  1.02859E+01  3.57745E+00
 -1.17026E+01  7.20930E+00  2.99506E+00
 -1.14560E+01  7.88373E+00  3.34491E+00
 -1.12094E+01  9.56128E+00  3.69425E+00
 -1.09628E+01  1.13303E+01  3.57531E+00
 -1.07162E+01  1.20272E+01  3.83845E+00
 -1.04696E+01  6.89075E+00  2.76193E+00
 -1.02230E+01  7.56408E+00  3.07907E+00
 -9.97645E+00  1.02414E+01  3.69407E+00
 -9.72986E+00  7.97884E+00  3.23500E+00
 -9.48327E+00  8.10031E+00  3.20670E+00
 -9.23668E+00  9.55170E+00  3.33510E+00
 -8.99009E+00  5.89401E+00  2.84168E+00
 -8.74350E+00  6.16223E+00  3.01680E+00
 -8.49691E+00  5.71702E+00  2.71709E+00
 -8.25031E+00  5.44855E+00  3.09328E+00
 -8.00372E+00  7.36354E+00  2.87456E+00
 -7.75713E+00  7.54792E+00  3.14939E+00
 -7.51054E+00  9.32619E+00  3.50428E+00
 -7.26395E+00  3.85801E+00  2.47744E+00
 -7.01736E+00  4.47355E+00  2.93911E+00
 -6.77077E+00  1.12515E+01  3.83458E+00
 -6.52418E+00  1.11628E+01  3.43225E+00
 -6.27759E+00  9.86147E+00  3.86180E+00
 -6.03100E+00  1.44145E+01  4.08794E+00
 -5.78441E+00  1.19834E+01  3.22418E+00
 -5.53781E+00  1.09564E+01  3.57889E+00
 -5.29122E+00  6.82715E+00  2.95564E+00
 -5.04463E+00  5.86168E+00  2.65442E+00
 -4.79804E+00  1.00986E+01  4.29956E+00
 -4.55145E+00  1.41071E+01  4.29821E+00
 -4.30486E+00  1.12399E+01  3.77111E+00
 -4.05827E+00  8.82665E+00  3.66108E+00
 -3.81168E+00  9.46608E+00  4.58653E+00
 -3.56509E+00  1.04338E+01  4.46859E+00
 -3.31850E+00  1.37554E+01  5.07414E+00
 -3.07191E+00  7.26854E+00  5.21104E+00
 -2.82532E+00  1.10267E+01  5.06390E+00
 -2.57872E+00  1.10080E+01  5.30229E+00
 -2.33213E+00  1.06309E+01  6.36177E+00
 -2.08554E+00  9.70585E+00  7.21023E+00
 -1.83895E+00  7.73641E+00  9.08110E+00
 -1.59236E+00  5.09055E+00  1.19796E+01
 -1.34577E+00  3.98780E+00  1.59494E+01
 -1.09918E+00  6.76673E+00  2.27535E+01
 -8.52588E-01  1.46903E+01  3.56850E+01
 -6.05997E-01  2.38929E+01  4.97891E+01
 -3.59406E-01  2.56565E+01  6.02993E+01
 -1.12815E-01  1.63303E+01  6.57971E+01
  1.33776E-01  7.73952E+00  6.31346E+01
  3.80366E-01  9.59173E+00  5.08743E+01
  6.26957E-01  1.54831E+01  3.98562E+01
  8.73548E-01  2.00278E+01  2.75935E+01
  1.12014E+00  1.93557E+01  1.82551E+01
  1.36673E+00  1.39100E+01  1.21843E+01
  1.61332E+00  9.87477E+00  8.69565E+00
  1.85991E+00  9.91679E+00  7.42072E+00
  2.10650E+00  1.20704E+01  5.73059E+00
  2.35309E+00  1.29018E+01  5.23345E+00
  2.59968E+00  1.21680E+01  4.76039E+00
  2.84628E+00  1.14399E+01  4.87244E+00
  3.09287E+00  1.11298E+01  4.46598E+00
  3.33946E+00  1.33804E+01  3.72248E+00
  3.58605E+00  2.17028E+00  3.09512E+00
  3.83264E+00  3.73709E+00  3.47891E+00
  4.07923E+00  7.93426E+00  3.86082E+00
  4.32582E+00  7.36125E+00  3.98620E+00
  4.57241E+00  1.31903E+01  3.74760E+00
  4.81900E+00  1.39446E+01  3.61090E+00
  5.06559E+00  7.77210E+00  3.11807E+00
  5.31218E+00  1.06501E+01  3.91384E+00
  5.55877E+00  1.31845E+01  3.81043E+00
  5.80537E+00  1.49801E+01  4.45585E+00
  6.05196E+00  1.44788E+01  3.43193E+00
  6.29855E+00  9.92178E+00  3.47945E+00
  6.54514E+00  1.16843E+01  4.06525E+00
  6.79173E+00  1.22451E+01  3.09583E+00
  7.03832E+00  9.02801E+00  4.15674E+00
  7.28491E+00  1.42181E+01  3.40489E+00
  7.53150E+00  1.33011E+01  4.03687E+00
  7.77809E+00  1.32140E+01  4.36956E+00
  8.02468E+00  1.37111E+01  3.32239E+00
  8.27127E+00  8.86142E+00  3.68410E+00
  8.51787E+00  1.27983E+01  3.48744E+00
  8.76446E+00  1.47423E+01  4.22861E+00
  9.01105E+00  1.77947E+01  4.87235E+00
  9.25764E+00  1.63609E+01  4.23763E+00
  9.50423E+00  1.36525E+01  3.48439E+00
  9.75082E+00  1.00349E+01  3.35438E+00
  9.99741E+00  8.86335E+00  3.82679E+00
  1.02440E+01  1.13076E+01  3.16662E+00
  1.04906E+01  1.38421E+01  4.45465E+00
  1.07372E+01  1.12857E+01  2.84923E+00
  1.09838E+01  8.73596E+00  4.26248E+00
  1.12304E+01  1.95113E+01  4.29046E+00
  1.14770E+01  1.21863E+01  3.54282E+00
  1.17235E+01  1.02756E+01  3.17647E+00
  1.19701E+01  1.12320E+01  3.54310E+00
  1.22167E+01  7.54772E+00  3.51823E+00
  1.24633E+01  1.04376E+01  3.74005E+00
  1.27099E+01  1.16042E+01  3.75000E+00
  1.29565E+01  1.47996E+01  4.32361E+00
  1.32031E+01  1.50046E+01  3.45077E+00
  1.34497E+01  7.30699E+00  3.28881E+00
  1.36963E+01  1.05057E+01  3.71724E+00
  1.39429E+01  1.04908E+01  3.81824E+00
  1.41895E+01  1.62755E+01  4.15969E+00
  1.44360E+01  1.14391E+01  3.09148E+00
  1.46826E+01  8.05906E+00  3.92516E+00
  1.49292E+01  1.63065E+01  4.46065E+00
  1.51758E+01  1.47618E+01  3.51959E+00
  1.54224E+01  1.36355E+01  4.57892E+00
  1.56690E+01  1.62526E+01  3.79696E+00
  1.59156E+01  1.13466E+01  3.56090E+00
  1.61622E+01  8.60487E+00  3.55093E+00
  1.64088E+01  1.15417E+01  4.15157E+00
  1.66554E+01  1.55616E+01  4.07888E+00
  1.69020E+01  1.37034E+01  3.72735E+00
  1.71485E+01  1.54999E+01  4.44175E+00
  1.73951E+01  1.73301E+01  3.94579E+00
  1.76417E+01  9.07059E+00  3.13155E+00
  1.78883E+01  1.22606E+01  4.19125E+00
  1.81349E+01  1.83759E+01  4.28692E+00
  1.83815E+01  1.22282E+01  4.71953E+00
  1.86281E+01  1.93956E+01  4.10492E+00
  1.88747E+01  1.38732E+01  3.92814E+00
  1.91213E+01  1.15618E+01  3.74456E+00
  1.93679E+01  1.43084E+01  4.10357E+00
  1.96145E+01  2.14473E+01  5.00791E+00
  1.98610E+01  1.90378E+01  4.39858E+00
  2.01076E+01  1.43391E+01  3.74404E+00
  2.03542E+01  9.95274E+00  3.24176E+00
  2.06008E+01  1.18284E+01  3.60799E+00
  2.08474E+01  1.04633E+01  3.75491E+00
  2.10940E+01  1.19977E+01  4.32003E+00
  2.13406E+01  2.14241E+01  4.97335E+00
  2.15872E+01  1.63684E+01  4.00993E+00
  2.18338E+01  1.52829E+01  4.23306E+00
  2.20804E+01  1.56769E+01  4.49822E+00
  2.23270E+01  2.04011E+01  4.87166E+00
  2.25735E+01  2.29200E+01  4.39871E+00
  2.28201E+01  1.52318E+01  3.99378E+00
  2.30667E+01  1.28116E+01  4.22704E+00
  2.33133E+01  2.26224E+01  5.54973E+00
  2.35599E+01  2.48567E+01  5.32278E+00
  2.38065E+01  2.60286E+01  4.68795E+00
  2.40531E+01  2.20730E+01  3.73679E+00
  2.42997E+01  1.44976E+01  4.51474E+00
  2.45463E+01  1.60172E+01  4.18744E+00
  2.47929E+01  1.90788E+01  5.34609E+00
  2.50395E+01  2.38411E+01  4.42091E+00
  2.52860E+01  1.84640E+01  4.11450E+00
  2.55326E+01  1.44381E+01  4.60728E+00
  2.57792E+01  2.04620E+01  4.38899E+00
  2.60258E+01  1.19733E+01  4.13677E+00
  2.62724E+01  2.19977E+01  4.92309E+00
  2.65190E+01  2.11924E+01  4.91792E+00
  2.67656E+01  2.73784E+01  5.34219E+00
  2.70122E+01  1.82378E+01  3.90338E+00
  2.72588E+01  9.15402E+00  3.13761E+00
  2.75054E+01  1.81383E+01  5.45271E+00
  2.77520E+01  2.64275E+01  4.97639E+00
  2.79985E+01  2.04864E+01  4.86418E+00
  2.82451E+01  2.52917E+01  5.73945E+00
  2.84917E+01  3.11145E+01  5.74782E+00
  2.87383E+01  2.69509E+01  4.85590E+00
  2.89849E+01  2.92708E+01  6.00145E+00
  2.92315E+01  3.01716E+01  5.24684E+00
  2.94781E+01  2.74111E+01  5.48807E+00
  2.97247E+01  3.07109E+01  5.98595E+00
  2.99713E+01  3.38860E+01  6.03256E+00
  3.02179E+01  3.65907E+01  5.86001E+00
  3.04645E+01  2.94247E+01  5.80411E+00
  3.07110E+01  3.54744E+01  6.42910E+00
  3.09576E+01  3.95890E+01  5.96695E+00
  3.12042E+01  3.96735E+01  5.92994E+00
  3.14508E+01  3.19269E+01  6.29471E+00
  3.16974E+01  3.56084E+01  6.88180E+00
  3.19440E+01  4.59517E+01  6.10703E+00
  3.21906E+01  3.55345E+01  6.31190E+00
  3.24372E+01  4.15817E+01  6.36364E+00
  3.26838E+01  4.22838E+01  6.45229E+00
  3.29304E+01  3.77154E+01  6.86750E+00
  3.31770E+01  4.72159E+01  7.10503E+00
  3.34235E+01  4.96090E+01  6.97813E+00
  3.36701E+01  4.82140E+01  7.04554E+00
  3.39167E+01  4.83336E+01  7.00344E+00
  3.41633E+01  4.19511E+01  6.63691E+00
  3.44099E+01  5.32355E+01  7.84679E+00
  3.46565E+01  6.58573E+01  7.84921E+00
  3.49031E+01  5.02040E+01  6.52149E+00
  3.51497E+01  4.74000E+01  7.19155E+00
  3.53963E+01  4.91070E+01  7.22607E+00
  3.56429E+01  4.63844E+01  6.83705E+00
  3.58895E+01  4.82489E+01  7.99636E+00
  3.61360E+01  7.09203E+01  7.97029E+00
  3.63826E+01  5.57115E+01  7.68932E+00
  3.66292E+01  5.79783E+01  7.23505E+00
  3.68758E+01  4.78948E+01  6.43396E+00
  3.71224E+01  3.99627E+01  6.77248E+00
  3.73690E+01  5.50888E+01  7.80210E+00
  3.76156E+01  5.15224E+01  7.34163E+00
  3.78622E+01  5.37255E+01  7.75639E+00
  3.81088E+01  6.22610E+01  7.10088E+00
  3.83554E+01  4.39499E+01  6.95918E+00
  3.86020E+01  4.64570E+01  6.73274E+00
  3.88485E+01  4.04299E+01  7.12494E+00
  3.90951E+01  5.58708E+01  7.32988E+00
  3.93417E+01  4.66268E+01  6.60500E+00
  3.95883E+01  4.74400E+01  7.69932E+00
  3.98349E+01  5.53607E+01  7.19112E+00
  4.00815E+01  4.52177E+01  6.91613E+00
  4.03281E+01  5.11641E+01  7.01580E+00
  4.05747E+01  4.09636E+01  6.34387E+00
  4.08213E+01  3.93610E+01  5.81411E+00
  4.10679E+01  3.34678E+01  6.19805E+00
  4.13145E+01  3.96154E+01  6.48348E+00
  4.15610E+01  3.95786E+01  6.30634E+00
  4.18076E+01  2.51326E+01  5.68009E+00
  4.20542E+01  4.49385E+01  6.08987E+00
  4.23008E+01  2.33919E+01  5.06471E+00
  4.25474E+01  2.56213E+01  4.86212E+00
  4.27940E+01  2.78812E+01  5.86157E+00
  4.30406E+01  2.80031E+01  6.05171E+00
  4.32872E+01  3.34766E+01  5.46013E+00
  4.35338E+01  3.24455E+01  6.04738E+00
  4.37804E+01  3.29802E+01  5.59428E+00
  4.40270E+01  2.96652E+01  5.79738E+00
  4.42735E+01  3.02634E+01  5.81041E+00
  4.45201E+01  3.80768E+01  6.33544E+00
  4.47667E+01  2.32115E+01  4.17481E+00
  4.50133E+01  2.48538E+01  5.58836E+00
  4.52599E+01  3.42163E+01  6.10361E+00
  4.55065E+01  3.06010E+01  5.35923E+00
  4.57531E+01  2.91252E+01  5.41065E+00
  4.59997E+01  2.53393E+01  5.24308E+00
  4.62463E+01  2.29021E+01  4.94799E+00
  4.64929E+01  2.35057E+01  5.10033E+00
  4.67395E+01  3.09765E+01  6.04329E+00
  4.69860E+01  2.66528E+01  5.15345E+00
  4.72326E+01  2.96185E+01  5.69031E+00
  4.74792E+01  3.18050E+01  5.92173E+00
  4.77258E+01  3.37493E+01  5.81470E+00
  4.79724E+01  2.72907E+01  5.40572E+00
  4.82190E+01  2.97673E+01  5.57857E+00
  4.84656E+01  3.17475E+01  5.99308E+00
  4.87122E+01  2.50505E+01  4.61265E+00
  4.89588E+01  2.81939E+01  5.70979E+00
  4.92054E+01  3.03575E+01  5.62446E+00
  4.94520E+01  2.87819E+01  5.85351E+00
  4.96985E+01  3.01811E+01  5.73980E+00
  4.99451E+01  2.59954E+01  5.51140E+00
  5.01917E+01  3.30874E+01  5.27485E+00
  5.04383E+01  3.27595E+01  5.63105E+00
  5.06849E+01  2.68200E+01  5.61443E+00
  5.09315E+01  2.75461E+01  5.66797E+00
  5.11781E+01  3.19670E+01  5.53019E+00
  5.14247E+01  2.41011E+01  4.73530E+00
  5.16713E+01  1.84357E+01  4.59931E+00
  5.19179E+01  1.50885E+01  4.16344E+00
  5.21645E+01  1.91710E+01  4.83507E+00
  5.24110E+01  3.21650E+01  5.47346E+00
  5.26576E+01  1.96031E+01  4.87305E+00
  5.29042E+01  1.96998E+01  4.02076E+00
  5.31508E+01  1.44734E+01  4.10416E+00
  5.33974E+01  1.95677E+01  5.23646E+00
  5.36440E+01  2.82991E+01  5.81906E+00
  5.38906E+01  2.25892E+01  3.89271E+00
  5.41372E+01  7.15827E+00  3.23718E+00
  5.43838E+01  8.98876E+00  3.74342E+00
  5.46304E+01  1.63113E+01  4.56378E+00
  5.48770E+01  2.64354E+01  5.22374E+00
  5.51235E+01  2.41309E+01  5.27306E+00
  5.53701E+01  2.39911E+01  4.94251E+00
  5.56167E+01  1.67283E+01  3.78689E+00
  5.58633E+01  1.38315E+01  4.20825E+00
  5.61099E+01  1.74231E+01  4.45099E+00
  5.63565E+01  1.86354E+01  4.58983E+00
  5.66031E+01  2.49576E+01  5.00395E+00
  5.68497E+01  1.66955E+01  5.06213E+00
  5.70963E+01  2.04022E+01  3.74891E+00
  5.73429E+01  1.50035E+01  4.41521E+00
  5.75895E+01  2.16440E+01  5.11305E+00
  5.78360E+01  1.75649E+01  4.17618E+00
  5.80826E+01  1.35510E+01  3.85436E+00
  5.83292E+01  1.31205E+01  3.67117E+00
  5.85758E+01  1.00739E+01  3.86277E+00
  5.88224E+01  1.83776E+01  4.90048E+00
  5.90690E+01  2.00749E+01  4.04432E+00
  5.93156E+01  1.11794E+01  3.66241E+00
  5.95622E+01  1.41403E+01  4.20862E+00
  5.98088E+01  1.35699E+01  3.54311E+00
  6.00554E+01  1.90468E+01  4.78306E+00
  6.03020E+01  1.31733E+01  3.96991E+00
  6.05485E+01  1.31895E+01  3.98009E+00
  6.07951E+01  2.09983E+01  5.00630E+00
  6.10417E+01  2.27541E+01  4.85694E+00
  6.12883E+01  2.10296E+01  4.96107E+00
  6.15349E+01  1.83520E+01  4.05301E+00
  6.17815E+01  1.50959E+01  4.44130E+00
  6.20281E+01  2.28660E+01  4.94018E+00
  6.22747E+01  1.55862E+01  4.02279E+00
  6.25213E+01  2.16070E+01  4.99039E+00
  6.27679E+01  2.05024E+01  4.83995E+00
  6.30145E+01  2.08307E+01  4.36054E+00
  6.32610E+01  2.13600E+01  5.08937E+00
  6.35076E+01  1.54402E+01  3.79287E+00
  6.37542E+01  2.22603E+01  5.78093E+00
  6.40008E+01  3.18844E+01  5.69047E+00
  6.42474E+01  2.87758E+01  4.96053E+00
  6.44940E+01  1.14616E+01  3.63161E+00
  6.47406E+01  2.32521E+01  5.44181E+00
  6.49872E+01  2.31159E+01  4.80941E+00
  6.52338E+01  2.24465E+01  5.29952E+00
  6.54804E+01  3.27115E+01  5.82451E+00
  6.57270E+01  2.69173E+01  5.24582E+00
  6.59735E+01  2.66998E+01  5.53629E+00
  6.62201E+01  3.61072E+01  6.01946E+00
  6.64667E+01  2.74047E+01  4.91544E+00
  6.67133E+01  3.03705E+01  6.22677E+00
  6.69599E+01  2.88900E+01  5.24629E+00
  6.72065E+01  2.34760E+01  5.00685E+00
  6.74531E+01  2.11117E+01  5.14375E+00
  6.76997E+01  2.49881E+01  4.99684E+00
  6.79463E+01  2.24932E+01  5.00526E+00
  6.81929E+01  2.62995E+01  4.80617E+00
  6.84394E+01  1.99206E+01  4.61789E+00
  6.86860E+01  1.79316E+01  4.63394E+00
  6.89326E+01  1.76100E+01  4.28864E+00
  6.91792E+01  1.41920E+01  3.99137E+00
  6.94258E+01  1.14244E+01  3.27165E+00
  6.96724E+01  1.38558E+01  4.23441E+00
  6.99190E+01  1.54549E+01  4.39124E+00
  7.01656E+01  2.09607E+01  4.75647E+00
  7.04122E+01  9.29984E+00  2.92604E+00
  7.06588E+01  9.26010E+00  3.46518E+00
  7.09054E+01  8.81787E+00  3.33768E+00
  7.11519E+01  6.87392E+00  2.30882E+00
  7.13985E+01  1.83323E+00  2.66251E+00
  7.16451E+01  5.93339E+00  2.42812E+00
  7.18917E+01  4.06772E+00  2.90520E+00
  7.21383E+01  7.54489E+00  3.06229E+00
  7.23849E+01  6.79526E+00  3.24939E+00
  7.26315E+01  6.79641E+00  2.68089E+00
  7.28781E+01  2.42226E+00  2.11828E+00
  7.31247E+01  3.77632E+00  2.76955E+00
  7.33713E+01  5.16443E+00  2.18644E+00
  7.36179E+01  1.58564E+00  1.97912E+00
  7.38644E+01  3.10913E-01  2.08358E+00
  7.41110E+01  3.77096E+00  2.42015E+00
  7.43576E+01  1.00138E+00  1.80052E+00
  7.46042E+01  4.04698E+00  2.69770E+00
  7.48508E+01  3.84046E+00  2.62972E+00
  7.50974E+01  2.84173E+00  2.29946E+00
  7.53440E+01  1.58022E+00  1.76627E+00
  7.55906E+01  3.55340E+00  1.86893E+00
  7.58372E+01 -3.64829E-01  1.56814E+00
  7.60838E+01 -6.98202E-01  2.11963E+00
  7.63304E+01  5.56666E+00  2.66021E+00
  7.65769E+01  1.90135E+00  1.74608E+00
  7.68235E+01  2.77466E+00  2.03951E+00
  7.70701E+01  1.28667E+00  2.09255E+00
  7.73167E+01  1.56371E+00  2.07840E+00
  7.75633E+01  8.74395E-01  1.02610E+00
  7.78099E+01 -1.44630E-01  1.56125E+00
  7.80565E+01  1.59218E+00  2.01251E+00
  7.83031E+01  7.61117E-01  1.71929E+00
  7.85497E+01 -9.40000E-01  1.62399E+00
  7.87963E+01  1.66415E+00  2.11107E+00
  7.90429E+01  1.78012E+00  1.43071E+00
  7.92894E+01  3.19547E+00  2.42949E+00
  7.95360E+01  1.10981E-01  1.29995E+00
  7.97826E+01 -2.33141E-01  1.71347E+00
  8.00292E+01 -5.07472E-01  1.38044E+00
  8.02758E+01  7.67421E-01  1.88300E+00
  8.05224E+01 -3.19669E-01  1.00364E+00
  8.07690E+01 -2.06254E+00  4.62862E-01
  8.10156E+01 -2.95594E-01  1.75425E+00
  8.12622E+01  1.76496E+00  2.44719E+00
  8.15088E+01  1.97786E+00  1.71089E+00
  8.17554E+01  2.29393E-01  9.99749E-01
  8.20019E+01 -1.37045E+00  1.50520E+00
  8.22485E+01  8.68117E-01  1.61483E+00
  8.24951E+01 -2.60835E-01  1.63691E+00
  8.27417E+01  1.93504E+00  2.32774E+00
  8.29883E+01  6.18092E-01  1.01831E+00
  8.32349E+01  4.59177E-01  2.45829E+00
  8.34815E+01  3.32188E+00  1.73313E+00
  8.37281E+01  9.48863E-02  1.86382E+00
  8.39747E+01  8.24158E-01  1.62187E+00
  8.42213E+01  9.76018E-01  1.92810E+00
  8.44679E+01 -2.21542E-02  2.34517E-01
  8.47144E+01 -1.82869E+00  1.11582E+00
  8.49610E+01 -1.11540E+00  1.14966E+00
  8.52076E+01 -5.78506E-02  1.74250E+00
  8.54542E+01 -4.46637E-01  1.09191E+00
  8.57008E+01 -4.31648E-01  1.91575E+00
  8.59474E+01  2.52728E+00  2.57549E+00
  8.61940E+01  1.99640E+00  2.10268E+00
  8.64406E+01 -1.85495E+00  1.80246E-01
  8.66872E+01 -1.20715E+00  1.53261E+00
  8.69338E+01  1.93670E+00  2.37181E+00
  8.71804E+01  3.07410E+00  2.89832E+00
  8.74269E+01  1.99420E+00  3.35192E+00
  8.76735E+01  1.47758E+00  3.72861E+00
  8.79201E+01 -2.42314E+00  0.00000E+00
  8.81667E+01 -2.42335E+00  0.00000E+00
  8.84133E+01 -2.42364E+00  0.00000E+00
