@page size 600,600
@view 0.12,0.1,0.97,0.93
@subtitle "PHOENIX module phox, 01/25/18 at 15:41:20 -08:00"
@xaxes scale Normal
@yaxes scale Normal
@xaxis label "energy (meV)"
@yaxis label "normalized data (1/eV)"
@s0 errorbar size 0.0
@type xydy
 -7.92843E+01  5.28562E-02  9.59404E-02
 -7.90365E+01 -2.03706E-02  3.46833E-02
 -7.87888E+01 -1.00327E-02  3.18128E-02
 -7.85410E+01 -1.97204E-03  3.41916E-02
 -7.82932E+01 -1.89604E-03  3.40545E-02
 -7.80455E+01 -6.56670E-03  2.79604E-02
 -7.77977E+01  1.02558E-02  3.59414E-02
 -7.75499E+01  2.36664E-04  3.69475E-02
 -7.73022E+01 -1.03962E-02  1.54415E-02
 -7.70544E+01 -9.64462E-03  3.37449E-02
 -7.68067E+01 -8.12509E-03  1.40019E-02
 -7.65589E+01 -1.11705E-02  2.47750E-02
 -7.63111E+01 -1.30383E-02  2.71885E-02
 -7.60634E+01  1.03488E-02  3.56314E-02
 -7.58156E+01 -7.95644E-03  2.68227E-02
 -7.55678E+01  1.10427E-02  3.55003E-02
 -7.53201E+01 -8.08538E-03  2.81820E-02
 -7.50723E+01 -1.04358E-02  2.76906E-02
 -7.48246E+01  4.50322E-02  5.95574E-02
 -7.45768E+01  1.04358E-01  5.22238E-02
 -7.43290E+01  2.79585E-02  3.86348E-02
 -7.40813E+01  9.14581E-03  3.62687E-02
 -7.38335E+01  1.45770E-02  4.42807E-02
 -7.35857E+01  1.46050E-02  2.86524E-02
 -7.33380E+01  7.54815E-03  3.57558E-02
 -7.30902E+01 -1.85741E-02  1.49763E-02
 -7.28424E+01 -3.20166E-02  2.97895E-03
 -7.25947E+01 -1.69097E-02  2.44370E-02
 -7.23469E+01 -2.29684E-02  1.12234E-02
 -7.20992E+01 -1.28905E-02  2.51739E-02
 -7.18514E+01 -1.42135E-02  2.58370E-02
 -7.16036E+01 -5.97652E-03  2.68800E-02
 -7.13559E+01  5.48669E-03  3.43305E-02
 -7.11081E+01 -2.02399E-02  1.62380E-02
 -7.08603E+01  1.13655E-02  4.21777E-02
 -7.06126E+01  4.02614E-02  4.47164E-02
 -7.03648E+01 -6.81314E-03  2.87132E-02
 -7.01170E+01 -1.00911E-04  2.69252E-02
 -6.98693E+01  1.76590E-02  3.47813E-02
 -6.96215E+01 -2.67040E-02  1.32064E-02
 -6.93738E+01  8.97418E-04  3.45490E-02
 -6.91260E+01 -5.95596E-03  2.77525E-02
 -6.88782E+01 -1.06470E-02  2.63734E-02
 -6.86305E+01  9.21958E-03  3.54593E-02
 -6.83827E+01 -5.58406E-04  2.72275E-02
 -6.81349E+01  1.96705E-03  3.54923E-02
 -6.78872E+01  5.06211E-02  4.96682E-02
 -6.76394E+01 -9.02650E-03  1.89061E-02
 -6.73916E+01 -3.21814E-02  7.71355E-03
 -6.71439E+01  6.40733E-03  3.57799E-02
 -6.68961E+01  4.90709E-02  4.97277E-02
 -6.66484E+01  1.68284E-02  3.76746E-02
 -6.64006E+01 -3.67515E-03  2.68799E-02
 -6.61528E+01 -1.02751E-02  2.56139E-02
 -6.59051E+01 -8.98298E-03  2.82183E-02
 -6.56573E+01  1.04059E-02  4.27436E-02
 -6.54095E+01  3.37329E-02  3.70627E-02
 -6.51618E+01 -8.21281E-03  2.79862E-02
 -6.49140E+01 -9.96845E-03  2.55231E-02
 -6.46663E+01 -2.46142E-02  9.47206E-03
 -6.44185E+01 -1.44961E-02  2.50214E-02
 -6.41707E+01  5.53359E-03  3.53236E-02
 -6.39230E+01  1.53417E-03  2.76494E-02
 -6.36752E+01  1.62335E-02  5.44752E-02
 -6.34274E+01  7.46609E-02  5.13305E-02
 -6.31797E+01  6.21290E-02  4.58672E-02
 -6.29319E+01  4.08344E-02  4.93907E-02
 -6.26841E+01  1.70794E-02  2.92866E-02
 -6.24364E+01 -6.60889E-03  2.86256E-02
 -6.21886E+01  2.28354E-02  4.27118E-02
 -6.19409E+01  5.00328E-03  3.62389E-02
 -6.16931E+01 -1.07388E-02  1.36614E-02
 -6.14453E+01 -1.18382E-02  3.53076E-02
 -6.11976E+01  2.94656E-02  4.42598E-02
 -6.09498E+01  2.91776E-02  3.84757E-02
 -6.07020E+01  2.55383E-02  4.32014E-02
 -6.04543E+01  1.59808E-02  3.81253E-02
 -6.02065E+01  1.63898E-02  4.35324E-02
 -5.99587E+01  1.11459E-02  2.86198E-02
 -5.97110E+01  4.45235E-02  4.24597E-02
 -5.94632E+01 -1.21103E-02  1.58880E-02
 -5.92155E+01 -3.26565E-02  2.44823E-02
 -5.89677E+01  3.85044E-03  2.56331E-02
 -5.87199E+01 -3.43517E-03  2.62587E-02
 -5.84722E+01  3.06056E-03  3.54954E-02
 -5.82244E+01 -9.23480E-03  2.50264E-02
 -5.79766E+01 -2.27027E-02  1.83974E-02
 -5.77289E+01  5.03995E-02  5.38654E-02
 -5.74811E+01  3.55067E-02  4.00289E-02
 -5.72333E+01  4.65624E-03  4.30592E-02
 -5.69856E+01  6.61276E-02  4.68556E-02
 -5.67378E+01  4.07922E-02  5.51456E-02
 -5.64901E+01  6.82411E-02  4.54353E-02
 -5.62423E+01 -6.19912E-03  1.81292E-02
 -5.59945E+01 -1.32592E-02  4.22799E-02
 -5.57468E+01  2.62717E-02  3.84325E-02
 -5.54990E+01  3.51030E-02  4.32967E-02
 -5.52512E+01  1.10044E-02  2.26496E-02
 -5.50035E+01  6.60965E-02  5.77469E-02
 -5.47557E+01  2.76151E-03  2.06817E-02
 -5.45080E+01 -1.49834E-02  2.47031E-02
 -5.42602E+01 -6.46988E-03  2.60150E-02
 -5.40124E+01 -1.13950E-02  2.62232E-02
 -5.37647E+01 -1.31662E-02  3.64011E-02
 -5.35169E+01  5.64050E-02  5.31898E-02
 -5.32691E+01  5.55580E-02  4.14736E-02
 -5.30214E+01  3.96696E-02  4.37954E-02
 -5.27736E+01  2.78485E-02  4.41365E-02
 -5.25258E+01  1.79751E-03  4.35046E-02
 -5.22781E+01  1.08578E-02  1.69637E-02
 -5.20303E+01 -1.46056E-02  2.61003E-02
 -5.17826E+01 -6.92618E-03  3.76916E-02
 -5.15348E+01  3.87675E-02  4.94591E-02
 -5.12870E+01  4.02932E-02  3.03482E-02
 -5.10393E+01  1.00221E-02  4.46825E-02
 -5.07915E+01  6.83755E-02  5.53647E-02
 -5.05437E+01  4.41006E-02  3.95642E-02
 -5.02960E+01  1.49618E-02  3.61915E-02
 -5.00482E+01  2.35849E-02  4.40086E-02
 -4.98004E+01  3.11950E-02  5.20897E-02
 -4.95527E+01  6.90099E-02  5.23666E-02
 -4.93049E+01  2.85793E-02  4.14210E-02
 -4.90572E+01  4.33741E-02  5.56345E-02
 -4.88094E+01  8.72413E-02  5.13550E-02
 -4.85616E+01  1.94189E-02  3.76030E-02
 -4.83139E+01  2.42962E-02  4.56703E-02
 -4.80661E+01  6.69860E-02  5.51185E-02
 -4.78183E+01  5.90979E-02  4.58318E-02
 -4.75706E+01  2.47078E-02  4.73285E-02
 -4.73228E+01  8.73034E-02  6.00726E-02
 -4.70750E+01  1.04742E-02  2.10241E-02
 -4.68273E+01 -1.25460E-02  2.50425E-02
 -4.65795E+01  1.17575E-02  3.68533E-02
 -4.63318E+01  3.56333E-02  4.55714E-02
 -4.60840E+01  6.16243E-02  5.60681E-02
 -4.58362E+01  4.58631E-02  4.56558E-02
 -4.55885E+01  4.27428E-02  4.55753E-02
 -4.53407E+01  4.35551E-02  4.55247E-02
 -4.50929E+01  1.14972E-01  7.03851E-02
 -4.48452E+01  1.45059E-01  6.48309E-02
 -4.45974E+01  8.03537E-02  5.79740E-02
 -4.43497E+01  1.03612E-01  7.24502E-02
 -4.41019E+01  1.05120E-01  4.57782E-02
 -4.38541E+01  2.73705E-02  5.20596E-02
 -4.36064E+01  1.56792E-01  7.38732E-02
 -4.33586E+01  1.02101E-01  5.65415E-02
 -4.31108E+01  1.00487E-01  6.23271E-02
 -4.28631E+01  8.28309E-02  5.64779E-02
 -4.26153E+01  1.67004E-02  3.76561E-02
 -4.23675E+01  3.61762E-02  4.84803E-02
 -4.21198E+01  1.35575E-01  6.73664E-02
 -4.18720E+01  5.39280E-02  5.06099E-02
 -4.16243E+01  8.58439E-02  5.52010E-02
 -4.13765E+01  4.43297E-02  5.29173E-02
 -4.11287E+01  1.57089E-01  8.25694E-02
 -4.08810E+01  2.63834E-01  8.95038E-02
 -4.06332E+01  1.40634E-01  6.32415E-02
 -4.03854E+01  2.35390E-01  9.33238E-02
 -4.01377E+01  2.64122E-01  9.09467E-02
 -3.98899E+01  3.41626E-01  1.06269E-01
 -3.96421E+01  3.46082E-01  1.03882E-01
 -3.93944E+01  5.02231E-01  1.22762E-01
 -3.91466E+01  5.13957E-01  1.24510E-01
 -3.88989E+01  5.09067E-01  1.25055E-01
 -3.86511E+01  5.94011E-01  1.35244E-01
 -3.84033E+01  7.34596E-01  1.41793E-01
 -3.81556E+01  6.06575E-01  1.40004E-01
 -3.79078E+01  6.54862E-01  1.45753E-01
 -3.76600E+01  9.09559E-01  1.63937E-01
 -3.74123E+01  9.52991E-01  1.62012E-01
 -3.71645E+01  9.23692E-01  1.61764E-01
 -3.69167E+01  6.51591E-01  1.41638E-01
 -3.66690E+01  7.33362E-01  1.45400E-01
 -3.64212E+01  7.00887E-01  1.35915E-01
 -3.61735E+01  6.71047E-01  1.52369E-01
 -3.59257E+01  8.61540E-01  1.47272E-01
 -3.56779E+01  5.45954E-01  1.24603E-01
 -3.54302E+01  4.31586E-01  1.12462E-01
 -3.51824E+01  5.69448E-01  1.36793E-01
 -3.49346E+01  6.75681E-01  1.35998E-01
 -3.46869E+01  4.63153E-01  1.14230E-01
 -3.44391E+01  6.24336E-01  1.46807E-01
 -3.41914E+01  7.44115E-01  1.42112E-01
 -3.39436E+01  5.06610E-01  1.16013E-01
 -3.36958E+01  4.88668E-01  1.23869E-01
 -3.34481E+01  6.24974E-01  1.36763E-01
 -3.32003E+01  5.82911E-01  1.32922E-01
 -3.29525E+01  7.15713E-01  1.43173E-01
 -3.27048E+01  7.20815E-01  1.45028E-01
 -3.24570E+01  8.56869E-01  1.64811E-01
 -3.22092E+01  8.10821E-01  1.46818E-01
 -3.19615E+01  7.11003E-01  1.45211E-01
 -3.17137E+01  8.92176E-01  1.60975E-01
 -3.14660E+01  8.49994E-01  1.53350E-01
 -3.12182E+01  6.40985E-01  1.30045E-01
 -3.09704E+01  6.10945E-01  1.39810E-01
 -3.07227E+01  9.42301E-01  1.71393E-01
 -3.04749E+01  8.90667E-01  1.55382E-01
 -3.02271E+01  8.69850E-01  1.66228E-01
 -2.99794E+01  1.10539E+00  1.84529E-01
 -2.97316E+01  1.08947E+00  1.58918E-01
 -2.94838E+01  7.80232E-01  1.51089E-01
 -2.92361E+01  8.71655E-01  1.68832E-01
 -2.89883E+01  1.30052E+00  1.97230E-01
 -2.87406E+01  1.33995E+00  1.93814E-01
 -2.84928E+01  1.37644E+00  1.94424E-01
 -2.82450E+01  1.37869E+00  2.00148E-01
 -2.79973E+01  1.38718E+00  1.90292E-01
 -2.77495E+01  1.35995E+00  1.97149E-01
 -2.75017E+01  1.30397E+00  1.87451E-01
 -2.72540E+01  1.36785E+00  2.00714E-01
 -2.70062E+01  1.38158E+00  1.93629E-01
 -2.67584E+01  1.33765E+00  1.95320E-01
 -2.65107E+01  1.23218E+00  1.87025E-01
 -2.62629E+01  1.42052E+00  1.97220E-01
 -2.60152E+01  1.37417E+00  1.97924E-01
 -2.57674E+01  1.33058E+00  1.94285E-01
 -2.55196E+01  1.40078E+00  1.97214E-01
 -2.52719E+01  1.72530E+00  2.25782E-01
 -2.50241E+01  1.86143E+00  2.23586E-01
 -2.47763E+01  1.48452E+00  2.04738E-01
 -2.45286E+01  1.57457E+00  2.19152E-01
 -2.42808E+01  1.81106E+00  2.18818E-01
 -2.40331E+01  1.76342E+00  2.22493E-01
 -2.37853E+01  1.89660E+00  2.31451E-01
 -2.35375E+01  1.88273E+00  2.25371E-01
 -2.32898E+01  1.94036E+00  2.35542E-01
 -2.30420E+01  2.00503E+00  2.40948E-01
 -2.27942E+01  2.17963E+00  2.43470E-01
 -2.25465E+01  2.29497E+00  2.51299E-01
 -2.22987E+01  2.00133E+00  2.25595E-01
 -2.20509E+01  2.05710E+00  2.45956E-01
 -2.18032E+01  2.30286E+00  2.63239E-01
 -2.15554E+01  2.65821E+00  2.64552E-01
 -2.13077E+01  2.65320E+00  2.58961E-01
 -2.10599E+01  1.98560E+00  2.18346E-01
 -2.08121E+01  1.70269E+00  2.24531E-01
 -2.05644E+01  2.16249E+00  2.53641E-01
 -2.03166E+01  2.09118E+00  2.35243E-01
 -2.00688E+01  2.19605E+00  2.42740E-01
 -1.98211E+01  1.88759E+00  2.21155E-01
 -1.95733E+01  1.89982E+00  2.29599E-01
 -1.93255E+01  1.89199E+00  2.27660E-01
 -1.90778E+01  2.01030E+00  2.38007E-01
 -1.88300E+01  1.91612E+00  2.31212E-01
 -1.85823E+01  1.95980E+00  2.28589E-01
 -1.83345E+01  2.22538E+00  2.48093E-01
 -1.80867E+01  2.00055E+00  2.29510E-01
 -1.78390E+01  1.73632E+00  2.14107E-01
 -1.75912E+01  1.59027E+00  2.09694E-01
 -1.73434E+01  1.40196E+00  1.89853E-01
 -1.70957E+01  1.42873E+00  2.05064E-01
 -1.68479E+01  1.70438E+00  2.19913E-01
 -1.66001E+01  1.88087E+00  2.32269E-01
 -1.63524E+01  1.98117E+00  2.26274E-01
 -1.61046E+01  1.99571E+00  2.35399E-01
 -1.58569E+01  2.21575E+00  2.48918E-01
 -1.56091E+01  2.03345E+00  2.25625E-01
 -1.53613E+01  1.55551E+00  1.98756E-01
 -1.51136E+01  1.55387E+00  2.21690E-01
 -1.48658E+01  1.97367E+00  2.23611E-01
 -1.46180E+01  1.72247E+00  2.14040E-01
 -1.43703E+01  1.93069E+00  2.32580E-01
 -1.41225E+01  1.73205E+00  2.16486E-01
 -1.38748E+01  1.86419E+00  2.33082E-01
 -1.36270E+01  1.88180E+00  2.08487E-01
 -1.33792E+01  1.66660E+00  2.22388E-01
 -1.31315E+01  1.89290E+00  2.35492E-01
 -1.28837E+01  1.82528E+00  2.09127E-01
 -1.26359E+01  1.82724E+00  2.32953E-01
 -1.23882E+01  2.05898E+00  2.34752E-01
 -1.21404E+01  1.91965E+00  2.18165E-01
 -1.18926E+01  1.59052E+00  2.06652E-01
 -1.16449E+01  1.74647E+00  2.17834E-01
 -1.13971E+01  1.74828E+00  2.22682E-01
 -1.11494E+01  1.70202E+00  2.05480E-01
 -1.09016E+01  1.61932E+00  2.25579E-01
 -1.06538E+01  2.08441E+00  2.39945E-01
 -1.04061E+01  2.28184E+00  2.44199E-01
 -1.01583E+01  2.01175E+00  2.18608E-01
 -9.91054E+00  1.79655E+00  2.27027E-01
 -9.66277E+00  1.86665E+00  2.44133E-01
 -9.41501E+00  2.30197E+00  2.44340E-01
 -9.16725E+00  2.13348E+00  2.33788E-01
 -8.91948E+00  2.10612E+00  2.37761E-01
 -8.67172E+00  1.91209E+00  2.25015E-01
 -8.42396E+00  1.78665E+00  2.22913E-01
 -8.17619E+00  1.80914E+00  2.20215E-01
 -7.92843E+00  1.76452E+00  2.29485E-01
 -7.68067E+00  2.05531E+00  2.43815E-01
 -7.43290E+00  2.01438E+00  2.28014E-01
 -7.18514E+00  1.82209E+00  2.18503E-01
 -6.93738E+00  1.85443E+00  2.37959E-01
 -6.68961E+00  1.97771E+00  2.30043E-01
 -6.44185E+00  1.99001E+00  2.30174E-01
 -6.19409E+00  2.01434E+00  2.35564E-01
 -5.94632E+00  2.10085E+00  2.39837E-01
 -5.69856E+00  2.02365E+00  2.31985E-01
 -5.45080E+00  2.11651E+00  2.46097E-01
 -5.20303E+00  2.12442E+00  2.45794E-01
 -4.95527E+00  2.07268E+00  2.34776E-01
 -4.70750E+00  1.99494E+00  2.40266E-01
 -4.45974E+00  1.81416E+00  2.17787E-01
 -4.21198E+00  1.96560E+00  2.41627E-01
 -3.96421E+00  2.03705E+00  2.29597E-01
 -3.71645E+00  1.94837E+00  2.52541E-01
 -3.46869E+00  2.08446E+00  2.49152E-01
 -3.22092E+00  2.08891E+00  2.50577E-01
 -2.97316E+00  2.02745E+00  2.52149E-01
 -2.72540E+00  2.02455E+00  2.60315E-01
 -2.47763E+00  2.04401E+00  2.65850E-01
 -2.22987E+00  2.08010E+00  2.91256E-01
 -1.98211E+00  2.14596E+00  3.23516E-01
 -1.73434E+00  2.24115E+00  3.71265E-01
 -1.48658E+00  2.32035E+00  4.58971E-01
 -1.23882E+00  2.28928E+00  6.55233E-01
 -9.91054E-01  2.12424E+00  1.05147E+00
 -7.43290E-01  1.97202E+00  1.63043E+00
 -4.95527E-01  1.98424E+00  2.24957E+00
 -2.47763E-01  2.11963E+00  2.65838E+00
  0.00000E+00  2.21830E+00  2.68187E+00
  2.47763E-01  2.18974E+00  2.36536E+00
  4.95527E-01  2.10746E+00  1.80680E+00
  7.43290E-01  2.11302E+00  1.29023E+00
  9.91054E-01  2.19726E+00  9.44974E-01
  1.23882E+00  2.26984E+00  7.49185E-01
  1.48658E+00  2.26732E+00  6.23616E-01
  1.73434E+00  2.22622E+00  5.19154E-01
  1.98211E+00  2.20511E+00  4.36371E-01
  2.22987E+00  2.22863E+00  3.82234E-01
  2.47763E+00  2.26734E+00  3.41798E-01
  2.72540E+00  2.28980E+00  3.15029E-01
  2.97316E+00  2.29394E+00  2.84485E-01
  3.22092E+00  2.19611E+00  2.96188E-01
  3.46869E+00  2.40300E+00  2.79630E-01
  3.71645E+00  2.46050E+00  2.78962E-01
  3.96421E+00  2.28345E+00  2.56741E-01
  4.21198E+00  2.01880E+00  2.48099E-01
  4.45974E+00  2.07990E+00  2.52496E-01
  4.70750E+00  2.20460E+00  2.63729E-01
  4.95527E+00  2.53220E+00  2.68031E-01
  5.20303E+00  2.57424E+00  2.59648E-01
  5.45080E+00  2.35940E+00  2.58379E-01
  5.69856E+00  2.33174E+00  2.44925E-01
  5.94632E+00  2.27058E+00  2.50787E-01
  6.19409E+00  2.37398E+00  2.41879E-01
  6.44185E+00  1.87682E+00  2.30899E-01
  6.68961E+00  2.13164E+00  2.43954E-01
  6.93738E+00  2.31836E+00  2.62844E-01
  7.18514E+00  2.83794E+00  2.65479E-01
  7.43290E+00  2.51363E+00  2.63618E-01
  7.68067E+00  2.34120E+00  2.40130E-01
  7.92843E+00  2.36733E+00  2.60534E-01
  8.17619E+00  2.52662E+00  2.51330E-01
  8.42396E+00  2.32554E+00  2.59517E-01
  8.67172E+00  2.58292E+00  2.58989E-01
  8.91948E+00  2.81841E+00  2.74002E-01
  9.16725E+00  2.55878E+00  2.56748E-01
  9.41501E+00  2.43458E+00  2.58490E-01
  9.66277E+00  2.59036E+00  2.58769E-01
  9.91054E+00  2.52356E+00  2.39410E-01
  1.01583E+01  2.29735E+00  2.52973E-01
  1.04061E+01  2.34689E+00  2.55854E-01
  1.06538E+01  2.58242E+00  2.64469E-01
  1.09016E+01  2.62606E+00  2.52677E-01
  1.11494E+01  2.46621E+00  2.61434E-01
  1.13971E+01  2.88301E+00  2.74392E-01
  1.16449E+01  3.21006E+00  2.76424E-01
  1.18926E+01  2.86501E+00  2.64178E-01
  1.21404E+01  2.52385E+00  2.67587E-01
  1.23882E+01  2.80516E+00  2.61350E-01
  1.26359E+01  2.65107E+00  2.66308E-01
  1.28837E+01  2.70053E+00  2.68665E-01
  1.31315E+01  3.32046E+00  2.98033E-01
  1.33792E+01  3.22281E+00  2.94042E-01
  1.36270E+01  3.45307E+00  2.79472E-01
  1.38748E+01  2.86889E+00  2.64539E-01
  1.41225E+01  2.63985E+00  2.52527E-01
  1.43703E+01  2.73171E+00  2.82012E-01
  1.46180E+01  3.04603E+00  2.76015E-01
  1.48658E+01  2.81647E+00  2.72348E-01
  1.51136E+01  3.07448E+00  2.80468E-01
  1.53613E+01  3.35595E+00  2.99886E-01
  1.56091E+01  3.30937E+00  2.85294E-01
  1.58569E+01  3.54304E+00  3.00015E-01
  1.61046E+01  3.52142E+00  2.98565E-01
  1.63524E+01  3.28185E+00  3.07026E-01
  1.66001E+01  3.71328E+00  2.95829E-01
  1.68479E+01  3.74085E+00  3.10746E-01
  1.70957E+01  4.00641E+00  3.28864E-01
  1.73434E+01  3.97161E+00  3.14596E-01
  1.75912E+01  3.86487E+00  3.19492E-01
  1.78390E+01  4.29283E+00  3.25190E-01
  1.80867E+01  3.97981E+00  3.15094E-01
  1.83345E+01  3.96368E+00  3.14037E-01
  1.85823E+01  3.99566E+00  3.20486E-01
  1.88300E+01  4.19043E+00  3.31180E-01
  1.90778E+01  4.40284E+00  3.25581E-01
  1.93255E+01  4.72992E+00  3.50240E-01
  1.95733E+01  4.18738E+00  3.17446E-01
  1.98211E+01  4.13287E+00  3.30222E-01
  2.00688E+01  4.93253E+00  3.53769E-01
  2.03166E+01  4.74254E+00  3.47258E-01
  2.05644E+01  4.76206E+00  3.48394E-01
  2.08121E+01  4.71411E+00  3.44917E-01
  2.10599E+01  4.91283E+00  3.41536E-01
  2.13077E+01  5.02112E+00  3.54328E-01
  2.15554E+01  4.47204E+00  3.34820E-01
  2.18032E+01  4.91950E+00  3.59674E-01
  2.20509E+01  4.85220E+00  3.41305E-01
  2.22987E+01  5.06727E+00  3.67321E-01
  2.25465E+01  5.64738E+00  3.74882E-01
  2.27942E+01  4.91008E+00  3.35708E-01
  2.30420E+01  4.71902E+00  3.48739E-01
  2.32898E+01  4.91467E+00  3.46008E-01
  2.35375E+01  4.61760E+00  3.36157E-01
  2.37853E+01  4.34669E+00  3.32413E-01
  2.40331E+01  4.18846E+00  3.14811E-01
  2.42808E+01  4.10761E+00  3.24830E-01
  2.45286E+01  3.91417E+00  3.15754E-01
  2.47763E+01  4.35953E+00  3.29773E-01
  2.50241E+01  4.18691E+00  3.15060E-01
  2.52719E+01  4.02317E+00  3.23913E-01
  2.55196E+01  4.25951E+00  3.21363E-01
  2.57674E+01  3.86501E+00  3.04183E-01
  2.60152E+01  3.93853E+00  3.15930E-01
  2.62629E+01  3.96739E+00  3.16490E-01
  2.65107E+01  3.76507E+00  3.08914E-01
  2.67584E+01  4.07107E+00  3.26822E-01
  2.70062E+01  3.82235E+00  2.84108E-01
  2.72540E+01  3.74137E+00  3.15418E-01
  2.75017E+01  4.01838E+00  3.08431E-01
  2.77495E+01  3.33974E+00  2.87665E-01
  2.79973E+01  3.74714E+00  3.10764E-01
  2.82450E+01  3.82442E+00  2.98620E-01
  2.84928E+01  3.71681E+00  3.03344E-01
  2.87406E+01  3.44627E+00  2.92555E-01
  2.89883E+01  3.45086E+00  2.98976E-01
  2.92361E+01  3.68944E+00  2.97429E-01
  2.94838E+01  3.38409E+00  2.87679E-01
  2.97316E+01  3.22669E+00  2.82829E-01
  2.99794E+01  3.49111E+00  2.90424E-01
  3.02271E+01  3.14302E+00  2.83906E-01
  3.04749E+01  3.24171E+00  2.68449E-01
  3.07227E+01  2.99166E+00  2.71606E-01
  3.09704E+01  3.08341E+00  2.74124E-01
  3.12182E+01  2.82607E+00  2.70165E-01
  3.14660E+01  2.93692E+00  2.67437E-01
  3.17137E+01  2.67453E+00  2.57352E-01
  3.19615E+01  2.58158E+00  2.53373E-01
  3.22092E+01  2.49782E+00  2.45488E-01
  3.24570E+01  2.67583E+00  2.65150E-01
  3.27048E+01  3.02217E+00  2.66911E-01
  3.29525E+01  2.60747E+00  2.49625E-01
  3.32003E+01  2.61518E+00  2.56626E-01
  3.34481E+01  2.49554E+00  2.43405E-01
  3.36958E+01  2.51025E+00  2.47328E-01
  3.39436E+01  2.39068E+00  2.42156E-01
  3.41914E+01  2.39272E+00  2.46885E-01
  3.44391E+01  2.41825E+00  2.37550E-01
  3.46869E+01  2.26005E+00  2.33286E-01
  3.49346E+01  2.14282E+00  2.31219E-01
  3.51824E+01  2.22449E+00  2.42249E-01
  3.54302E+01  2.46439E+00  2.42157E-01
  3.56779E+01  2.46781E+00  2.53101E-01
  3.59257E+01  2.64932E+00  2.51488E-01
  3.61735E+01  2.54076E+00  2.49020E-01
  3.64212E+01  2.70112E+00  2.71422E-01
  3.66690E+01  3.31141E+00  2.94859E-01
  3.69167E+01  3.48392E+00  2.81096E-01
  3.71645E+01  3.15076E+00  2.71905E-01
  3.74123E+01  3.08325E+00  2.88227E-01
  3.76600E+01  3.50078E+00  2.85876E-01
  3.79078E+01  3.53683E+00  2.96417E-01
  3.81556E+01  3.49172E+00  2.91032E-01
  3.84033E+01  3.57174E+00  2.99712E-01
  3.86511E+01  3.58923E+00  2.75027E-01
  3.88989E+01  2.58851E+00  2.47754E-01
  3.91466E+01  2.51795E+00  2.47747E-01
  3.93944E+01  2.20125E+00  2.25802E-01
  3.96421E+01  2.11613E+00  2.26909E-01
  3.98899E+01  1.74251E+00  1.98052E-01
  4.01377E+01  1.46946E+00  1.76575E-01
  4.03854E+01  1.19034E+00  1.70532E-01
  4.06332E+01  1.12715E+00  1.63785E-01
  4.08810E+01  8.63399E-01  1.43974E-01
  4.11287E+01  8.58720E-01  1.50297E-01
  4.13765E+01  9.05210E-01  1.42743E-01
  4.16243E+01  6.78253E-01  1.24037E-01
  4.18720E+01  4.41048E-01  1.10829E-01
  4.21198E+01  5.37269E-01  1.10803E-01
  4.23675E+01  3.42394E-01  8.54014E-02
  4.26153E+01  3.95659E-01  1.17504E-01
  4.28631E+01  4.41900E-01  9.48505E-02
  4.31108E+01  3.24413E-01  1.00802E-01
  4.33586E+01  3.95136E-01  9.84939E-02
  4.36064E+01  2.59643E-01  7.68084E-02
  4.38541E+01  1.79465E-01  6.94801E-02
  4.41019E+01  1.93921E-01  7.69482E-02
  4.43497E+01  2.58896E-01  8.50387E-02
  4.45974E+01  2.48344E-01  7.94769E-02
  4.48452E+01  3.00972E-01  9.63863E-02
  4.50929E+01  2.41959E-01  8.77696E-02
  4.53407E+01  2.96077E-01  8.88023E-02
  4.55885E+01  2.82527E-01  8.69068E-02
  4.58362E+01  3.01804E-01  9.37692E-02
  4.60840E+01  3.69488E-01  8.95970E-02
  4.63318E+01  3.09864E-01  8.95980E-02
  4.65795E+01  2.03408E-01  7.44756E-02
  4.68273E+01  2.23723E-01  9.47078E-02
  4.70750E+01  3.90190E-01  9.20764E-02
  4.73228E+01  2.60218E-01  8.73243E-02
  4.75706E+01  2.90879E-01  8.88434E-02
  4.78183E+01  2.98468E-01  7.95197E-02
  4.80661E+01  2.14062E-01  8.84676E-02
  4.83139E+01  2.50952E-01  8.27396E-02
  4.85616E+01  3.86320E-01  1.01346E-01
  4.88094E+01  2.98867E-01  8.08419E-02
  4.90572E+01  1.88639E-01  7.10395E-02
  4.93049E+01  2.10724E-01  6.84299E-02
  4.95527E+01  9.68965E-02  6.26961E-02
  4.98004E+01  9.84796E-02  6.28988E-02
  5.00482E+01  1.64256E-01  7.52760E-02
  5.02960E+01  2.66687E-01  8.79912E-02
  5.05437E+01  2.70696E-01  8.26768E-02
  5.07915E+01  2.57445E-01  8.77587E-02
  5.10393E+01  2.34539E-01  7.94721E-02
  5.12870E+01  2.82155E-01  8.43167E-02
  5.15348E+01  2.37378E-01  8.22153E-02
  5.17826E+01  2.15402E-01  7.76017E-02
  5.20303E+01  2.11425E-01  7.92148E-02
  5.22781E+01  2.22111E-01  7.92505E-02
  5.25258E+01  2.53266E-01  7.62386E-02
  5.27736E+01  1.86848E-01  8.36674E-02
  5.30214E+01  2.24219E-01  6.45625E-02
  5.32691E+01  2.35384E-01  8.24327E-02
  5.35169E+01  1.48534E-01  6.09207E-02
  5.37647E+01  8.35795E-02  6.13534E-02
  5.40124E+01  1.48652E-01  6.90067E-02
  5.42602E+01  2.16065E-01  8.55853E-02
  5.45080E+01  2.96028E-01  7.46134E-02
  5.47557E+01  1.17464E-01  5.97617E-02
  5.50035E+01  1.20105E-01  7.10632E-02
  5.52512E+01  1.65642E-01  6.36987E-02
  5.54990E+01  1.88613E-01  7.72002E-02
  5.57468E+01  1.74385E-01  6.39589E-02
  5.59945E+01  9.87873E-02  6.15985E-02
  5.62423E+01  1.32320E-01  5.72358E-02
  5.64901E+01  6.21968E-02  4.77259E-02
  5.67378E+01  9.93894E-02  6.68957E-02
  5.69856E+01  1.74318E-01  6.11097E-02
  5.72333E+01  1.93025E-01  7.60789E-02
  5.74811E+01  1.95850E-01  7.37942E-02
  5.77289E+01  1.84575E-01  8.37711E-02
  5.79766E+01  2.21856E-01  7.01613E-02
  5.82244E+01  2.14338E-01  7.57533E-02
  5.84722E+01  1.79772E-01  7.78642E-02
  5.87199E+01  1.48859E-01  6.13359E-02
  5.89677E+01  1.42107E-01  7.07272E-02
  5.92155E+01  1.99055E-01  6.48058E-02
  5.94632E+01  1.68510E-01  8.41796E-02
  5.97110E+01  2.28146E-01  7.46968E-02
  5.99587E+01  1.77191E-01  5.86148E-02
  6.02065E+01  8.87711E-02  4.72742E-02
  6.04543E+01  5.29495E-02  5.83941E-02
  6.07020E+01  1.77299E-01  7.36644E-02
  6.09498E+01  2.04464E-01  7.94290E-02
  6.11976E+01  1.37901E-01  5.44883E-02
  6.14453E+01  7.97030E-02  4.80334E-02
  6.16931E+01  8.47660E-02  6.13541E-02
  6.19409E+01  1.05697E-01  6.99073E-02
  6.21886E+01  2.48704E-01  8.73295E-02
  6.24364E+01  2.69241E-01  6.95997E-02
  6.26841E+01  1.35797E-01  6.50976E-02
  6.29319E+01  1.88239E-01  7.21302E-02
  6.31797E+01  2.00834E-01  7.29150E-02
  6.34274E+01  1.46443E-01  6.30453E-02
  6.36752E+01  6.25124E-02  4.70666E-02
  6.39230E+01  2.00396E-02  2.98126E-02
  6.41707E+01  8.78189E-02  6.77757E-02
  6.44185E+01  2.15549E-01  6.94132E-02
  6.46663E+01  1.25736E-01  6.46681E-02
  6.49140E+01  1.83181E-01  7.47890E-02
  6.51618E+01  2.55369E-01  8.37886E-02
  6.54095E+01  2.09998E-01  7.55506E-02
  6.56573E+01  9.78131E-02  4.26565E-02
  6.59051E+01  3.20879E-02  4.41672E-02
  6.61528E+01  7.25435E-02  5.09932E-02
  6.64006E+01  4.59374E-02  5.17730E-02
  6.66484E+01  7.28087E-02  4.49863E-02
  6.68961E+01  6.80419E-02  5.08842E-02
  6.71439E+01  7.51684E-02  5.13408E-02
  6.73916E+01  4.79502E-02  3.82151E-02
  6.76394E+01  4.74827E-02  4.99262E-02
  6.78872E+01  5.24677E-02  5.22726E-02
  6.81349E+01  7.91835E-02  5.25922E-02
  6.83827E+01  7.06839E-02  3.99677E-02
  6.86305E+01  8.76464E-02  5.98735E-02
  6.88782E+01  1.17231E-01  5.36491E-02
  6.91260E+01  6.18381E-02  6.14808E-02
  6.93738E+01  5.45177E-02  2.51087E-02
  6.96215E+01  1.01240E-02  5.44331E-02
  6.98693E+01  6.60557E-02  4.02782E-02
  7.01170E+01  5.79730E-02  5.06533E-02
  7.03648E+01  7.08866E-02  5.16422E-02
  7.06126E+01  7.89135E-02  4.51524E-02
  7.08603E+01  2.19363E-02  3.00183E-02
  7.11081E+01  1.44827E-02  3.48730E-02
  7.13559E+01 -2.54116E-02  1.36373E-02
  7.16036E+01 -1.45400E-03  3.48494E-02
  7.18514E+01 -8.09557E-04  2.60530E-02
  7.20992E+01 -2.73669E-02  2.71572E-02
  7.23469E+01  5.55127E-02  4.95019E-02
  7.25947E+01  2.49250E-02  3.05914E-02
  7.28424E+01 -5.08636E-04  4.27052E-02
  7.30902E+01  8.28806E-02  5.57169E-02
  7.33380E+01  7.28382E-02  6.30795E-02
  7.35857E+01  1.30608E-01  6.85794E-02
  7.38335E+01  1.42803E-01  4.82417E-02
  7.40813E+01  5.98128E-02  3.69733E-02
  7.43290E+01  3.11625E-02  4.87924E-02
  7.45768E+01  3.61365E-02  3.27504E-02
  7.48246E+01  1.08413E-02  5.40032E-02
  7.50723E+01  7.43091E-02  2.47351E-02
  7.53201E+01  4.80519E-02  4.67297E-02
  7.55678E+01 -5.21946E-03  3.06473E-02
  7.58156E+01  3.64346E-02  4.21247E-02
  7.60634E+01  1.72730E-02  3.76208E-02
  7.63111E+01  4.07406E-02  6.54371E-02
  7.65589E+01  1.72112E-01  4.82781E-02
  7.68067E+01  1.82593E-03  1.66568E-02
  7.70544E+01 -3.92906E-02  4.86355E-02
  7.73022E+01  1.03943E-01  4.63164E-02
  7.75499E+01  1.33676E-02  1.65332E-02
  7.77977E+01  4.44112E-02  5.86818E-02
  7.80455E+01  5.19219E-02  4.82721E-02
  7.82932E+01  6.99691E-02  5.15141E-02
  7.85410E+01  1.03027E-01  4.57661E-02
  7.87888E+01  3.56410E-02  3.96804E-02
  7.90365E+01  2.11044E-02  4.33878E-02
  7.92843E+01  3.52220E-02  3.75112E-02
  7.95321E+01  7.61502E-04  3.71631E-02
  7.97798E+01  3.93534E-02  4.39184E-02
  8.00276E+01  7.09654E-02  3.77996E-02
  8.02753E+01  2.73727E-02  4.31761E-02
  8.05231E+01  3.60454E-02  3.63678E-02
  8.07709E+01 -6.15546E-03  4.47398E-02
  8.10186E+01  7.50509E-02  5.62425E-02
  8.12664E+01  5.55823E-02  4.65307E-02
  8.15142E+01  4.16783E-02  1.66264E-02
  8.17619E+01  5.91045E-03  4.22974E-02
  8.20097E+01  1.91608E-02  2.99144E-02
  8.22575E+01 -2.00528E-02  1.10088E-02
  8.25052E+01 -1.67097E-02  3.37077E-02
  8.27530E+01 -1.40093E-02  4.43094E-02
  8.30007E+01  6.44936E-02  2.90187E-02
  8.32485E+01 -6.61121E-04  4.30106E-02
  8.34963E+01  6.81354E-02  4.97101E-02
  8.37440E+01  2.12508E-02  1.90856E-02
  8.39918E+01 -1.11905E-02  3.47903E-02
  8.42396E+01  1.18436E-02  3.60626E-02
  8.44873E+01 -9.53800E-03  2.87202E-02
  8.47351E+01 -8.59358E-03  3.45536E-02
  8.49829E+01  8.36766E-03  1.58767E-02
  8.52306E+01 -2.87317E-02  3.35239E-02
  8.54784E+01  2.99128E-02  2.75566E-02
  8.57261E+01  2.05038E-02  3.54722E-02
  8.59739E+01  1.57381E-02  4.43347E-02
  8.62217E+01 -8.29113E-04  2.88385E-02
  8.64694E+01 -6.58287E-03  2.62358E-02
  8.67172E+01 -1.79230E-02  3.52379E-02
  8.69650E+01  3.20335E-02  2.77044E-02
  8.72127E+01  7.55839E-02  4.88360E-02
  8.74605E+01 -2.26993E-02  3.13963E-02
  8.77082E+01  5.53242E-02  4.23531E-02
  8.79560E+01 -2.01498E-02  1.90289E-02
  8.82038E+01 -4.58299E-02  4.27757E-03
  8.84515E+01 -4.47029E-02  0.00000E+00
  8.86993E+01 -4.45285E-02  0.00000E+00
  8.89471E+01 -4.41091E-02  9.70517E-03
  8.91948E+01 -1.19926E-03  4.23422E-02
  8.94426E+01  1.00511E-02  2.90557E-02
  8.96904E+01  3.86225E-02  3.55732E-02
  8.99381E+01  6.43260E-03  4.43001E-02
  9.01859E+01  4.44747E-02  3.78640E-02
  9.04336E+01  1.25167E-02  2.72249E-02
  9.06814E+01 -4.03285E-02  9.96128E-03
  9.09292E+01  6.46834E-03  3.37237E-02
  9.11769E+01 -3.06875E-02  2.76629E-02
  9.14247E+01 -2.08052E-02  1.05814E-02
  9.16725E+01 -3.77231E-03  3.46439E-02
  9.19202E+01 -9.49277E-03  2.81181E-02
  9.21680E+01  1.36481E-02  3.52468E-02
  9.24158E+01  1.05899E-02  3.65742E-02
  9.26635E+01  1.57354E-02  2.77047E-02
  9.29113E+01 -3.46997E-02  1.15723E-02
  9.31590E+01 -4.44332E-02  2.37212E-02
  9.34068E+01 -1.92294E-02  1.38712E-02
  9.36546E+01 -1.41073E-02  3.50799E-02
  9.39023E+01 -2.38751E-03  1.25465E-02
  9.41501E+01 -3.98134E-02  5.62145E-03
  9.43979E+01 -3.44221E-02  3.46230E-02
  9.46456E+01  4.12528E-02  3.67955E-02
  9.48934E+01 -1.48787E-02  2.73347E-02
  9.51411E+01  6.26409E-02  4.85776E-02
  9.53889E+01  8.04570E-02  4.59332E-02
  9.56367E+01  2.86482E-02  3.76863E-02
  9.58844E+01 -3.70077E-02  1.50266E-02
  9.61322E+01  1.41804E-02  4.10654E-02
  9.63800E+01 -1.90635E-03  3.05420E-02
  9.66277E+01  4.47723E-03  3.44370E-02
  9.68755E+01 -1.02583E-02  2.83726E-02
  9.71233E+01  1.12570E-02  2.65862E-02
  9.73710E+01 -3.09581E-02  1.20282E-02
  9.76188E+01 -4.45509E-02  2.45726E-02
  9.78665E+01  1.29996E-02  3.56947E-02
  9.81143E+01 -1.26565E-03  2.81797E-02
  9.83621E+01  2.79691E-03  2.60835E-02
  9.86098E+01 -3.50879E-02  2.57717E-02
  9.88576E+01 -1.81191E-02  2.55921E-02
  9.91054E+01 -7.66190E-03  2.69349E-02
  9.93531E+01  1.02381E-01  7.01559E-02
  9.96009E+01  4.92523E-03  5.59834E-02
  9.98487E+01  1.71600E-02  5.26824E-02
  1.00096E+02  4.23962E-02  1.78184E-02
  1.00344E+02 -3.47658E-02  0.00000E+00
  1.00592E+02 -4.53413E-02  0.00000E+00
