@page size 600,600
@view 0.12,0.1,0.97,0.93
@subtitle "PHOENIX module phox, 01/26/18 at 13:54:58 -08:00"
@xaxes scale Normal
@yaxes scale Normal
@xaxis label "energy (meV)"
@yaxis label "normalized data (1/eV)"
@s0 errorbar size 0.0
@type xydy
 -7.29414E+01  9.30384E-02  6.49753E-02
 -7.26933E+01 -2.10838E-02  4.43097E-02
 -7.24452E+01 -5.68131E-02  4.36042E-02
 -7.21971E+01 -2.28048E-02  5.30224E-02
 -7.19490E+01  8.65249E-03  5.09296E-02
 -7.17009E+01 -4.74945E-02  3.51167E-02
 -7.14528E+01 -6.61632E-02  4.58679E-02
 -7.12047E+01 -2.80276E-02  4.58362E-02
 -7.09566E+01 -9.96265E-03  4.91025E-02
 -7.07085E+01 -2.39129E-02  4.51032E-02
 -7.04604E+01 -5.64496E-02  3.80726E-02
 -7.02123E+01 -5.90926E-02  4.19623E-02
 -6.99642E+01 -1.98815E-02  4.89718E-02
 -6.97161E+01 -1.74237E-02  4.70502E-02
 -6.94680E+01 -2.28961E-02  6.13865E-02
 -6.92199E+01  2.05019E-02  5.51514E-02
 -6.89718E+01  2.85998E-03  4.98010E-02
 -6.87237E+01 -4.42025E-02  4.09246E-02
 -6.84756E+01 -1.62286E-02  5.64819E-02
 -6.82275E+01 -6.02555E-03  5.85400E-02
 -6.79794E+01  5.20288E-02  6.04050E-02
 -6.77313E+01  3.98357E-02  6.53311E-02
 -6.74832E+01  3.09664E-02  6.00100E-02
 -6.72351E+01  5.72711E-02  7.35629E-02
 -6.69870E+01  9.39089E-02  6.70046E-02
 -6.67389E+01  5.48112E-03  4.62069E-02
 -6.64908E+01  1.14998E-02  6.92812E-02
 -6.62427E+01  4.73422E-02  6.31746E-02
 -6.59946E+01  7.72837E-02  7.56616E-02
 -6.57465E+01  1.26534E-01  7.81984E-02
 -6.54984E+01  1.02002E-01  7.04682E-02
 -6.52503E+01  8.82536E-02  7.04552E-02
 -6.50022E+01  1.54986E-01  7.87836E-02
 -6.47541E+01  1.55943E-01  7.42284E-02
 -6.45060E+01  8.20898E-02  6.30789E-02
 -6.42579E+01  8.33839E-02  6.83743E-02
 -6.40098E+01  1.45684E-01  7.82058E-02
 -6.37617E+01  2.28185E-01  7.84142E-02
 -6.35136E+01  1.57118E-01  6.91311E-02
 -6.32655E+01  7.91691E-02  6.47811E-02
 -6.30174E+01  8.04371E-02  6.22027E-02
 -6.27693E+01  3.71466E-02  5.47988E-02
 -6.25212E+01  5.94603E-02  6.27151E-02
 -6.22731E+01  1.23032E-01  6.51810E-02
 -6.20250E+01  6.59135E-02  5.94612E-02
 -6.17769E+01  9.51670E-02  7.02795E-02
 -6.15288E+01  7.22927E-02  6.00519E-02
 -6.12807E+01  1.01388E-01  6.77977E-02
 -6.10326E+01  1.09755E-01  6.26943E-02
 -6.07845E+01  3.68828E-02  5.40906E-02
 -6.05364E+01 -2.42516E-02  4.40661E-02
 -6.02883E+01  4.65494E-02  6.56798E-02
 -6.00402E+01  8.34627E-02  5.88892E-02
 -5.97921E+01  7.87330E-02  6.06768E-02
 -5.95440E+01  4.90133E-02  5.54980E-02
 -5.92959E+01  4.75264E-03  5.10464E-02
 -5.90478E+01  9.97693E-03  5.06679E-02
 -5.87997E+01  3.31934E-02  6.00471E-02
 -5.85516E+01  9.86194E-02  6.94460E-02
 -5.83035E+01  8.97734E-02  5.45800E-02
 -5.80554E+01  2.68187E-02  5.28377E-02
 -5.78073E+01  7.52350E-02  6.09770E-02
 -5.75592E+01  4.36636E-02  6.05630E-02
 -5.73111E+01  2.82600E-02  5.51000E-02
 -5.70630E+01  5.16548E-02  5.22422E-02
 -5.68149E+01  2.98397E-02  5.20926E-02
 -5.65668E+01  2.89080E-02  5.64386E-02
 -5.63187E+01  2.01406E-02  5.58298E-02
 -5.60706E+01  8.78264E-02  6.80196E-02
 -5.58225E+01  5.19537E-02  4.94661E-02
 -5.55744E+01  1.28506E-02  5.44101E-02
 -5.53263E+01  3.32726E-02  6.04580E-02
 -5.50782E+01  4.13352E-02  5.39050E-02
 -5.48301E+01  2.98670E-02  5.11764E-02
 -5.45820E+01  4.55918E-02  5.70962E-02
 -5.43339E+01  9.30785E-02  7.32841E-02
 -5.40858E+01  1.28281E-01  6.42407E-02
 -5.38377E+01  8.08320E-02  6.46587E-02
 -5.35896E+01  1.02242E-01  7.18536E-02
 -5.33415E+01  1.88421E-01  7.74854E-02
 -5.30934E+01  1.71875E-01  7.00793E-02
 -5.28453E+01  6.01775E-02  5.61327E-02
 -5.25972E+01  9.45068E-02  6.96746E-02
 -5.23491E+01  9.78485E-02  5.99487E-02
 -5.21010E+01  2.66337E-02  5.05247E-02
 -5.18529E+01  2.91887E-02  5.78926E-02
 -5.16048E+01  4.32340E-02  6.30685E-02
 -5.13567E+01  1.63049E-01  7.93295E-02
 -5.11086E+01  1.73727E-01  6.65495E-02
 -5.08605E+01  6.18565E-02  6.50558E-02
 -5.06124E+01  1.70082E-01  8.03395E-02
 -5.03643E+01  1.78245E-01  7.33572E-02
 -5.01162E+01  1.21305E-01  7.25538E-02
 -4.98681E+01  1.39875E-01  6.54015E-02
 -4.96200E+01  6.84740E-02  5.67127E-02
 -4.93719E+01  4.84229E-03  4.95387E-02
 -4.91238E+01  1.61716E-02  5.52611E-02
 -4.88757E+01  7.08342E-02  7.05864E-02
 -4.86276E+01  1.60302E-01  7.39018E-02
 -4.83795E+01  2.00082E-01  7.58918E-02
 -4.81314E+01  8.30566E-02  5.80268E-02
 -4.78833E+01  3.58799E-02  6.44794E-02
 -4.76352E+01  1.23231E-01  7.31439E-02
 -4.73871E+01  1.64696E-01  7.38963E-02
 -4.71390E+01  2.14038E-01  8.46673E-02
 -4.68909E+01  1.98885E-01  7.78084E-02
 -4.66428E+01  1.65096E-01  7.63353E-02
 -4.63947E+01  1.62000E-01  7.47370E-02
 -4.61466E+01  1.78863E-01  7.51874E-02
 -4.58985E+01  1.48618E-01  6.67905E-02
 -4.56504E+01  1.19960E-01  6.93868E-02
 -4.54023E+01  1.41110E-01  8.04052E-02
 -4.51542E+01  2.13656E-01  8.62524E-02
 -4.49061E+01  2.14757E-01  8.64432E-02
 -4.46580E+01  2.61721E-01  7.81869E-02
 -4.44099E+01  1.85381E-01  7.44832E-02
 -4.41618E+01  1.41969E-01  7.46183E-02
 -4.39137E+01  1.86573E-01  8.45139E-02
 -4.36656E+01  2.46298E-01  8.30175E-02
 -4.34175E+01  2.01671E-01  8.05428E-02
 -4.31694E+01  2.19384E-01  8.44549E-02
 -4.29213E+01  1.88260E-01  7.27076E-02
 -4.26732E+01  1.43718E-01  7.46593E-02
 -4.24251E+01  2.08757E-01  7.79491E-02
 -4.21770E+01  1.96703E-01  8.45483E-02
 -4.19289E+01  2.27090E-01  9.20628E-02
 -4.16808E+01  3.44409E-01  9.74299E-02
 -4.14327E+01  3.48076E-01  9.06474E-02
 -4.11846E+01  2.81173E-01  9.64006E-02
 -4.09365E+01  2.90833E-01  8.57265E-02
 -4.06884E+01  2.93728E-01  9.12673E-02
 -4.04403E+01  2.91866E-01  9.75729E-02
 -4.01922E+01  3.78616E-01  9.95869E-02
 -3.99441E+01  3.81561E-01  9.32368E-02
 -3.96960E+01  3.43436E-01  9.70308E-02
 -3.94479E+01  2.87854E-01  9.39196E-02
 -3.91998E+01  3.99681E-01  1.10585E-01
 -3.89517E+01  5.14260E-01  1.11587E-01
 -3.87036E+01  4.66327E-01  1.11139E-01
 -3.84555E+01  5.10048E-01  1.12840E-01
 -3.82074E+01  4.67321E-01  1.08631E-01
 -3.79593E+01  5.38677E-01  1.12139E-01
 -3.77112E+01  5.08422E-01  1.14863E-01
 -3.74631E+01  4.59723E-01  1.08473E-01
 -3.72150E+01  5.14726E-01  1.18967E-01
 -3.69669E+01  6.73829E-01  1.26157E-01
 -3.67188E+01  6.29912E-01  1.13909E-01
 -3.64707E+01  5.70571E-01  1.26966E-01
 -3.62226E+01  6.96989E-01  1.27631E-01
 -3.59745E+01  6.69557E-01  1.22928E-01
 -3.57264E+01  5.39578E-01  1.11280E-01
 -3.54783E+01  4.74465E-01  1.12954E-01
 -3.52302E+01  6.27515E-01  1.25619E-01
 -3.49821E+01  6.97860E-01  1.30967E-01
 -3.47340E+01  6.43648E-01  1.18031E-01
 -3.44859E+01  6.07335E-01  1.20663E-01
 -3.42378E+01  5.49146E-01  1.17593E-01
 -3.39897E+01  5.52065E-01  1.12371E-01
 -3.37416E+01  4.82780E-01  1.15111E-01
 -3.34935E+01  5.38817E-01  1.17575E-01
 -3.32454E+01  5.91550E-01  1.16972E-01
 -3.29973E+01  4.37274E-01  1.01610E-01
 -3.27492E+01  5.73181E-01  1.34366E-01
 -3.25011E+01  7.38051E-01  1.21258E-01
 -3.22530E+01  6.09350E-01  1.14799E-01
 -3.20049E+01  5.27498E-01  1.12901E-01
 -3.17568E+01  4.42658E-01  1.04111E-01
 -3.15087E+01  4.34896E-01  1.08015E-01
 -3.12606E+01  5.04002E-01  1.14992E-01
 -3.10125E+01  6.27107E-01  1.22590E-01
 -3.07644E+01  5.36382E-01  1.11098E-01
 -3.05163E+01  4.59783E-01  1.11385E-01
 -3.02682E+01  5.19443E-01  1.11495E-01
 -3.00201E+01  4.89126E-01  1.06622E-01
 -2.97720E+01  3.53760E-01  9.60029E-02
 -2.95239E+01  2.82614E-01  9.77296E-02
 -2.92758E+01  4.31315E-01  1.05544E-01
 -2.90277E+01  4.22070E-01  1.07764E-01
 -2.87796E+01  5.38611E-01  1.20334E-01
 -2.85315E+01  4.98469E-01  1.09802E-01
 -2.82834E+01  4.46502E-01  1.06758E-01
 -2.80353E+01  4.80289E-01  1.09011E-01
 -2.77872E+01  4.25071E-01  9.55919E-02
 -2.75391E+01  3.48828E-01  1.01391E-01
 -2.72910E+01  3.89630E-01  1.04248E-01
 -2.70429E+01  3.85801E-01  1.08992E-01
 -2.67948E+01  4.93999E-01  1.09174E-01
 -2.65467E+01  4.09004E-01  9.64634E-02
 -2.62986E+01  3.29929E-01  9.52226E-02
 -2.60505E+01  3.62477E-01  9.46178E-02
 -2.58024E+01  3.21583E-01  9.64496E-02
 -2.55543E+01  3.04484E-01  9.52493E-02
 -2.53062E+01  3.29947E-01  9.22440E-02
 -2.50581E+01  2.50802E-01  8.54350E-02
 -2.48100E+01  1.69259E-01  7.77155E-02
 -2.45619E+01  2.03807E-01  8.46591E-02
 -2.43138E+01  2.80664E-01  9.32737E-02
 -2.40657E+01  3.21756E-01  9.20021E-02
 -2.38176E+01  2.38227E-01  8.39081E-02
 -2.35695E+01  2.92216E-01  9.86984E-02
 -2.33214E+01  4.65461E-01  1.16269E-01
 -2.30733E+01  4.31434E-01  9.31266E-02
 -2.28252E+01  1.78950E-01  7.72512E-02
 -2.25771E+01  1.71845E-01  8.90785E-02
 -2.23290E+01  2.95661E-01  8.96210E-02
 -2.20809E+01  3.94347E-01  1.00718E-01
 -2.18328E+01  3.34993E-01  9.60635E-02
 -2.15847E+01  2.64684E-01  8.57466E-02
 -2.13366E+01  2.11658E-01  8.75827E-02
 -2.10885E+01  2.82102E-01  9.53798E-02
 -2.08404E+01  2.99919E-01  9.51650E-02
 -2.05923E+01  3.46512E-01  1.06707E-01
 -2.03442E+01  4.35053E-01  1.01743E-01
 -2.00961E+01  3.71728E-01  9.79135E-02
 -1.98480E+01  3.02638E-01  9.17327E-02
 -1.95999E+01  2.83162E-01  8.94159E-02
 -1.93518E+01  2.61946E-01  9.31141E-02
 -1.91037E+01  3.01445E-01  9.91290E-02
 -1.88556E+01  3.91876E-01  1.05651E-01
 -1.86075E+01  3.99002E-01  9.29973E-02
 -1.83594E+01  2.71032E-01  9.50201E-02
 -1.81113E+01  3.56957E-01  9.70760E-02
 -1.78632E+01  2.82407E-01  9.22461E-02
 -1.76151E+01  2.73735E-01  8.94528E-02
 -1.73670E+01  2.48548E-01  8.92933E-02
 -1.71189E+01  2.41889E-01  9.22944E-02
 -1.68708E+01  3.01430E-01  9.44784E-02
 -1.66227E+01  4.16726E-01  1.16683E-01
 -1.63746E+01  5.01008E-01  1.03219E-01
 -1.61265E+01  3.30456E-01  9.79262E-02
 -1.58784E+01  3.39087E-01  9.41500E-02
 -1.56303E+01  3.06187E-01  8.77400E-02
 -1.53822E+01  2.67748E-01  9.85127E-02
 -1.51341E+01  3.40151E-01  9.70283E-02
 -1.48860E+01  2.97820E-01  9.23143E-02
 -1.46379E+01  2.90153E-01  9.71407E-02
 -1.43898E+01  3.17305E-01  8.66178E-02
 -1.41417E+01  1.72460E-01  7.94376E-02
 -1.38936E+01  1.97906E-01  9.38665E-02
 -1.36455E+01  3.94339E-01  1.07332E-01
 -1.33974E+01  3.77888E-01  9.25616E-02
 -1.31493E+01  2.27438E-01  8.67058E-02
 -1.29012E+01  3.01764E-01  9.80483E-02
 -1.26531E+01  3.05400E-01  9.01552E-02
 -1.24050E+01  2.13542E-01  8.69433E-02
 -1.21569E+01  2.57684E-01  9.29469E-02
 -1.19088E+01  3.22492E-01  1.00136E-01
 -1.16607E+01  2.96143E-01  8.98991E-02
 -1.14126E+01  1.78174E-01  8.62879E-02
 -1.11645E+01  2.02449E-01  8.04472E-02
 -1.09164E+01  1.91134E-01  8.14625E-02
 -1.06683E+01  2.19084E-01  9.68276E-02
 -1.04202E+01  4.03679E-01  1.09302E-01
 -1.01721E+01  4.04684E-01  9.95307E-02
 -9.92400E+00  2.78997E-01  8.92415E-02
 -9.67590E+00  1.84927E-01  8.21996E-02
 -9.42780E+00  1.65797E-01  8.55118E-02
 -9.17970E+00  2.39582E-01  9.95776E-02
 -8.93160E+00  3.28856E-01  9.77079E-02
 -8.68350E+00  3.88648E-01  1.02685E-01
 -8.43540E+00  2.53061E-01  8.49521E-02
 -8.18730E+00  1.73229E-01  8.69170E-02
 -7.93920E+00  2.40395E-01  8.97575E-02
 -7.69110E+00  2.37164E-01  9.55024E-02
 -7.44300E+00  3.03136E-01  1.04313E-01
 -7.19490E+00  3.72267E-01  1.01181E-01
 -6.94680E+00  2.97598E-01  9.10306E-02
 -6.69870E+00  2.74309E-01  9.54525E-02
 -6.45060E+00  2.33856E-01  8.84798E-02
 -6.20250E+00  1.80609E-01  9.39227E-02
 -5.95440E+00  3.21222E-01  1.03806E-01
 -5.70630E+00  4.25005E-01  1.09496E-01
 -5.45820E+00  3.99811E-01  9.88434E-02
 -5.21010E+00  2.25890E-01  1.04693E-01
 -4.96200E+00  4.24248E-01  1.09359E-01
 -4.71390E+00  4.69515E-01  1.05230E-01
 -4.46580E+00  3.13366E-01  1.04047E-01
 -4.21770E+00  3.63636E-01  1.04499E-01
 -3.96960E+00  3.80846E-01  1.10809E-01
 -3.72150E+00  6.25964E-01  1.28511E-01
 -3.47340E+00  5.47896E-01  1.19141E-01
 -3.22530E+00  3.31869E-01  1.03871E-01
 -2.97720E+00  3.94995E-01  1.22433E-01
 -2.72910E+00  4.41293E-01  1.45232E-01
 -2.48100E+00  4.31335E-01  1.51594E-01
 -2.23290E+00  4.21498E-01  1.64013E-01
 -1.98480E+00  4.08096E-01  1.91791E-01
 -1.73670E+00  3.93355E-01  2.53092E-01
 -1.48860E+00  3.72553E-01  3.34049E-01
 -1.24050E+00  3.42932E-01  5.06098E-01
 -9.92400E-01  3.26176E-01  8.13219E-01
 -7.44300E-01  3.67285E-01  1.20175E+00
 -4.96200E-01  4.67867E-01  1.56651E+00
 -2.48100E-01  5.28977E-01  1.78195E+00
  0.00000E+00  4.55964E-01  1.75059E+00
  2.48100E-01  3.17061E-01  1.50201E+00
  4.96200E-01  2.86074E-01  1.17504E+00
  7.44300E-01  4.14091E-01  8.52638E-01
  9.92400E-01  5.62690E-01  5.94397E-01
  1.24050E+00  5.80851E-01  4.25720E-01
  1.48860E+00  4.66742E-01  3.16459E-01
  1.73670E+00  3.25308E-01  2.48398E-01
  1.98480E+00  2.37944E-01  1.85099E-01
  2.23290E+00  2.15575E-01  1.53017E-01
  2.48100E+00  2.33303E-01  1.31363E-01
  2.72910E+00  2.66267E-01  1.07524E-01
  2.97720E+00  2.92021E-01  1.12834E-01
  3.22530E+00  4.91324E-01  1.19309E-01
  3.47340E+00  4.65187E-01  1.02206E-01
  3.72150E+00  2.32415E-01  9.28279E-02
  3.96960E+00  3.68783E-01  1.20046E-01
  4.21770E+00  6.14686E-01  1.17890E-01
  4.46580E+00  4.79122E-01  1.02998E-01
  4.71390E+00  3.45955E-01  9.56333E-02
  4.96200E+00  3.12272E-01  1.01605E-01
  5.21010E+00  4.54813E-01  1.11923E-01
  5.45820E+00  4.63231E-01  1.07006E-01
  5.70630E+00  3.78989E-01  1.01951E-01
  5.95440E+00  4.00215E-01  1.02090E-01
  6.20250E+00  2.68109E-01  9.28286E-02
  6.45060E+00  3.38208E-01  9.75994E-02
  6.69870E+00  4.26600E-01  1.06175E-01
  6.94680E+00  4.70157E-01  1.18980E-01
  7.19490E+00  5.21713E-01  1.04690E-01
  7.44300E+00  4.61438E-01  1.10230E-01
  7.69110E+00  4.60257E-01  1.15240E-01
  7.93920E+00  5.85229E-01  1.20747E-01
  8.18730E+00  5.77712E-01  1.13581E-01
  8.43540E+00  4.62673E-01  1.07250E-01
  8.68350E+00  4.34497E-01  1.00871E-01
  8.93160E+00  3.50927E-01  1.06314E-01
  9.17970E+00  4.49435E-01  1.13910E-01
  9.42780E+00  5.24619E-01  1.04141E-01
  9.67590E+00  4.85210E-01  1.00146E-01
  9.92400E+00  3.01510E-01  9.01623E-02
  1.01721E+01  3.11370E-01  9.65847E-02
  1.04202E+01  4.13275E-01  1.13558E-01
  1.06683E+01  5.47093E-01  1.17825E-01
  1.09164E+01  5.28438E-01  1.10867E-01
  1.11645E+01  4.09442E-01  1.02021E-01
  1.14126E+01  4.35489E-01  1.07661E-01
  1.16607E+01  5.35378E-01  1.11423E-01
  1.19088E+01  3.94236E-01  1.04060E-01
  1.21569E+01  4.56739E-01  1.08529E-01
  1.24050E+01  4.69225E-01  1.10520E-01
  1.26531E+01  4.53104E-01  1.06423E-01
  1.29012E+01  4.54316E-01  1.06810E-01
  1.31493E+01  4.42786E-01  1.04771E-01
  1.33974E+01  5.01488E-01  1.12477E-01
  1.36455E+01  4.02927E-01  9.47758E-02
  1.38936E+01  3.74712E-01  1.09582E-01
  1.41417E+01  5.21863E-01  1.12515E-01
  1.43898E+01  5.51625E-01  1.19760E-01
  1.46379E+01  6.02138E-01  1.27467E-01
  1.48860E+01  6.67216E-01  1.18514E-01
  1.51341E+01  6.24206E-01  1.21819E-01
  1.53822E+01  6.11879E-01  1.14224E-01
  1.56303E+01  5.45750E-01  1.15639E-01
  1.58784E+01  5.50604E-01  1.19958E-01
  1.61265E+01  5.23571E-01  1.03618E-01
  1.63746E+01  4.11726E-01  9.95322E-02
  1.66227E+01  5.47423E-01  1.27090E-01
  1.68708E+01  6.60759E-01  1.26064E-01
  1.71189E+01  6.92796E-01  1.27232E-01
  1.73670E+01  7.91099E-01  1.26613E-01
  1.76151E+01  6.14628E-01  1.21878E-01
  1.78632E+01  6.26915E-01  1.23562E-01
  1.81113E+01  5.61159E-01  1.12280E-01
  1.83594E+01  5.18384E-01  1.12101E-01
  1.86075E+01  5.41027E-01  1.20912E-01
  1.88556E+01  6.57969E-01  1.22594E-01
  1.91037E+01  5.83026E-01  1.12087E-01
  1.93518E+01  5.23068E-01  1.07436E-01
  1.95999E+01  4.51668E-01  1.13047E-01
  1.98480E+01  6.25268E-01  1.22706E-01
  2.00961E+01  6.55701E-01  1.22476E-01
  2.03442E+01  6.21355E-01  1.19323E-01
  2.05923E+01  6.08544E-01  1.26762E-01
  2.08404E+01  7.78207E-01  1.32399E-01
  2.10885E+01  6.52817E-01  1.24927E-01
  2.13366E+01  7.13466E-01  1.35757E-01
  2.15847E+01  8.29039E-01  1.39858E-01
  2.18328E+01  8.68608E-01  1.32351E-01
  2.20809E+01  7.46394E-01  1.30358E-01
  2.23290E+01  7.59647E-01  1.34036E-01
  2.25771E+01  7.02431E-01  1.21478E-01
  2.28252E+01  6.99871E-01  1.33716E-01
  2.30733E+01  7.46765E-01  1.28716E-01
  2.33214E+01  8.28432E-01  1.39461E-01
  2.35695E+01  9.04488E-01  1.45905E-01
  2.38176E+01  9.58788E-01  1.36885E-01
  2.40657E+01  7.35838E-01  1.30186E-01
  2.43138E+01  8.34085E-01  1.39636E-01
  2.45619E+01  8.05052E-01  1.38664E-01
  2.48100E+01  8.01955E-01  1.37551E-01
  2.50581E+01  8.81580E-01  1.41331E-01
  2.53062E+01  8.30072E-01  1.29546E-01
  2.55543E+01  7.18706E-01  1.39429E-01
  2.58024E+01  1.04142E+00  1.54630E-01
  2.60505E+01  1.21532E+00  1.59282E-01
  2.62986E+01  1.22780E+00  1.64011E-01
  2.65467E+01  1.03113E+00  1.49890E-01
  2.67948E+01  1.06966E+00  1.48085E-01
  2.70429E+01  9.83509E-01  1.47050E-01
  2.72910E+01  8.98305E-01  1.41485E-01
  2.75391E+01  8.04837E-01  1.32200E-01
  2.77872E+01  9.39955E-01  1.54055E-01
  2.80353E+01  1.13081E+00  1.63800E-01
  2.82834E+01  1.38395E+00  1.69598E-01
  2.85315E+01  1.23897E+00  1.64991E-01
  2.87796E+01  1.24891E+00  1.67374E-01
  2.90277E+01  1.25819E+00  1.65181E-01
  2.92758E+01  1.39902E+00  1.75809E-01
  2.95239E+01  1.37732E+00  1.70708E-01
  2.97720E+01  1.39964E+00  1.71888E-01
  3.00201E+01  1.38878E+00  1.75720E-01
  3.02682E+01  1.47842E+00  1.82446E-01
  3.05163E+01  1.72945E+00  1.96097E-01
  3.07644E+01  1.83703E+00  1.89206E-01
  3.10125E+01  1.58929E+00  1.86496E-01
  3.12606E+01  1.55862E+00  1.81991E-01
  3.15087E+01  1.78427E+00  1.97599E-01
  3.17568E+01  1.93171E+00  1.93258E-01
  3.20049E+01  1.70334E+00  1.97907E-01
  3.22530E+01  2.06129E+00  2.10771E-01
  3.25011E+01  2.10438E+00  2.05753E-01
  3.27492E+01  1.95312E+00  2.03669E-01
  3.29973E+01  2.15694E+00  2.18987E-01
  3.32454E+01  2.37330E+00  2.18709E-01
  3.34935E+01  2.19897E+00  2.11754E-01
  3.37416E+01  2.24677E+00  2.16614E-01
  3.39897E+01  2.36562E+00  2.20760E-01
  3.42378E+01  2.39434E+00  2.23123E-01
  3.44859E+01  2.25153E+00  2.15798E-01
  3.47340E+01  2.22274E+00  2.16349E-01
  3.49821E+01  2.28516E+00  2.19906E-01
  3.52302E+01  2.25040E+00  2.21898E-01
  3.54783E+01  2.34352E+00  2.13255E-01
  3.57264E+01  2.01178E+00  1.96854E-01
  3.59745E+01  1.96012E+00  2.09160E-01
  3.62226E+01  2.21433E+00  2.19092E-01
  3.64707E+01  2.17033E+00  2.08036E-01
  3.67188E+01  2.19252E+00  2.05654E-01
  3.69669E+01  1.89972E+00  1.96291E-01
  3.72150E+01  1.81351E+00  1.98353E-01
  3.74631E+01  1.86005E+00  2.01225E-01
  3.77112E+01  1.95166E+00  1.95354E-01
  3.79593E+01  1.77251E+00  1.94844E-01
  3.82074E+01  1.88647E+00  2.03591E-01
  3.84555E+01  1.87160E+00  1.93655E-01
  3.87036E+01  1.73692E+00  1.86025E-01
  3.89517E+01  1.57095E+00  1.81971E-01
  3.91998E+01  1.51142E+00  1.87699E-01
  3.94479E+01  1.79320E+00  1.88074E-01
  3.96960E+01  1.66691E+00  1.80443E-01
  3.99441E+01  1.44508E+00  1.80428E-01
  4.01922E+01  1.53566E+00  1.78306E-01
  4.04403E+01  1.31643E+00  1.58287E-01
  4.06884E+01  1.05583E+00  1.57274E-01
  4.09365E+01  1.16911E+00  1.56590E-01
  4.11846E+01  1.24438E+00  1.65646E-01
  4.14327E+01  1.25350E+00  1.66576E-01
  4.16808E+01  1.26137E+00  1.60210E-01
  4.19289E+01  1.07969E+00  1.53624E-01
  4.21770E+01  1.13737E+00  1.61379E-01
  4.24251E+01  1.10976E+00  1.44569E-01
  4.26732E+01  7.73839E-01  1.33408E-01
  4.29213E+01  9.23248E-01  1.54779E-01
  4.31694E+01  1.13417E+00  1.56127E-01
  4.34175E+01  1.21667E+00  1.57345E-01
  4.36656E+01  9.87605E-01  1.48239E-01
  4.39137E+01  8.58927E-01  1.36039E-01
  4.41618E+01  9.65408E-01  1.55018E-01
  4.44099E+01  1.16678E+00  1.60514E-01
  4.46580E+01  1.18807E+00  1.62308E-01
  4.49061E+01  1.23396E+00  1.55235E-01
  4.51542E+01  1.04824E+00  1.53798E-01
  4.54023E+01  1.15658E+00  1.66113E-01
  4.56504E+01  1.17840E+00  1.52433E-01
  4.58985E+01  1.15775E+00  1.57965E-01
  4.61466E+01  1.11603E+00  1.52074E-01
  4.63947E+01  1.00908E+00  1.54679E-01
  4.66428E+01  1.13256E+00  1.57879E-01
  4.68909E+01  1.10547E+00  1.53496E-01
  4.71390E+01  1.11063E+00  1.60065E-01
  4.73871E+01  1.21029E+00  1.53107E-01
  4.76352E+01  1.04085E+00  1.58128E-01
  4.78833E+01  1.17470E+00  1.55211E-01
  4.81314E+01  9.62965E-01  1.43020E-01
  4.83795E+01  1.03224E+00  1.45901E-01
  4.86276E+01  1.01504E+00  1.45713E-01
  4.88757E+01  8.98341E-01  1.43452E-01
  4.91238E+01  8.28372E-01  1.42177E-01
  4.93719E+01  8.70155E-01  1.40148E-01
  4.96200E+01  9.22145E-01  1.41161E-01
  4.98681E+01  1.02376E+00  1.52024E-01
  5.01162E+01  8.74983E-01  1.37147E-01
  5.03643E+01  9.21496E-01  1.39377E-01
  5.06124E+01  8.96775E-01  1.43236E-01
  5.08605E+01  8.91936E-01  1.42162E-01
  5.11086E+01  9.73715E-01  1.41627E-01
  5.13567E+01  9.03627E-01  1.47281E-01
  5.16048E+01  8.89197E-01  1.48603E-01
  5.18529E+01  1.05943E+00  1.52625E-01
  5.21010E+01  1.05323E+00  1.44394E-01
  5.23491E+01  8.39750E-01  1.36529E-01
  5.25972E+01  7.82820E-01  1.41012E-01
  5.28453E+01  9.71189E-01  1.37603E-01
  5.30934E+01  8.12911E-01  1.43429E-01
  5.33415E+01  8.77090E-01  1.40538E-01
  5.35896E+01  7.55047E-01  1.19334E-01
  5.38377E+01  6.93637E-01  1.28234E-01
  5.40858E+01  7.54222E-01  1.29656E-01
  5.43339E+01  6.38803E-01  1.17840E-01
  5.45820E+01  5.18290E-01  1.08139E-01
  5.48301E+01  3.91769E-01  1.04164E-01
  5.50782E+01  4.14942E-01  9.74717E-02
  5.53263E+01  4.47898E-01  1.13630E-01
  5.55744E+01  6.56893E-01  1.25753E-01
  5.58225E+01  6.77993E-01  1.24490E-01
  5.60706E+01  4.85669E-01  1.03650E-01
  5.63187E+01  4.80606E-01  1.09817E-01
  5.65668E+01  5.34488E-01  1.15822E-01
  5.68149E+01  5.02040E-01  1.07094E-01
  5.70630E+01  6.31868E-01  1.18568E-01
  5.73111E+01  6.21763E-01  1.24347E-01
  5.75592E+01  5.55208E-01  1.16062E-01
  5.78073E+01  6.40374E-01  1.25151E-01
  5.80554E+01  5.70870E-01  1.19111E-01
  5.83035E+01  6.62233E-01  1.30903E-01
  5.85516E+01  9.09184E-01  1.36798E-01
  5.87997E+01  7.89391E-01  1.25600E-01
  5.90478E+01  5.72988E-01  1.16684E-01
  5.92959E+01  6.58291E-01  1.33240E-01
  5.95440E+01  7.73149E-01  1.35900E-01
  5.97921E+01  7.41639E-01  1.25803E-01
  6.00402E+01  7.16723E-01  1.26826E-01
  6.02883E+01  7.31352E-01  1.27707E-01
  6.05364E+01  7.92985E-01  1.33767E-01
  6.07845E+01  9.39262E-01  1.45495E-01
  6.10326E+01  8.43885E-01  1.38722E-01
  6.12807E+01  1.02907E+00  1.58379E-01
  6.15288E+01  1.08333E+00  1.48738E-01
  6.17769E+01  1.05855E+00  1.51998E-01
  6.20250E+01  1.14066E+00  1.55275E-01
  6.22731E+01  1.12146E+00  1.62281E-01
  6.25212E+01  1.26972E+00  1.67053E-01
  6.27693E+01  1.19034E+00  1.55504E-01
  6.30174E+01  1.07952E+00  1.47600E-01
  6.32655E+01  1.06291E+00  1.60983E-01
  6.35136E+01  1.06515E+00  1.53770E-01
  6.37617E+01  1.19187E+00  1.57699E-01
  6.40098E+01  1.07786E+00  1.54215E-01
  6.42579E+01  9.76989E-01  1.42737E-01
  6.45060E+01  8.88247E-01  1.32826E-01
  6.47541E+01  8.41313E-01  1.36223E-01
  6.50022E+01  7.62963E-01  1.33581E-01
  6.52503E+01  7.92604E-01  1.39112E-01
  6.54984E+01  8.56296E-01  1.27797E-01
  6.57465E+01  5.61579E-01  1.13659E-01
  6.59946E+01  4.97038E-01  1.09930E-01
  6.62427E+01  4.61790E-01  1.04296E-01
  6.64908E+01  5.57767E-01  1.22158E-01
  6.67389E+01  6.06946E-01  1.17265E-01
  6.69870E+01  4.73576E-01  1.05164E-01
  6.72351E+01  4.16389E-01  1.01056E-01
  6.74832E+01  3.22706E-01  8.50911E-02
  6.77313E+01  2.24677E-01  7.82528E-02
  6.79794E+01  1.21485E-01  6.96060E-02
  6.82275E+01  1.64346E-01  7.84888E-02
  6.84756E+01  1.84717E-01  8.22732E-02
  6.87237E+01  1.82580E-01  6.66304E-02
  6.89718E+01  1.54519E-01  7.90670E-02
  6.92199E+01  2.42863E-01  8.43758E-02
  6.94680E+01  2.37251E-01  7.33399E-02
  6.97161E+01  9.30874E-02  6.62443E-02
  6.99642E+01  5.01244E-02  5.87384E-02
  7.02123E+01  5.84982E-02  5.37131E-02
  7.04604E+01  2.97953E-03  5.04800E-02
  7.07085E+01  6.20262E-02  6.68884E-02
  7.09566E+01  1.51307E-01  7.13752E-02
  7.12047E+01  1.31909E-01  6.30450E-02
  7.14528E+01  5.98857E-02  5.92065E-02
  7.17009E+01  3.19866E-02  5.34484E-02
  7.19490E+01  9.37988E-02  6.42387E-02
  7.21971E+01  6.57334E-02  5.94048E-02
  7.24452E+01  2.05418E-02  5.87178E-02
  7.26933E+01  1.70076E-02  4.98122E-02
  7.29414E+01  1.15396E-03  5.31776E-02
  7.31895E+01  4.91883E-02  5.82693E-02
  7.34376E+01  5.20275E-02  5.79472E-02
  7.36857E+01  8.01097E-02  6.59865E-02
  7.39338E+01  1.03956E-01  5.89843E-02
  7.41819E+01  5.68219E-03  5.06838E-02
  7.44300E+01  6.09115E-02  6.64703E-02
  7.46781E+01  1.70781E-01  7.50819E-02
  7.49262E+01  1.49548E-01  6.93238E-02
  7.51743E+01  7.72162E-02  5.82407E-02
  7.54224E+01 -2.21040E-02  4.79336E-02
  7.56705E+01  5.52861E-02  6.34685E-02
  7.59186E+01  7.33927E-02  5.45285E-02
  7.61667E+01 -1.72717E-02  3.94009E-02
  7.64148E+01 -4.20338E-02  5.14733E-02
  7.66629E+01  9.46009E-02  6.52238E-02
  7.69110E+01  7.54037E-02  5.50841E-02
  7.71591E+01  7.61500E-02  6.63917E-02
  7.74072E+01  8.20119E-02  6.30849E-02
  7.76553E+01  8.01219E-02  6.40336E-02
  7.79034E+01  1.19718E-01  6.80115E-02
  7.81515E+01  5.50757E-02  5.20832E-02
  7.83996E+01 -1.61530E-02  4.43852E-02
  7.86477E+01  1.66799E-02  6.07723E-02
  7.88958E+01  6.22889E-02  5.07112E-02
  7.91439E+01 -1.06476E-02  4.47053E-02
  7.93920E+01  9.91626E-03  5.33743E-02
  7.96401E+01  1.34496E-02  5.66534E-02
  7.98882E+01  5.91641E-02  5.53584E-02
  8.01363E+01  2.92103E-02  6.03529E-02
  8.03844E+01  5.55202E-02  4.90752E-02
  8.06325E+01 -4.73740E-02  3.41102E-02
  8.08806E+01 -1.53337E-02  5.30049E-02
  8.11287E+01  2.80269E-02  4.85961E-02
  8.13768E+01 -3.72073E-02  3.84999E-02
  8.16249E+01 -5.71967E-02  3.98815E-02
  8.18730E+01  5.20374E-02  6.22339E-02
  8.21211E+01  5.66357E-02  5.17874E-02
  8.23692E+01 -1.46159E-02  4.42442E-02
  8.26173E+01 -3.22497E-02  4.73901E-02
  8.28654E+01  6.61883E-02  6.41752E-02
  8.31135E+01  7.99140E-02  6.73975E-02
  8.33616E+01  4.41055E-02  5.10452E-02
  8.36097E+01  5.31704E-03  4.31618E-02
  8.38578E+01 -5.86289E-02  3.60532E-02
  8.41059E+01  4.13733E-03  6.04643E-02
  8.43540E+01  1.87412E-02  6.42606E-02
  8.46021E+01  1.88992E-02  5.87013E-02
  8.48502E+01  3.52583E-02  6.41516E-02
  8.50983E+01  3.86111E-02  6.91862E-02
  8.53464E+01  8.77589E-02  7.18904E-02
  8.55945E+01  7.31262E-02  6.53986E-02
  8.58426E+01  1.67745E-02  5.68163E-02
  8.60907E+01  4.29126E-02  6.81761E-02
  8.63388E+01  8.98350E-02  6.98723E-02
  8.65869E+01  3.78943E-02  6.12677E-02
  8.68350E+01  1.53772E-02  5.71987E-02
  8.70831E+01 -3.15595E-02  4.34659E-02
  8.73312E+01 -5.60334E-02  4.32734E-02
  8.75793E+01 -4.83083E-02  5.58349E-02
  8.78274E+01  7.49632E-02  8.54133E-02
  8.80755E+01  2.33721E-01  8.71477E-02
  8.83236E+01  1.30780E-01  6.60930E-02
  8.85717E+01 -2.36297E-02  4.16329E-02
  8.88198E+01 -3.94848E-02  6.59964E-02
  8.90679E+01  2.48700E-02  7.44647E-02
  8.93160E+01 -8.02567E-02  3.84023E-02
  8.95641E+01 -1.32172E-01  0.00000E+00
  8.98122E+01 -1.24572E-01  0.00000E+00
  9.00603E+01 -1.24587E-01  0.00000E+00
