@page size 600,600
@view 0.12,0.1,0.97,0.93
@subtitle "PHOENIX module phox, 01/25/18 at 14:57:23 -08:00"
@xaxes scale Normal
@yaxes scale Normal
@xaxis label "energy (meV)"
@yaxis label "one-phonon contribution (1/eV)"
@type xy
 -8.02718E+01 -2.69656E-02
 -8.00225E+01 -2.02123E-02
 -7.97732E+01  4.48690E-03
 -7.95239E+01  1.00598E-02
 -7.92746E+01  2.36481E-03
 -7.90253E+01 -2.40429E-03
 -7.87761E+01 -6.99219E-03
 -7.85268E+01 -9.57415E-03
 -7.82775E+01 -9.47274E-03
 -7.80282E+01 -8.98638E-03
 -7.77789E+01  2.42918E-03
 -7.75296E+01  4.72738E-03
 -7.72803E+01 -1.02950E-02
 -7.70310E+01 -1.18361E-02
 -7.67817E+01 -3.95443E-03
 -7.65324E+01 -1.56910E-04
 -7.62831E+01 -1.00338E-04
 -7.60338E+01 -4.02249E-03
 -7.57846E+01 -1.48246E-02
 -7.55353E+01 -2.30075E-02
 -7.52860E+01 -1.84662E-02
 -7.50367E+01 -9.93736E-03
 -7.47874E+01 -1.52316E-02
 -7.45381E+01 -1.19247E-02
 -7.42888E+01 -5.36016E-03
 -7.40395E+01 -1.29283E-02
 -7.37902E+01 -1.52784E-02
 -7.35409E+01 -1.36873E-02
 -7.32916E+01 -9.64147E-03
 -7.30424E+01 -3.45744E-03
 -7.27931E+01  6.77116E-03
 -7.25438E+01  1.48796E-02
 -7.22945E+01  8.38826E-03
 -7.20452E+01  2.51691E-03
 -7.17959E+01  1.38454E-03
 -7.15466E+01  6.65818E-03
 -7.12973E+01  2.12224E-02
 -7.10480E+01  2.44794E-02
 -7.07987E+01  1.23900E-02
 -7.05494E+01 -2.66611E-03
 -7.03001E+01  3.73544E-03
 -7.00509E+01  2.52648E-02
 -6.98016E+01  2.99564E-02
 -6.95523E+01  1.09095E-02
 -6.93030E+01 -1.40106E-02
 -6.90537E+01 -1.66480E-02
 -6.88044E+01 -6.89000E-04
 -6.85551E+01  1.13608E-02
 -6.83058E+01  9.94274E-04
 -6.80565E+01 -1.56268E-02
 -6.78072E+01 -1.20098E-02
 -6.75579E+01 -3.97636E-03
 -6.73087E+01 -1.37991E-02
 -6.70594E+01 -2.46745E-02
 -6.68101E+01 -1.80979E-02
 -6.65608E+01 -1.04177E-02
 -6.63115E+01 -3.60457E-03
 -6.60622E+01  6.08290E-03
 -6.58129E+01  1.08522E-02
 -6.55636E+01  5.59925E-03
 -6.53143E+01  8.93005E-04
 -6.50650E+01 -5.85302E-03
 -6.48157E+01 -6.59971E-03
 -6.45664E+01 -2.21603E-03
 -6.43172E+01 -3.51413E-03
 -6.40679E+01 -7.81930E-03
 -6.38186E+01 -1.46554E-02
 -6.35693E+01 -1.63383E-02
 -6.33200E+01 -9.89234E-03
 -6.30707E+01 -2.71688E-03
 -6.28214E+01 -7.82008E-03
 -6.25721E+01 -1.73124E-02
 -6.23228E+01  1.20967E-03
 -6.20735E+01  2.54754E-02
 -6.18242E+01  1.38625E-02
 -6.15750E+01 -3.56724E-03
 -6.13257E+01 -1.17349E-02
 -6.10764E+01 -1.33912E-02
 -6.08271E+01 -6.14752E-03
 -6.05778E+01 -6.36065E-03
 -6.03285E+01 -3.25082E-04
 -6.00792E+01  8.00768E-03
 -5.98299E+01  9.38663E-03
 -5.95806E+01  1.72956E-02
 -5.93313E+01  2.01007E-02
 -5.90820E+01  8.23460E-03
 -5.88327E+01  7.95940E-03
 -5.85835E+01  3.31472E-02
 -5.83342E+01  4.45966E-02
 -5.80849E+01  2.21541E-02
 -5.78356E+01  8.66936E-03
 -5.75863E+01  1.86818E-02
 -5.73370E+01  1.24661E-02
 -5.70877E+01  6.51372E-04
 -5.68384E+01 -7.33760E-04
 -5.65891E+01  6.62599E-03
 -5.63398E+01  2.42288E-03
 -5.60905E+01 -6.34155E-03
 -5.58413E+01 -1.65733E-02
 -5.55920E+01 -1.33371E-02
 -5.53427E+01 -5.42231E-03
 -5.50934E+01 -7.74605E-03
 -5.48441E+01 -1.07014E-02
 -5.45948E+01 -1.81142E-03
 -5.43455E+01  1.41705E-02
 -5.40962E+01  1.39054E-02
 -5.38469E+01 -6.69416E-04
 -5.35976E+01  4.68445E-03
 -5.33483E+01  1.79082E-02
 -5.30990E+01  2.01965E-02
 -5.28498E+01  1.19087E-02
 -5.26005E+01  6.39091E-03
 -5.23512E+01  9.39043E-03
 -5.21019E+01 -2.56401E-03
 -5.18526E+01 -1.69190E-03
 -5.16033E+01  1.37616E-02
 -5.13540E+01  2.96433E-03
 -5.11047E+01 -1.38945E-03
 -5.08554E+01  4.69339E-03
 -5.06061E+01  1.96759E-03
 -5.03568E+01  7.64527E-03
 -5.01076E+01  1.58853E-02
 -4.98583E+01 -5.54814E-04
 -4.96090E+01 -2.61042E-02
 -4.93597E+01 -3.37475E-02
 -4.91104E+01 -1.36971E-02
 -4.88611E+01  1.30700E-02
 -4.86118E+01  2.21123E-02
 -4.83625E+01  1.74063E-02
 -4.81132E+01  8.84352E-03
 -4.78639E+01 -1.27501E-02
 -4.76146E+01 -2.97507E-02
 -4.73653E+01 -2.31877E-02
 -4.71161E+01 -2.83038E-03
 -4.68668E+01 -7.46785E-03
 -4.66175E+01 -1.71708E-02
 -4.63682E+01 -4.32160E-03
 -4.61189E+01  5.46198E-03
 -4.58696E+01  1.18165E-02
 -4.56203E+01  2.17559E-02
 -4.53710E+01  3.51643E-02
 -4.51217E+01  4.52175E-02
 -4.48724E+01  5.06472E-02
 -4.46231E+01  3.86449E-02
 -4.43739E+01  2.06446E-02
 -4.41246E+01  2.78236E-02
 -4.38753E+01  6.54902E-02
 -4.36260E+01  8.15092E-02
 -4.33767E+01  7.99144E-02
 -4.31274E+01  7.77163E-02
 -4.28781E+01  6.62262E-02
 -4.26288E+01  8.63320E-02
 -4.23795E+01  1.04624E-01
 -4.21302E+01  9.14469E-02
 -4.18809E+01  1.01198E-01
 -4.16316E+01  1.40415E-01
 -4.13824E+01  1.52507E-01
 -4.11331E+01  1.33092E-01
 -4.08838E+01  9.80822E-02
 -4.06345E+01  8.93425E-02
 -4.03852E+01  1.08549E-01
 -4.01359E+01  1.49439E-01
 -3.98866E+01  1.85977E-01
 -3.96373E+01  2.07054E-01
 -3.93880E+01  2.29970E-01
 -3.91387E+01  2.49745E-01
 -3.88894E+01  2.73015E-01
 -3.86402E+01  3.25844E-01
 -3.83909E+01  3.89180E-01
 -3.81416E+01  4.28721E-01
 -3.78923E+01  4.34429E-01
 -3.76430E+01  4.64345E-01
 -3.73937E+01  5.71561E-01
 -3.71444E+01  6.66685E-01
 -3.68951E+01  7.30938E-01
 -3.66458E+01  7.55166E-01
 -3.63965E+01  7.23231E-01
 -3.61472E+01  6.53524E-01
 -3.58979E+01  6.20051E-01
 -3.56487E+01  6.40800E-01
 -3.53994E+01  6.16459E-01
 -3.51501E+01  5.94575E-01
 -3.49008E+01  6.46449E-01
 -3.46515E+01  7.13365E-01
 -3.44022E+01  7.31335E-01
 -3.41529E+01  7.50119E-01
 -3.39036E+01  7.66608E-01
 -3.36543E+01  6.97321E-01
 -3.34050E+01  6.17137E-01
 -3.31557E+01  5.76585E-01
 -3.29065E+01  6.12517E-01
 -3.26572E+01  6.97104E-01
 -3.24079E+01  7.02540E-01
 -3.21586E+01  6.54623E-01
 -3.19093E+01  6.16876E-01
 -3.16600E+01  6.48447E-01
 -3.14107E+01  7.65878E-01
 -3.11614E+01  8.89110E-01
 -3.09121E+01  8.96979E-01
 -3.06628E+01  9.04802E-01
 -3.04135E+01  9.92196E-01
 -3.01642E+01  1.09748E+00
 -2.99150E+01  1.13128E+00
 -2.96657E+01  1.10584E+00
 -2.94164E+01  1.12208E+00
 -2.91671E+01  1.18861E+00
 -2.89178E+01  1.27890E+00
 -2.86685E+01  1.28468E+00
 -2.84192E+01  1.25742E+00
 -2.81699E+01  1.27721E+00
 -2.79206E+01  1.32461E+00
 -2.76713E+01  1.34230E+00
 -2.74220E+01  1.31084E+00
 -2.71728E+01  1.29543E+00
 -2.69235E+01  1.37080E+00
 -2.66742E+01  1.39688E+00
 -2.64249E+01  1.37293E+00
 -2.61756E+01  1.33109E+00
 -2.59263E+01  1.27331E+00
 -2.56770E+01  1.32070E+00
 -2.54277E+01  1.40650E+00
 -2.51784E+01  1.34758E+00
 -2.49291E+01  1.28867E+00
 -2.46798E+01  1.40885E+00
 -2.44305E+01  1.56816E+00
 -2.41813E+01  1.65573E+00
 -2.39320E+01  1.68673E+00
 -2.36827E+01  1.69690E+00
 -2.34334E+01  1.70491E+00
 -2.31841E+01  1.72466E+00
 -2.29348E+01  1.80262E+00
 -2.26855E+01  1.91507E+00
 -2.24362E+01  1.97902E+00
 -2.21869E+01  2.01600E+00
 -2.19376E+01  2.04997E+00
 -2.16883E+01  2.07026E+00
 -2.14391E+01  2.03606E+00
 -2.11898E+01  1.97585E+00
 -2.09405E+01  1.99573E+00
 -2.06912E+01  2.10061E+00
 -2.04419E+01  2.09184E+00
 -2.01926E+01  2.02746E+00
 -1.99433E+01  1.99784E+00
 -1.96940E+01  2.01017E+00
 -1.94447E+01  2.01369E+00
 -1.91954E+01  2.14454E+00
 -1.89461E+01  2.36053E+00
 -1.86968E+01  2.42854E+00
 -1.84476E+01  2.31173E+00
 -1.81983E+01  2.15424E+00
 -1.79490E+01  2.12832E+00
 -1.76997E+01  2.01928E+00
 -1.74504E+01  1.82600E+00
 -1.72011E+01  1.91133E+00
 -1.69518E+01  2.14188E+00
 -1.67025E+01  2.16782E+00
 -1.64532E+01  2.04205E+00
 -1.62039E+01  1.95704E+00
 -1.59546E+01  1.99136E+00
 -1.57054E+01  2.06685E+00
 -1.54561E+01  2.07219E+00
 -1.52068E+01  2.00279E+00
 -1.49575E+01  2.00325E+00
 -1.47082E+01  2.05545E+00
 -1.44589E+01  2.07827E+00
 -1.42096E+01  2.06671E+00
 -1.39603E+01  2.02825E+00
 -1.37110E+01  2.03321E+00
 -1.34617E+01  2.02125E+00
 -1.32124E+01  2.11835E+00
 -1.29631E+01  2.18754E+00
 -1.27139E+01  2.13355E+00
 -1.24646E+01  2.17443E+00
 -1.22153E+01  2.22151E+00
 -1.19660E+01  2.22719E+00
 -1.17167E+01  2.24970E+00
 -1.14674E+01  2.26452E+00
 -1.12181E+01  2.21543E+00
 -1.09688E+01  2.16446E+00
 -1.07195E+01  2.14129E+00
 -1.04702E+01  2.13746E+00
 -1.02209E+01  2.12545E+00
 -9.97165E+00  2.06666E+00
 -9.72236E+00  1.99400E+00
 -9.47307E+00  1.95328E+00
 -9.22378E+00  1.93051E+00
 -8.97449E+00  1.92706E+00
 -8.72520E+00  1.96610E+00
 -8.47590E+00  2.02639E+00
 -8.22661E+00  2.07768E+00
 -7.97732E+00  2.19851E+00
 -7.72803E+00  2.20401E+00
 -7.47874E+00  2.11879E+00
 -7.22945E+00  2.08035E+00
 -6.98016E+00  2.11742E+00
 -6.73087E+00  2.14531E+00
 -6.48157E+00  2.14036E+00
 -6.23228E+00  2.20415E+00
 -5.98299E+00  2.35211E+00
 -5.73370E+00  2.53043E+00
 -5.48441E+00  2.60595E+00
 -5.23512E+00  2.54014E+00
 -4.98583E+00  2.37815E+00
 -4.73653E+00  2.15202E+00
 -4.48724E+00  1.98942E+00
 -4.23795E+00  1.86748E+00
 -3.98866E+00  1.82698E+00
 -3.73937E+00  1.95711E+00
 -3.49008E+00  2.18936E+00
 -3.24079E+00  2.29579E+00
 -2.99150E+00  2.25639E+00
 -2.74220E+00  2.21142E+00
 -2.49291E+00  2.17737E+00
 -2.24362E+00  2.17188E+00
 -1.99433E+00  2.27792E+00
 -1.74504E+00  2.52500E+00
 -1.49575E+00  2.81364E+00
 -1.24646E+00  2.94592E+00
 -9.97165E-01  2.75161E+00
 -7.47874E-01  2.35316E+00
 -4.98583E-01  2.09832E+00
 -2.49291E-01  2.14577E+00
  0.00000E+00  2.33466E+00
  2.49291E-01  2.41547E+00
  4.98583E-01  2.30430E+00
  7.47874E-01  2.17815E+00
  9.97165E-01  2.24223E+00
  1.24646E+00  2.52421E+00
  1.49575E+00  2.88592E+00
  1.74504E+00  3.14402E+00
  1.99433E+00  3.20131E+00
  2.24362E+00  3.05857E+00
  2.49291E+00  2.82069E+00
  2.74220E+00  2.61137E+00
  2.99150E+00  2.50650E+00
  3.24079E+00  2.48151E+00
  3.49008E+00  2.54490E+00
  3.73937E+00  2.70082E+00
  3.98866E+00  2.77558E+00
  4.23795E+00  2.85614E+00
  4.48724E+00  2.93352E+00
  4.73653E+00  2.91699E+00
  4.98583E+00  2.92504E+00
  5.23512E+00  2.82023E+00
  5.48441E+00  2.52923E+00
  5.73370E+00  2.42691E+00
  5.98299E+00  2.54834E+00
  6.23228E+00  2.55021E+00
  6.48157E+00  2.52157E+00
  6.73087E+00  2.56585E+00
  6.98016E+00  2.59387E+00
  7.22945E+00  2.68828E+00
  7.47874E+00  2.83968E+00
  7.72803E+00  2.95854E+00
  7.97732E+00  3.02373E+00
  8.22661E+00  2.97882E+00
  8.47590E+00  2.81131E+00
  8.72520E+00  2.78477E+00
  8.97449E+00  2.89772E+00
  9.22378E+00  2.99619E+00
  9.47307E+00  2.99838E+00
  9.72236E+00  3.00502E+00
  9.97165E+00  3.09798E+00
  1.02209E+01  3.11869E+00
  1.04702E+01  3.06604E+00
  1.07195E+01  3.04334E+00
  1.09688E+01  3.07828E+00
  1.12181E+01  3.00014E+00
  1.14674E+01  3.10192E+00
  1.17167E+01  3.27682E+00
  1.19660E+01  3.24337E+00
  1.22153E+01  3.21541E+00
  1.24646E+01  3.28951E+00
  1.27139E+01  3.43584E+00
  1.29631E+01  3.51932E+00
  1.32124E+01  3.43330E+00
  1.34617E+01  3.34666E+00
  1.37110E+01  3.37190E+00
  1.39603E+01  3.49409E+00
  1.42096E+01  3.63890E+00
  1.44589E+01  3.66282E+00
  1.47082E+01  3.66970E+00
  1.49575E+01  3.75743E+00
  1.52068E+01  3.74170E+00
  1.54561E+01  3.91101E+00
  1.57054E+01  4.17946E+00
  1.59546E+01  4.17525E+00
  1.62039E+01  3.97873E+00
  1.64532E+01  3.80965E+00
  1.67025E+01  3.77309E+00
  1.69518E+01  3.84029E+00
  1.72011E+01  4.01306E+00
  1.74504E+01  4.21130E+00
  1.76997E+01  4.22200E+00
  1.79490E+01  4.05404E+00
  1.81983E+01  4.14056E+00
  1.84476E+01  4.34049E+00
  1.86968E+01  4.37347E+00
  1.89461E+01  4.41261E+00
  1.91954E+01  4.56870E+00
  1.94447E+01  4.67445E+00
  1.96940E+01  4.67495E+00
  1.99433E+01  4.87575E+00
  2.01926E+01  4.98907E+00
  2.04419E+01  4.87686E+00
  2.06912E+01  4.68796E+00
  2.09405E+01  4.62196E+00
  2.11898E+01  4.66672E+00
  2.14391E+01  4.68535E+00
  2.16883E+01  4.66190E+00
  2.19376E+01  4.66098E+00
  2.21869E+01  4.64290E+00
  2.24362E+01  4.73016E+00
  2.26855E+01  4.85982E+00
  2.29348E+01  4.93455E+00
  2.31841E+01  4.84132E+00
  2.34334E+01  4.44310E+00
  2.36827E+01  4.04710E+00
  2.39320E+01  4.03057E+00
  2.41813E+01  4.11441E+00
  2.44305E+01  4.11379E+00
  2.46798E+01  4.08853E+00
  2.49291E+01  4.00729E+00
  2.51784E+01  3.92940E+00
  2.54277E+01  3.94674E+00
  2.56770E+01  3.89233E+00
  2.59263E+01  3.74290E+00
  2.61756E+01  3.73531E+00
  2.64249E+01  3.89658E+00
  2.66742E+01  3.91529E+00
  2.69235E+01  3.79767E+00
  2.71728E+01  3.75402E+00
  2.74220E+01  3.77189E+00
  2.76713E+01  3.76349E+00
  2.79206E+01  3.68462E+00
  2.81699E+01  3.57943E+00
  2.84192E+01  3.52283E+00
  2.86685E+01  3.45244E+00
  2.89178E+01  3.29207E+00
  2.91671E+01  3.18289E+00
  2.94164E+01  3.21659E+00
  2.96657E+01  3.20108E+00
  2.99150E+01  3.00571E+00
  3.01642E+01  2.86954E+00
  3.04135E+01  2.93410E+00
  3.06628E+01  3.06835E+00
  3.09121E+01  3.02512E+00
  3.11614E+01  2.83835E+00
  3.14107E+01  2.67064E+00
  3.16600E+01  2.63770E+00
  3.19093E+01  2.72054E+00
  3.21586E+01  2.71941E+00
  3.24079E+01  2.65193E+00
  3.26572E+01  2.58978E+00
  3.29065E+01  2.38479E+00
  3.31557E+01  2.46561E+00
  3.34050E+01  2.68131E+00
  3.36543E+01  2.64605E+00
  3.39036E+01  2.64152E+00
  3.41529E+01  2.71740E+00
  3.44022E+01  2.72659E+00
  3.46515E+01  2.60113E+00
  3.49008E+01  2.52642E+00
  3.51501E+01  2.61594E+00
  3.53994E+01  2.85772E+00
  3.56487E+01  3.03994E+00
  3.58979E+01  2.90959E+00
  3.61472E+01  2.67365E+00
  3.63965E+01  2.61397E+00
  3.66458E+01  2.57591E+00
  3.68951E+01  2.46107E+00
  3.71444E+01  2.19289E+00
  3.73937E+01  1.95053E+00
  3.76430E+01  1.83722E+00
  3.78923E+01  1.75095E+00
  3.81416E+01  1.52128E+00
  3.83909E+01  1.29106E+00
  3.86402E+01  1.08929E+00
  3.88894E+01  8.95901E-01
  3.91387E+01  7.61739E-01
  3.93880E+01  7.17255E-01
  3.96373E+01  7.01003E-01
  3.98866E+01  5.85319E-01
  4.01359E+01  5.21226E-01
  4.03852E+01  5.76479E-01
  4.06345E+01  6.35227E-01
  4.08838E+01  5.91188E-01
  4.11331E+01  4.51972E-01
  4.13824E+01  3.81639E-01
  4.16316E+01  4.04899E-01
  4.18809E+01  3.72172E-01
  4.21302E+01  3.22959E-01
  4.23795E+01  2.76517E-01
  4.26288E+01  2.02021E-01
  4.28781E+01  1.44623E-01
  4.31274E+01  1.32342E-01
  4.33767E+01  1.28772E-01
  4.36260E+01  1.11848E-01
  4.38753E+01  9.92760E-02
  4.41246E+01  7.19057E-02
  4.43739E+01  9.15820E-02
  4.46231E+01  1.23209E-01
  4.48724E+01  9.78126E-02
  4.51217E+01  9.04419E-02
  4.53710E+01  1.08237E-01
  4.56203E+01  1.08812E-01
  4.58696E+01  7.48622E-02
  4.61189E+01  1.72423E-02
  4.63682E+01  5.07089E-03
  4.66175E+01  1.60778E-02
  4.68668E+01  2.41983E-02
  4.71161E+01  1.98241E-02
  4.73653E+01  2.21018E-02
  4.76146E+01  5.03720E-02
  4.78639E+01  4.18356E-02
  4.81132E+01 -1.74705E-03
  4.83625E+01 -2.79812E-02
  4.86118E+01 -1.66118E-02
  4.88611E+01 -4.49178E-03
  4.91104E+01 -2.93440E-02
  4.93597E+01 -2.96038E-02
  4.96090E+01 -7.15863E-03
  4.98583E+01 -6.11892E-03
  5.01076E+01 -2.13980E-02
  5.03568E+01 -3.87614E-02
  5.06061E+01 -1.75706E-02
  5.08554E+01 -2.34132E-04
  5.11047E+01  6.82915E-03
  5.13540E+01  3.83022E-02
  5.16033E+01  5.35201E-02
  5.18526E+01  1.18661E-02
  5.21019E+01 -3.73983E-02
  5.23512E+01 -2.63665E-02
  5.26005E+01  1.18256E-02
  5.28498E+01  4.47990E-02
  5.30990E+01  3.98722E-02
  5.33483E+01  3.32079E-02
  5.35976E+01  4.43659E-02
  5.38469E+01  3.53611E-02
  5.40962E+01  1.56697E-02
  5.43455E+01  9.99680E-03
  5.45948E+01  2.00539E-02
  5.48441E+01  3.34407E-02
  5.50934E+01  8.91790E-03
  5.53427E+01 -4.38407E-02
  5.55920E+01 -7.63614E-02
  5.58413E+01 -7.63655E-02
  5.60905E+01 -5.03302E-02
  5.63398E+01 -3.22928E-02
  5.65891E+01 -6.86852E-02
  5.68384E+01 -5.80100E-02
  5.70877E+01 -1.64992E-02
  5.73370E+01 -1.50700E-02
  5.75863E+01 -2.20056E-02
  5.78356E+01 -8.26796E-03
  5.80849E+01 -6.06831E-03
  5.83342E+01 -1.48206E-02
  5.85835E+01 -1.54992E-02
  5.88327E+01  4.75530E-03
  5.90820E+01  2.09024E-02
  5.93313E+01  2.14412E-02
  5.95806E+01  2.28349E-02
  5.98299E+01  3.62107E-02
  6.00792E+01  2.98266E-02
  6.03285E+01  1.48940E-02
  6.05778E+01 -1.51858E-02
  6.08271E+01 -5.35269E-02
  6.10764E+01 -5.59202E-02
  6.13257E+01 -5.34974E-02
  6.15750E+01 -3.73941E-02
  6.18242E+01  1.06463E-02
  6.20735E+01  7.01918E-02
  6.23228E+01  9.36819E-02
  6.25721E+01  7.27051E-02
  6.28214E+01  2.16611E-02
  6.30707E+01 -5.45277E-03
  6.33200E+01  1.07615E-02
  6.35693E+01  2.75822E-02
  6.38186E+01  1.74172E-02
  6.40679E+01  5.62464E-03
  6.43172E+01  3.97899E-02
  6.45664E+01  5.54587E-02
  6.48157E+01  2.76744E-02
  6.50650E+01 -5.81694E-03
  6.53143E+01 -1.01107E-02
  6.55636E+01 -2.80614E-03
  6.58129E+01 -2.02324E-02
  6.60622E+01 -1.74012E-02
  6.63115E+01  1.98843E-02
  6.65608E+01  4.41231E-02
  6.68101E+01  2.85128E-02
  6.70594E+01  1.27739E-03
  6.73087E+01 -9.22309E-03
  6.75579E+01  1.52681E-03
  6.78072E+01 -6.96528E-03
  6.80565E+01 -3.14336E-02
  6.83058E+01 -2.96176E-02
  6.85551E+01 -2.15237E-02
  6.88044E+01 -1.98253E-02
  6.90537E+01 -4.88314E-03
  6.93030E+01  1.88843E-02
  6.95523E+01  2.32464E-02
  6.98016E+01  1.57330E-03
  7.00509E+01 -1.08009E-02
  7.03001E+01 -2.17097E-02
  7.05494E+01 -3.57090E-02
  7.07987E+01 -3.71741E-02
  7.10480E+01 -1.45984E-02
  7.12973E+01  2.58421E-02
  7.15466E+01  4.17468E-02
  7.17959E+01  1.18191E-02
  7.20452E+01 -2.43464E-02
  7.22945E+01 -2.47257E-02
  7.25438E+01 -1.66069E-02
  7.27931E+01 -4.59071E-03
  7.30424E+01  2.91213E-03
  7.32916E+01 -6.30954E-03
  7.35409E+01 -1.29177E-02
  7.37902E+01 -2.41530E-02
  7.40395E+01 -3.59251E-02
  7.42888E+01 -3.14471E-02
  7.45381E+01 -1.84852E-02
  7.47874E+01 -5.62861E-03
  7.50367E+01  3.74336E-03
  7.52860E+01  1.63522E-02
  7.55353E+01  1.83397E-02
  7.57846E+01  3.22454E-03
  7.60338E+01  5.25891E-03
  7.62831E+01  2.06012E-02
  7.65324E+01  2.28094E-02
  7.67817E+01  2.52366E-02
  7.70310E+01  1.92602E-02
  7.72803E+01  1.09639E-02
  7.75296E+01  1.98418E-02
  7.77789E+01  2.10272E-02
  7.80282E+01  8.31616E-03
  7.82775E+01  9.09952E-03
  7.85268E+01  6.30542E-03
  7.87761E+01 -2.12090E-03
  7.90253E+01  1.72935E-03
  7.92746E+01  2.01755E-02
  7.95239E+01  2.71668E-02
  7.97732E+01  1.91077E-02
  8.00225E+01  5.48260E-03
  8.02718E+01 -1.25666E-02
  8.05211E+01 -2.62038E-02
  8.07704E+01 -2.81545E-02
  8.10197E+01 -1.61086E-02
  8.12690E+01 -7.48679E-05
  8.15183E+01 -3.53655E-04
  8.17675E+01 -2.74661E-03
  8.20168E+01 -7.18247E-03
  8.22661E+01 -1.65851E-02
  8.25154E+01 -2.24647E-02
  8.27647E+01 -2.18912E-02
  8.30140E+01 -3.04844E-02
  8.32633E+01 -3.46551E-02
  8.35126E+01 -2.73760E-02
  8.37619E+01 -2.14296E-02
  8.40112E+01 -1.52539E-02
  8.42605E+01 -2.03829E-02
  8.45098E+01 -2.83574E-02
  8.47590E+01 -3.70154E-02
  8.50083E+01 -3.39575E-02
  8.52576E+01 -1.41926E-02
  8.55069E+01  1.76472E-02
  8.57562E+01  2.34227E-02
  8.60055E+01  8.49387E-03
  8.62548E+01  3.93361E-03
  8.65041E+01 -5.15907E-03
  8.67534E+01 -1.23755E-02
  8.70027E+01  1.22742E-02
  8.72520E+01  3.71610E-02
  8.75012E+01  3.62401E-02
  8.77505E+01  5.17541E-03
  8.79998E+01 -1.76954E-02
  8.82491E+01 -1.57890E-02
  8.84984E+01 -2.28106E-03
  8.87477E+01  1.75746E-02
  8.89970E+01  2.43763E-02
  8.92463E+01  1.07240E-02
  8.94956E+01 -1.15592E-02
  8.97449E+01 -1.09463E-02
  8.99942E+01 -9.07884E-03
  9.02435E+01 -1.70831E-02
  9.04927E+01 -1.28051E-02
  9.07420E+01 -2.04843E-02
  9.09913E+01 -3.24076E-02
  9.12406E+01 -2.34727E-02
  9.14899E+01  1.90738E-03
  9.17392E+01  1.09726E-02
  9.19885E+01 -7.21571E-03
  9.22378E+01 -2.32412E-02
  9.24871E+01 -2.03976E-02
  9.27364E+01 -1.33226E-02
  9.29857E+01 -1.88714E-02
  9.32350E+01 -3.35082E-02
  9.34842E+01 -3.91455E-02
  9.37335E+01 -3.55464E-02
  9.39828E+01 -2.96270E-02
  9.42321E+01 -2.02283E-02
  9.44814E+01  8.25621E-04
  9.47307E+01  1.56192E-02
  9.49800E+01 -1.16139E-03
  9.52293E+01 -9.14459E-03
  9.54786E+01 -3.90860E-03
  9.57279E+01  9.87333E-03
  9.59772E+01  2.46840E-02
  9.62264E+01  8.19782E-03
  9.64757E+01 -1.00988E-02
  9.67250E+01 -1.19209E-02
  9.69743E+01 -1.00079E-02
  9.72236E+01 -6.71758E-03
  9.74729E+01 -4.38234E-03
  9.77222E+01 -1.25006E-02
  9.79715E+01 -2.74102E-02
  9.82208E+01 -3.43128E-02
  9.84701E+01 -3.60144E-02
  9.87194E+01 -3.48074E-02
  9.89687E+01 -3.36554E-02
  9.92179E+01 -3.22378E-02
  9.94672E+01 -2.32738E-02
  9.97165E+01 -1.66836E-02
  9.99658E+01 -2.32056E-02
  1.00215E+02 -3.82166E-02
  1.00464E+02 -3.42086E-02
